4064 2704
2401.722846 1654.241600
3314.356095 1538.730720
2469.708702 2293.096496
3415.836361 2219.520774
2467.356589 1708.767540
2543.797942 1699.416460
2552.393972 1775.455257
2475.636128 1784.398135
2602.942293 1692.181325
2680.972145 1682.635924
2690.143921 1759.406329
2611.785334 1768.535707
2741.351965 1675.249653
2821.020351 1665.503810
2830.790275 1743.019948
2750.780343 1752.341720
2882.674762 1657.961619
2964.033839 1648.008954
2974.425357 1726.285357
2892.711325 1735.805670
3027.003629 1640.305852
3110.107793 1630.139710
3121.145456 1709.191338
3037.672294 1718.916603
3174.435512 1622.270492
3259.341517 1611.883931
3271.051042 1691.726186
3185.761328 1701.663093
2482.442011 1846.567412
2559.460275 1837.962388
2568.166761 1914.978259
2490.827319 1923.164158
2619.054898 1831.304057
2697.684011 1822.519057
2706.974877 1900.286282
2628.012083 1908.644003
2758.531611 1815.720734
2838.822644 1806.750054
2848.720769 1885.283360
2768.082971 1893.818370
2900.963158 1799.807277
2982.969362 1790.644965
2993.498699 1869.959516
2911.132028 1878.677516
3046.444440 1783.553082
3130.221369 1774.192932
3141.407004 1854.304340
3057.255259 1863.211280
3195.074469 1766.947086
3280.680099 1757.382621
3292.548322 1838.306971
3206.552837 1847.409059
2497.720423 1986.130166
2575.324157 1978.291174
2584.143242 2056.303072
2506.213538 2063.711694
2635.375785 1972.225174
2714.613190 1964.221160
2724.025481 2043.004745
2644.449338 2050.569891
2775.935675 1958.026787
2856.858886 1949.852485
2866.887752 2029.423113
2785.612437 2037.149796
2919.493002 1943.525620
3002.156397 1935.175536
3012.826311 2015.549024
2929.796814 2023.442473
3066.144680 1928.711883
3150.604999 1920.180286
3161.941603 2001.372929
3077.100514 2009.438603
3215.991845 1913.575359
3302.308324 1904.856266
3314.338494 1986.884859
3227.625868 1995.128456
2513.195550 2127.489848
2591.393502 2120.437453
2600.327385 2199.464827
2521.798565 2206.075273
2651.909018 2114.979775
2731.763948 2107.777944
2741.300059 2187.597945
2661.101222 2194.348971
2793.568582 2102.204004
2875.133719 2094.847935
2885.295934 2175.476574
2803.373234 2182.372712
2938.269108 2089.153980
3021.599986 2081.638665
3032.413313 2163.092440
2948.710566 2170.138420
3086.109576 2075.820775
3171.264160 2068.140987
3182.754810 2150.436903
3097.213362 2157.637662
3237.193311 2062.195072
3324.232131 2054.345352
3336.427584 2137.500944
3248.986177 2144.861639
