4064 2704
548.396965 772.980277
1505.030767 759.685493
563.828181 1445.063806
1520.462099 1415.007385
615.420681 837.988625
701.302732 836.662947
703.156832 917.075900
617.274697 918.583561
766.811996 835.651744
852.012769 834.336582
853.866970 914.430182
768.666147 915.925883
917.003396 833.333384
1001.530966 832.028614
1003.385208 911.805387
918.857622 913.289270
1066.009089 831.033328
1149.871403 829.738826
1151.725629 909.201270
1067.863331 910.673473
1213.843063 828.751357
1297.047944 827.467004
1298.902096 906.617585
1215.697263 908.078247
1360.519083 826.487261
1443.074232 825.212937
1444.928255 904.054094
1362.373186 905.503349
618.789233 984.421129
704.671436 982.764792
706.525871 1063.192270
620.643584 1065.030656
770.180793 981.501369
855.381656 979.858173
857.236191 1059.966183
772.035278 1061.789984
920.372328 978.604753
1004.899927 976.974542
1006.754502 1056.765612
922.226887 1058.575000
1069.378050 975.731007
1153.240334 974.113627
1155.094890 1053.590255
1071.232624 1055.385401
1217.211948 972.879861
1300.416740 971.275162
1302.271222 1050.439816
1219.066479 1052.220887
1363.887790 970.051050
1446.442793 968.458882
1448.297144 1047.314003
1365.742221 1049.081163
622.158394 1130.880144
708.040749 1128.893029
709.895518 1209.335037
624.013081 1211.504267
773.550197 1127.377295
858.751149 1125.405947
860.606017 1205.528372
775.405017 1207.680390
923.741865 1123.902215
1008.269492 1121.946446
1010.124399 1201.751817
925.596758 1203.886827
1072.747614 1120.454575
1156.609866 1118.514201
1158.464753 1198.005017
1074.602519 1200.123220
1220.581433 1117.034050
1303.786135 1115.108890
1305.640947 1194.287621
1222.436294 1196.389215
1367.257094 1113.640322
1449.811951 1111.730198
1451.666631 1190.599285
1369.111855 1192.684465
625.528165 1277.365678
711.410670 1275.047666
713.265775 1355.504208
627.383188 1358.004401
776.920209 1273.279530
862.121248 1270.979911
863.976450 1351.116754
778.775363 1353.597108
927.112008 1269.225778
1011.639661 1266.944334
1013.494901 1346.764009
928.967234 1349.224758
1076.117780 1265.204037
1159.979999 1262.940553
1161.835218 1342.445561
1077.973018 1344.886938
1223.951518 1261.213929
1307.156130 1258.968195
1309.011271 1338.161007
1225.806710 1340.583239
1370.626997 1257.255084
1453.181706 1255.026891
1455.036714 1333.909949
1372.482087 1336.313260
