4064 2704
1730.398366 337.557317
2260.464566 345.619047
1738.607645 721.441176
2260.222622 712.615568
1773.061839 380.743096
1815.397830 381.256735
1816.121742 421.723875
1773.861624 421.358421
1857.147921 381.763267
1898.876247 382.269534
1899.452106 422.444495
1857.797529 422.084277
1940.029225 382.768821
1981.162874 383.267873
1981.594817 423.154843
1940.532858 422.799750
2021.731458 383.760070
2062.283054 384.252060
2062.575084 423.855140
2022.093186 423.505063
2102.279603 384.737317
2142.261413 385.222394
2142.417410 424.545595
2102.503367 424.200429
2181.697943 385.700856
2221.121892 386.179166
2221.145612 425.226417
2181.787560 424.886058
1774.699133 463.889483
1816.879808 464.100309
1817.598624 504.282607
1775.493269 504.217888
1858.477795 464.308221
1900.055151 464.516031
1900.626986 504.410227
1859.122847 504.346433
1941.060273 464.720980
1982.047162 464.925839
1982.476107 504.536035
1941.560399 504.473145
2022.472004 465.127888
2062.880915 465.329857
2063.170933 504.660069
2022.831230 504.598064
2102.737708 465.529067
2142.580782 465.728209
2142.735711 504.782366
2102.959935 504.721228
2181.881416 465.924639
2221.170455 466.121011
2221.194014 504.902962
2181.970422 504.842673
1776.324872 546.449027
1818.351364 546.361284
1819.065138 586.261737
1777.113417 586.493540
1859.798350 546.274751
1901.225823 546.188258
1901.793676 585.804624
1860.438894 586.033128
1942.084148 546.102954
1982.925318 546.017686
1983.351297 585.353980
1942.580803 585.579256
2023.207434 545.933585
2063.474661 545.849515
2063.762687 584.909669
2023.564185 585.131785
2103.192671 545.766591
2142.897968 545.683695
2143.051840 584.471560
2103.413377 584.690581
2182.063640 545.601924
2221.218688 545.520176
2221.242088 584.039522
2182.152041 584.255513
1777.939177 628.427916
1819.812608 628.045785
1820.521393 667.667349
1778.722190 668.191526
1861.109684 627.668913
1902.388350 627.292209
1902.952262 666.633636
1861.745766 667.150380
1943.100924 626.920672
1983.797408 626.549281
1984.220451 665.614503
1943.594144 666.123972
2023.937800 626.182965
2064.064333 625.816776
2064.350388 664.609645
2024.292102 665.111990
2103.644523 625.455572
2143.212993 625.094476
2143.365820 663.618763
2103.863724 664.114133
2182.244626 624.738278
2221.266596 624.382169
2221.289838 662.641567
2182.332429 663.130107
