4064 2704
2759.357654 1648.265495
4013.740220 1749.854016
2700.739357 2394.847828
3913.810650 2562.556180
2820.028993 1715.242431
2939.218095 1725.415082
2929.937973 1833.610301
2811.274675 1822.526654
3004.448944 1730.982458
3126.951364 1741.437896
3116.827118 1851.066527
2994.877728 1839.675945
3194.008219 1747.161120
3319.964064 1757.911304
3308.951632 1869.011758
3183.577733 1857.301313
3388.924685 1763.797012
3518.482074 1774.854583
3506.534628 1887.466834
3377.589921 1875.422861
3589.428700 1780.909794
3722.744342 1792.288128
3709.812083 1906.453796
3577.141813 1894.061840
3795.764018 1798.520272
3933.003850 1810.233531
3919.033772 1925.995975
3782.474111 1913.240733
2806.189361 1884.847210
2924.547506 1896.456758
2915.377221 2003.371406
2797.537755 1990.872703
2989.318335 1902.810017
3110.946816 1914.740347
3100.944042 2023.053645
2979.860941 2010.210905
3177.519741 1921.270371
3302.556001 1933.534964
3291.677534 2043.283890
3167.215006 2030.082709
3371.007291 1940.249234
3499.596581 1952.862337
3487.796525 2064.085351
3359.811089 2050.510511
3570.006869 1959.768761
3702.302814 1972.745444
3689.532376 2085.482567
3557.872312 2071.517975
3774.757417 1979.852392
3910.922629 1993.208604
3897.129894 2107.501504
3761.634644 2093.130131
2792.511931 2052.464212
2910.050366 2065.476223
2900.987980 2171.132901
2783.961239 2157.252998
2974.367465 2072.596403
3095.134081 2085.965788
3085.250605 2192.987285
2965.021876 2178.727612
3161.229830 2093.282872
3285.359469 2107.024558
3274.612538 2215.446470
3151.048584 2200.791224
3353.308683 2114.546829
3480.943804 2128.676587
3469.288427 2238.535915
3342.248517 2223.468404
3550.825552 2136.412798
3682.116776 2150.947302
3669.505140 2262.282526
3538.840509 2246.785107
3754.014691 2158.906711
3889.121392 2173.863605
3875.502644 2286.714765
3741.055918 2270.768773
2778.993866 2218.128179
2895.723617 2232.509130
2886.767237 2336.929909
2770.542333 2321.701770
2959.593151 2240.377772
3079.509731 2255.151336
3069.743431 2360.904004
2950.357395 2345.261684
3145.134919 2263.236273
3268.370637 2278.418750
3257.752869 2385.537570
3135.074957 2369.463939
3335.824877 2286.729024
3462.519470 2302.337630
3451.006126 2410.858197
3324.898284 2394.335166
3531.880308 2310.882793
3662.181468 2326.935724
3649.725690 2436.895036
3520.042034 2419.903491
3733.530897 2335.725879
3867.594847 2352.242381
3854.146815 2463.678911
3720.733070 2446.198638
