4064.000000 2704.000000
2453.663794 1659.981362
2994.803325 1714.745915
2440.062183 1977.289633
2948.153101 2056.820760
2481.527084 1690.086605
2532.083436 1695.419822
2529.412548 1741.489184
2479.271211 1735.806861
2560.884444 1698.458056
2612.823616 1703.937147
2609.476030 1750.562468
2557.974131 1744.725957
2642.417804 1707.059054
2695.797315 1712.690088
2691.736500 1759.884727
2638.817901 1753.887668
2726.217906 1715.899172
2781.098513 1721.688557
2776.285646 1769.466353
2721.891077 1763.302028
2812.380611 1724.988523
2868.826535 1730.943034
2863.220329 1779.318323
2807.287168 1772.979636
2901.007263 1734.337796
2959.086441 1740.464600
2952.642956 1789.452242
2895.104986 1782.931688
2477.918478 1763.222976
2527.811123 1769.111685
2525.206444 1814.039025
2475.718060 1807.819330
2556.229258 1772.465809
2607.469210 1778.513538
2604.205715 1823.967646
2553.391432 1817.581312
2636.659958 1781.958852
2689.302539 1788.172129
2685.345108 1834.165236
2633.150920 1827.605476
2719.297841 1791.712403
2773.401442 1798.098121
2768.712784 1844.642878
2715.081708 1837.902529
2804.235026 1801.737335
2859.861325 1808.302774
2854.401812 1855.412266
2799.273685 1848.483769
2891.568830 1812.045135
2948.783026 1818.797989
2942.510516 1866.485759
2885.821769 1859.361123
2474.398377 1834.565620
2523.644473 1840.981010
2521.103571 1884.808273
2472.251392 1878.079011
2551.689749 1844.634526
2602.248990 1851.220982
2599.066456 1895.547460
2548.921736 1888.640154
2631.047102 1854.972572
2682.972721 1861.737029
2679.114776 1906.573911
2627.625531 1899.481400
2712.554393 1865.590694
2765.902538 1872.540467
2761.333342 1917.899308
2708.444762 1910.614041
2796.300191 1876.500432
2851.130128 1883.643240
2845.811625 1929.535974
2791.465878 1922.049987
2882.377996 1887.713965
2938.752332 1895.057965
2932.644082 1941.496923
2876.780108 1933.801803
2470.963563 1904.179727
2519.579612 1911.094584
2517.100174 1953.861684
2468.868089 1946.649128
2547.261659 1915.031913
2597.157975 1922.128867
2594.053425 1965.369162
2544.560915 1957.968124
2625.573829 1926.170569
2676.801656 1933.456909
2673.039493 1977.180625
2622.236495 1969.583618
2705.980887 1937.607189
2758.594244 1945.090599
2754.140003 1989.308278
2701.973771 1981.507415
2788.568031 1949.353892
2842.623900 1957.042476
2837.441014 2001.764991
2783.855930 1993.751955
2873.425145 1961.423461
2928.983674 1969.325775
2923.033315 2014.564340
2867.970696 2006.330355
