4064 2704
3155.913076 2073.362604
3561.347329 2186.552787
3077.338988 2368.381622
3499.611699 2498.434056
3176.732856 2111.873019
3209.092140 2120.991568
3200.875908 2153.135888
3168.373742 2143.874709
3238.021898 2129.143708
3270.746086 2138.365083
3262.804845 2170.781943
3229.934250 2161.415783
3300.002997 2146.609411
3333.098296 2155.935362
3325.438839 2188.628897
3292.193515 2179.155961
3362.687942 2164.273452
3396.160701 2173.705768
3388.790000 2206.680200
3355.163501 2197.098653
3426.088789 2182.139228
3459.945503 2191.679739
3452.870715 2224.939383
3418.856449 2215.247346
3490.217873 2200.210214
3524.465187 2209.860792
3517.693661 2243.410058
3483.284881 2233.605607
3160.406646 2174.375614
3193.044759 2183.773653
3184.660828 2216.574066
3151.877428 2207.028520
3222.225452 2192.176138
3255.235367 2201.681235
3247.131110 2234.763544
3213.972284 2225.108685
3284.749425 2210.179712
3318.137532 2219.793709
3310.319937 2253.162240
3276.779197 2243.396180
3347.990701 2228.389831
3381.763537 2238.114609
3374.239776 2271.773786
3340.310487 2261.894592
3411.961694 2246.810070
3446.125947 2256.647556
3438.903387 2290.601896
3404.578757 2280.607590
3476.675109 2265.444087
3511.237622 2275.396250
3504.323828 2309.650372
3469.596908 2299.538931
3143.747377 2238.153276
3176.669019 2247.840380
3168.112200 2281.317181
3135.042810 2271.477481
3206.104907 2256.501811
3239.405446 2266.300404
3231.133100 2300.068864
3197.681086 2290.115316
3269.181090 2275.061807
3302.867103 2284.973825
3294.886420 2319.038476
3261.045102 2308.969092
3332.988420 2293.836941
3367.066640 2303.864366
3359.385003 2338.229840
3325.147544 2328.042585
3397.539684 2312.830976
3432.017001 2322.975834
3424.641992 2357.646864
3390.001396 2347.339657
3462.847968 2332.047763
3497.731435 2342.312128
3490.670843 2377.293555
3455.619949 2366.864264
3126.744752 2303.245424
3159.954735 2313.231587
3151.219625 2347.405915
3117.859373 2337.261845
3189.650188 2322.160940
3223.246365 2332.263230
3214.800647 2366.739412
3181.050365 2356.476743
3253.288148 2341.296723
3287.277294 2351.517179
3279.128367 2386.299962
3244.981174 2375.916602
3317.671503 2360.656646
3352.060554 2370.997352
3344.216017 2406.091590
3309.664870 2395.585397
3382.813425 2380.244667
3417.609480 2390.707759
3410.077143 2426.118413
3375.114832 2415.487194
3448.727400 2400.064844
3483.937729 2410.652506
3476.725614 2446.384649
3441.344755 2435.626160
