4064 2704
2548.047780 1240.327538
2882.580862 1311.070162
2501.478297 1472.799112
2836.010491 1551.947874
2566.622790 1269.303985
2593.773782 1275.106853
2588.498092 1301.586920
2561.347449 1295.705987
2617.155288 1280.104084
2644.594155 1285.968478
2639.318033 1312.594712
2611.879364 1306.651392
2668.224227 1291.018834
2695.955570 1296.945738
2690.679308 1323.719759
2662.948004 1317.713053
2719.838194 1302.050071
2747.866716 1308.040490
2742.590611 1334.963944
2714.561966 1328.892833
2772.005961 1313.199669
2800.336464 1319.254629
2795.060826 1346.329192
2766.730032 1340.192634
2824.736489 1324.469544
2853.373881 1330.590094
2848.099029 1357.817468
2819.461174 1351.614399
2556.540604 1319.763268
2583.690914 1325.715402
2578.404354 1352.250030
2551.254424 1346.219516
2607.071960 1330.841205
2634.510436 1336.856513
2629.223386 1363.537900
2601.785138 1357.443345
2658.140301 1342.036864
2685.871555 1348.116357
2680.584304 1374.946133
2652.853122 1368.786512
2709.754233 1353.352132
2737.782975 1359.496844
2732.495824 1386.476664
2704.466991 1380.250930
2761.922545 1364.788936
2790.253589 1370.999922
2784.966846 1398.131472
2756.635543 1391.838553
2814.654218 1376.349246
2843.292480 1382.627582
2838.006465 1409.912576
2809.367770 1403.551380
2546.437697 1370.326250
2573.587266 1376.428254
2568.289802 1403.017611
2541.140645 1396.836911
2596.967800 1381.683147
2624.405825 1387.849982
2619.107812 1414.586693
2591.670047 1408.340290
2648.035432 1393.160856
2675.766535 1399.393562
2670.468263 1426.279266
2642.737263 1419.966106
2699.649216 1404.761315
2727.678118 1411.060953
2722.379886 1438.097317
2694.350925 1431.716324
2751.817961 1416.486505
2780.149485 1422.854158
2774.851603 1450.042878
2746.519851 1443.592952
2804.550666 1428.338447
2833.189739 1434.775224
2827.892526 1462.118022
2799.253052 1455.598041
2536.314007 1420.993252
2563.462773 1427.245729
2558.154371 1453.889985
2531.006049 1447.558494
2586.842743 1432.630236
2614.280256 1438.949213
2608.971246 1465.741421
2581.534025 1459.342553
2637.909553 1444.391141
2665.640445 1450.777684
2660.331116 1477.719493
2632.600359 1471.252167
2689.523077 1456.277957
2717.552078 1462.733156
2712.242731 1489.826242
2684.213702 1483.289354
2741.692142 1468.292716
2770.024086 1474.817684
2764.715029 1502.063752
2736.382890 1495.456173
2794.425766 1480.437495
2823.065590 1487.033369
2817.757143 1514.434155
2789.116950 1507.754732
