4064 2704
480.870525 2032.221661
1109.967757 1690.927387
667.418349 2493.200070
1238.123910 2093.715207
540.667361 2051.368309
609.503619 2013.139256
633.272957 2074.420421
565.381938 2113.519677
651.756429 1989.673644
716.575506 1953.675582
738.910878 2013.582269
674.954613 2050.415453
756.398076 1931.559634
817.541643 1897.602810
838.565339 1956.190063
778.211404 1990.948622
855.137768 1876.723345
912.909819 1844.638934
932.730705 1901.959094
875.683098 1934.813499
948.461130 1824.895081
1003.133036 1794.532373
1021.848339 1850.635174
967.842620 1881.737719
1036.801932 1775.833943
1088.616702 1747.057980
1106.313523 1801.990657
1055.112720 1831.477816
581.980725 2155.261734
649.240493 2115.587289
672.448523 2175.421314
606.100899 2215.918319
690.540616 2091.225632
753.920369 2053.839887
775.743457 2112.372554
713.197191 2150.549301
792.871988 2030.863539
852.698041 1995.574012
873.253010 2052.855052
814.190517 2088.905386
889.495926 1973.868084
946.059000 1940.503287
965.449987 1996.580219
909.588100 2030.676980
980.876966 1919.965252
1034.436914 1888.371905
1052.757038 1943.290080
999.842468 1975.587870
1067.430561 1868.909979
1118.220361 1838.950657
1135.553142 1892.753317
1085.358637 1923.390843
622.302862 2256.662457
688.041205 2215.621748
710.707579 2274.059293
645.849822 2315.877543
728.421421 2190.412218
790.410654 2151.712093
811.738882 2208.917474
750.555136 2248.366837
828.520427 2127.920010
887.072368 2091.365800
907.174113 2147.383828
849.360803 2184.660038
923.097940 2068.874892
978.490763 2034.292933
997.465686 2089.166650
942.751788 2124.444457
1012.598551 2012.999305
1065.081200 1980.234178
1083.018531 2034.004856
1031.161317 2067.440763
1097.420363 1960.044710
1147.216299 1928.956909
1164.196158 1981.664065
1114.977601 2013.398649
661.669023 2355.659125
725.938453 2313.326930
748.081914 2370.416322
684.662963 2413.483494
765.430044 2287.315096
826.075364 2247.369985
846.925375 2303.292721
787.058792 2343.947516
863.371102 2222.804489
920.690435 2185.050097
940.353781 2239.846430
883.749234 2278.286009
955.968501 2161.813577
1010.228147 2126.074502
1028.800257 2179.783318
975.198210 2216.183929
1043.647952 2104.061957
1095.086523 2070.181034
1112.652934 2122.839808
1061.820675 2157.359484
1126.791118 2049.298243
1175.623041 2017.134234
1192.260649 2068.779009
1143.988905 2101.559865
