4064.000000 2704.000000
2097.809864 2022.991431
2601.471447 2068.717037
2034.352919 2367.434868
2583.888049 2429.247951
2127.084159 2060.568233
2168.254716 2064.386072
2162.228178 2101.383076
2120.664863 2097.431332
2203.912849 2067.692732
2245.480822 2071.547424
2240.196736 2108.796146
2198.228200 2104.805875
2281.483992 2074.886079
2323.455163 2078.778161
2318.928310 2116.281763
2276.548597 2112.252397
2359.808403 2082.149279
2402.188667 2086.079297
2398.434155 2123.840995
2355.637193 2119.771959
2438.897108 2089.483353
2481.692475 2093.451865
2478.725749 2131.474934
2435.505346 2127.365638
2518.761347 2096.889345
2561.977947 2100.896918
2559.814799 2139.184694
2516.164639 2135.034537
2114.673783 2131.835379
2156.603379 2135.913802
2150.341657 2174.354603
2108.004642 2170.133225
2192.922271 2139.446482
2235.264439 2143.565035
2229.773115 2182.274627
2187.015269 2178.011289
2271.941577 2147.132560
2314.702436 2151.291839
2309.997153 2190.273678
2266.812171 2185.967751
2351.743147 2154.894728
2394.928940 2159.095340
2391.025695 2198.352945
2347.407143 2194.003787
2432.338656 2162.734121
2475.955747 2166.976684
2472.870901 2206.513641
2428.812218 2202.120598
2513.740011 2170.651898
2557.794894 2174.937044
2555.545182 2214.757004
2511.039672 2210.319408
2101.778093 2205.889462
2144.495190 2210.246150
2137.984245 2250.216943
2094.844231 2245.707479
2181.499752 2214.020221
2224.645462 2218.420623
2218.934465 2258.678742
2175.357092 2254.123560
2262.022251 2222.232656
2305.603057 2226.677433
2300.708582 2267.226663
2256.687166 2262.625065
2343.357719 2230.528006
2387.380234 2235.017833
2383.319240 2275.862029
2338.846958 2271.213302
2425.518528 2238.907532
2469.989504 2243.443097
2466.779340 2284.586188
2421.849230 2279.889603
2508.517307 2247.372521
2553.443630 2251.954527
2551.102052 2293.400516
2505.707007 2288.655332
2088.368054 2282.897219
2131.902743 2287.551369
2125.127392 2329.145350
2081.153391 2324.327748
2169.619320 2291.583524
2213.599615 2296.285311
2207.655495 2338.186773
2163.226613 2333.319336
2251.703236 2300.358844
2296.136014 2305.109005
2291.040704 2347.322096
2246.149847 2342.404048
2334.632667 2309.224555
2379.524946 2314.023840
2375.296442 2356.552791
2329.936367 2351.583337
2418.420744 2318.182061
2463.779690 2323.031236
2460.436414 2365.880359
2414.599725 2360.858689
2503.080872 2327.232795
2548.913800 2332.132642
2546.474611 2375.306332
2500.153757 2370.231619
