4064 2704
2076.912265 1416.400348
2207.953913 2041.112698
1692.493952 1495.509984
1823.530673 2145.956799
2039.586383 1484.034349
2047.257672 1520.763176
2017.302993 1527.204465
2009.631341 1490.353874
2059.236817 1578.117283
2066.939552 1614.996670
2036.985984 1621.751220
2029.282783 1584.749088
2078.967852 1672.586127
2086.702228 1709.617002
2056.750033 1716.687336
2049.015089 1679.532727
2098.779987 1767.443260
2106.546198 1804.626559
2076.595642 1812.015224
2068.828759 1774.707193
2118.673722 1862.691082
2126.471965 1900.027747
2096.523317 1907.737315
2088.724296 1870.274910
2138.649562 1958.332010
2146.480037 1995.822993
2116.533569 2003.856058
2108.702209 1966.238318
1960.326677 1500.755532
1967.998597 1537.806612
1937.537326 1544.356836
1929.865447 1507.181846
1979.978933 1595.664931
1987.682567 1632.869173
1957.221374 1639.738192
1949.517679 1602.409034
1999.712479 1690.966914
2007.448024 1728.325269
1976.987171 1735.515674
1969.251461 1698.031387
2019.527820 1786.663922
2027.295475 1824.177350
1996.835227 1831.691754
1989.067303 1794.051370
2039.425465 1882.758415
2047.225431 1920.427884
2016.766058 1928.268926
2008.965718 1890.471467
2059.405930 1979.252876
2067.238408 2017.079361
2036.780182 2025.249704
2028.947223 1987.294185
1879.724083 1517.760019
1887.395554 1555.139048
1856.414731 1561.800994
1848.743726 1524.295852
1899.375398 1613.510505
1907.078850 1651.045365
1876.097018 1658.031788
1868.393929 1620.369784
1919.108690 1709.660423
1926.844325 1747.352090
1895.861745 1754.665650
1888.126370 1716.845796
1938.924473 1806.212278
1946.692493 1844.061737
1915.709431 1851.705117
1907.941568 1813.726419
1958.823266 1903.168595
1966.623874 1941.176839
1935.640599 1949.152747
1927.840043 1911.014202
1978.805592 2000.531922
1986.638993 2038.699952
1955.655778 2047.011122
1947.822321 2008.711719
1797.744181 1535.055073
1805.414066 1572.767896
1773.900285 1579.544447
1766.231312 1541.703249
1817.391647 1631.661658
1825.093782 1669.533052
1793.577847 1676.639916
1785.876523 1638.639088
1837.121778 1728.674705
1844.856366 1766.705671
1813.338539 1774.145578
1805.604659 1735.984107
1856.935096 1826.096782
1864.702342 1864.288332
1833.182889 1872.064037
1825.416246 1833.740903
1876.832128 1923.930484
1884.632241 1962.283637
1853.111430 1970.397921
1845.311816 1931.912093
1896.813406 2022.178424
1904.646594 2060.694208
1873.124699 2069.149877
1865.291903 2030.500319
