4064 2704
1139.984080 2350.041528
1706.415632 1908.667073
1588.275817 2672.051104
2154.622400 2137.905352
1223.033232 2347.388399
1278.422441 2303.502735
1328.315087 2337.299191
1272.800052 2382.225971
1319.913296 2270.628936
1372.920513 2228.630560
1422.983499 2260.686667
1369.887613 2303.655697
1412.646073 2197.155430
1463.421713 2156.925163
1513.595481 2187.356900
1462.763992 2228.493417
1501.492289 2126.761300
1550.174367 2088.189793
1600.406282 2117.103323
1551.697363 2156.522103
1586.691267 2059.256930
1633.406645 2022.243666
1683.650180 2049.736343
1636.933604 2087.542774
1668.463074 1994.467956
1713.328569 1958.920381
1763.542584 1985.081633
1718.698565 2021.372655
1314.484175 2411.405525
1370.091317 2365.597721
1422.537933 2401.124195
1366.832264 2448.050027
1411.722268 2331.303161
1464.879641 2287.513417
1517.447505 2321.173436
1464.229384 2366.003785
1504.696551 2254.713220
1555.562548 2212.811054
1608.191351 2244.731837
1557.297798 2287.603995
1593.681453 2181.409632
1642.401103 2141.275576
1695.037843 2171.573325
1646.319812 2212.612849
1678.928350 2111.185322
1725.634692 2072.709779
1778.232783 2101.490841
1731.553702 2140.812775
1760.667931 2043.850253
1805.483234 2006.932502
1858.001728 2034.294375
1813.236223 2072.004335
1410.706791 2478.762898
1466.480343 2430.890060
1521.682176 2468.282873
1465.842310 2517.358646
1508.211474 2395.070435
1561.466416 2349.359428
1616.731969 2384.746819
1563.448938 2431.575476
1601.334129 2315.139256
1652.237291 2271.446882
1707.505831 2304.968736
1656.607960 2349.701157
1690.363667 2238.721375
1739.067465 2196.916810
1794.285953 2228.700617
1745.616598 2271.474470
1775.564147 2165.590138
1822.208104 2125.553624
1877.330228 2155.715807
1830.746167 2196.656965
1857.177396 2095.537977
1901.889479 2057.159673
1956.874812 2085.806757
1912.244840 2125.030533
1512.084541 2549.728949
1567.963723 2499.633230
1626.143734 2539.043412
1570.236210 2590.436049
1609.748159 2462.173459
1663.039169 2414.398038
1721.215532 2451.649266
1667.934612 2500.627413
1702.910449 2378.653413
1753.789028 2333.040738
1811.901010 2368.287216
1761.065848 2415.017116
1791.875602 2298.896103
1840.501931 2255.302570
1898.496882 2288.684511
1849.942859 2333.317488
1876.921001 2222.652853
1923.441391 2180.947298
1981.273689 2212.592457
1934.850634 2255.266555
1958.300117 2149.696429
2002.848471 2109.758804
2060.478622 2139.783825
2016.049265 2180.625230
