4064.000000 2704.000000
3402.324260 628.413762
3632.960273 2498.469802
2111.283403 755.500253
2300.798715 2625.557988
3323.492699 721.103038
3348.688253 927.987298
3145.809696 947.848488
3121.305646 740.962550
3358.903224 1011.863872
3384.339255 1220.722728
3180.482151 1240.585539
3155.744297 1031.725617
3394.651955 1305.401770
3420.331924 1516.263627
3215.486788 1536.127179
3190.511769 1325.264885
3430.743762 1601.756709
3456.671194 1814.650519
3250.828403 1834.513905
3225.612792 1621.620307
3467.183607 1900.969436
3493.362096 2115.924714
3286.511887 2135.787001
3261.052190 1920.832603
3503.976549 2203.081490
3530.409759 2420.128322
3322.542224 2439.988550
3296.834879 2222.943284
3031.567610 749.776930
3055.764884 956.663600
2853.071624 976.506651
2829.564600 769.618365
3065.575104 1040.540969
3090.003222 1249.401351
2886.333195 1269.245935
2862.601984 1060.384549
3099.907255 1334.080827
3124.569536 1544.943300
2919.913284 1564.788536
2895.954663 1353.925689
3134.568735 1630.436443
3159.468561 1843.329933
2953.816488 1863.174915
2929.627173 1650.281700
3169.564305 1929.648528
3194.705126 2144.602521
2988.047494 2164.446317
2963.624137 1949.493265
3204.898818 2231.758580
3230.284149 2448.803136
3022.611079 2468.644785
2997.950266 2251.601858
2739.908231 778.424724
2763.109035 985.313713
2560.600817 1005.138649
2538.089012 798.248106
2772.515239 1069.191841
2795.937279 1278.053658
2592.454072 1297.880039
2569.727669 1089.017281
2805.433391 1362.733531
2829.079846 1573.596530
2624.612217 1593.423475
2601.668135 1382.560166
2838.667163 1659.089698
2862.541273 1871.982777
2657.079653 1891.809381
2633.914747 1678.916639
2872.221114 1958.301013
2896.326185 2173.253632
2689.860861 2193.078961
2666.471929 1978.127347
2906.099895 2260.408938
2930.439293 2477.451127
2722.960414 2497.274222
2699.344190 2280.233724
2448.514198 807.046454
2470.720338 1013.937673
2268.396910 1033.744518
2246.878521 826.851808
2479.723260 1097.816524
2502.141054 1306.679686
2298.844410 1326.487889
2277.120988 1117.623848
2511.229990 1391.359920
2533.862477 1602.223353
2329.583211 1622.032033
2307.651811 1411.168351
2543.038667 1687.716509
2565.888947 1900.609087
2360.617514 1920.417339
2338.475136 1707.525160
2575.153652 1986.926928
2598.224884 2201.878082
2391.951601 2221.684971
2369.595185 2006.734885
2607.579392 2289.032599
2630.874796 2506.072332
2423.589837 2525.876899
2401.016264 2308.838920
