2704 4064
1540.239104 2986.960664
2430.572164 3297.655241
1414.717531 3525.636014
2270.480140 3870.908060
1580.320680 3053.488749
1660.314706 3081.753225
1642.837968 3154.465984
1563.244677 3125.770191
1711.538483 3099.852243
1793.477830 3128.804064
1775.325132 3202.231623
1693.803036 3172.840436
1845.954892 3147.345907
1929.911394 3177.010454
1911.054642 3251.166224
1827.532768 3221.054058
1983.688307 3196.011577
2069.737377 3226.415496
2050.146995 3301.313233
1964.550848 3270.453228
2124.863042 3245.893177
2213.083901 3277.064459
2192.728738 3352.718273
2104.980074 3321.082220
2269.609703 3297.036853
2360.085621 3329.004921
2338.932843 3405.429284
2248.949434 3372.987538
1551.701741 3174.630575
1631.024643 3203.615858
1613.748959 3275.492123
1534.820765 3246.086482
1681.815160 3222.175158
1763.055755 3251.861183
1745.114395 3324.433884
1664.284686 3294.319811
1815.081630 3270.871893
1898.310311 3301.284382
1879.675761 3374.566328
1796.874982 3343.717909
1951.617167 3320.763174
2036.907816 3351.929124
2017.551119 3425.933439
1932.706284 3394.323482
2091.543553 3371.893501
2178.973756 3403.841263
2158.864424 3478.581398
2071.898896 3446.181352
2234.988693 3424.309612
2324.639980 3457.068977
2303.745887 3532.558717
2214.579150 3499.338584
1523.409287 3294.390415
1602.071145 3324.078194
1584.993066 3395.132316
1506.720016 3365.034849
1652.434958 3343.086004
1732.987446 3373.487326
1715.253754 3445.220012
1635.105922 3414.401656
1784.569055 3392.954745
1867.081163 3424.095647
1848.664909 3496.519123
1766.574124 3464.953665
1919.925278 3444.039549
2004.469394 3475.947351
1985.342227 3549.074134
1901.236970 3516.734074
2058.622940 3496.385446
2145.275062 3529.088830
2125.407135 3602.931739
2039.212335 3569.788209
2200.787319 3550.039716
2289.627283 3583.568814
2268.987159 3658.140972
2180.623966 3624.163654
1495.437762 3412.791783
1573.448446 3443.164230
1556.564600 3513.410235
1478.936949 3482.638489
1623.391967 3462.609092
1703.266766 3493.707308
1685.737157 3564.614480
1606.260919 3533.109950
1754.410883 3513.619606
1836.217421 3545.469920
1818.015651 3617.049923
1736.623999 3584.786119
1888.605951 3565.866714
1972.415164 3598.496743
1953.513466 3670.761512
1870.136312 3637.710651
2026.094083 3619.395934
2111.980420 3652.834665
2092.349577 3725.796407
2006.913372 3691.929334
2166.997999 3674.255045
2255.039648 3708.532918
2234.648891 3782.204122
2147.076407 3747.490225
