4064 2704
2425.689271 1707.834779
3204.717495 2161.661180
2007.920915 2080.571188
2803.202981 2685.521377
2433.409499 1770.088828
2492.722137 1805.448395
2446.317635 1849.099534
2386.934345 1812.600027
2539.397669 1833.274279
2602.052226 1870.626149
2555.841538 1916.417604
2493.065823 1877.832967
2651.395148 1900.042213
2717.682243 1939.559642
2671.766329 1987.669933
2605.298953 1946.816244
2769.927920 1970.706200
2840.172874 2012.583129
2794.670027 2063.211796
2724.175499 2019.882848
2895.585197 2045.617501
2970.153373 2090.071743
2925.202406 2143.442573
2850.303316 2097.406393
3029.029219 2125.170914
3108.332373 2172.447940
3064.096491 2228.812812
2984.366750 2179.807507
2348.049693 1848.168132
2407.477532 1885.635102
2358.736872 1931.483786
2299.271927 1892.785549
2454.275079 1915.139158
2517.136891 1954.771116
2468.531672 2002.935379
2405.581590 1961.969107
2566.678140 1986.004970
2633.280409 2027.995142
2584.913456 2078.673611
2518.162617 2035.233905
2685.813922 2061.115505
2756.500717 2105.680814
2708.493319 2159.096165
2637.586810 2112.952057
2812.306015 2140.863911
2887.464940 2188.248726
2839.960363 2244.651490
2764.497661 2195.542331
2946.857474 2225.693438
3026.926773 2276.174055
2980.094545 2335.847163
2899.621955 2283.477699
2258.436606 1930.137948
2317.916539 1969.882088
2266.658758 2018.098542
2207.180763 1977.022082
2364.788106 2001.201392
2427.795153 2043.302329
2376.604341 2094.028729
2313.547692 2050.480793
2477.487905 2076.506732
2544.345370 2121.180495
2493.325746 2174.638408
2426.357465 2128.389036
2597.121902 2156.445462
2668.193842 2203.935312
2617.469270 2260.373922
2546.213748 2211.163712
2724.350381 2241.458779
2800.048239 2292.039641
2749.766099 2351.740239
2673.798051 2299.275484
2859.920205 2332.045734
2940.710781 2386.029520
2891.046725 2449.310911
2809.882698 2393.257729
2164.244217 2016.296488
2223.702800 2058.505754
2169.727751 2109.278251
2110.316541 2065.624569
2270.592263 2091.792282
2333.671646 2136.571930
2279.683297 2190.070487
2216.599740 2143.718468
2383.460544 2171.916749
2450.501832 2219.508929
2396.605168 2275.981381
2329.497930 2226.672874
2503.467658 2257.109029
2574.856193 2307.787291
2521.177056 2367.513292
2449.648513 2314.956136
2631.313014 2347.865626
2707.485777 2401.940180
2654.175147 2465.236540
2577.773505 2409.098768
2767.790467 2444.750092
2849.245033 2502.574165
2796.484307 2569.801299
2714.694048 2509.704123
