2704 4064
1979.404990 3358.249596
2464.219008 3465.441562
1935.657978 3692.107079
2432.144575 3834.399393
2008.799320 3401.165842
2045.178893 3409.426308
2040.660929 3445.739201
2004.193904 3437.199316
2079.194330 3417.149965
2116.566384 3425.635787
2112.224859 3462.498115
2074.759639 3453.724472
2151.516177 3433.571602
2189.921887 3442.292129
2185.768334 3479.720601
2147.263367 3470.703469
2225.845067 3450.448964
2265.327919 3459.414071
2261.374642 3497.426164
2221.786034 3488.155263
2302.265726 3467.801291
2342.871677 3477.021412
2339.131807 3515.635416
2298.413163 3506.099883
2380.867713 3485.648917
2422.645375 3495.135090
2419.132936 3534.370163
2377.235170 3524.558501
1999.660249 3472.671324
2036.213162 3481.487892
2031.635912 3518.277295
1994.994824 3509.174327
2070.393666 3489.732234
2107.950410 3498.790927
2103.551130 3536.143629
2065.900400 3526.789829
2143.076080 3507.263243
2181.678581 3516.574172
2177.469004 3554.507494
2138.766319 3544.892352
2217.789170 3525.284052
2257.481722 3534.857902
2253.474368 3573.389968
2213.675018 3563.502374
2294.619244 3543.815477
2335.448681 3553.663544
2331.656918 3592.813333
2290.713621 3582.641541
2373.657573 3562.879534
2415.673447 3573.013769
2412.111561 3612.801168
2369.974278 3602.332747
1990.401900 3545.110059
2027.129588 3554.496636
2022.491877 3591.771991
1985.675284 3582.091830
2061.476569 3563.274771
2099.219628 3572.920848
2094.761434 3610.773774
2056.923560 3600.825089
2134.522771 3581.943351
2173.323899 3591.859842
2169.057156 3630.308296
2130.154909 3620.079756
2209.623694 3601.137061
2249.528014 3611.335497
2245.465465 3650.398279
2205.453294 3639.877907
2286.867270 3620.878373
2327.922509 3631.370952
2324.077767 3671.067756
2282.907482 3660.242882
2366.346521 3641.191062
2408.603199 3651.990696
2404.990817 3692.342167
2362.611402 3681.199377
1981.021922 3618.500440
2017.925831 3628.471339
2013.226453 3666.242337
1976.232903 3655.970459
2052.440712 3637.796757
2090.371730 3648.045166
2085.853429 3686.408432
2047.826760 3675.849691
2125.853958 3657.631947
2164.855570 3668.169614
2160.530489 3707.143767
2121.426811 3696.285976
2201.346390 3678.028903
2241.464569 3688.868251
2237.345677 3728.472789
2197.118579 3717.303062
2279.007604 3699.011832
2320.290996 3710.166003
2316.392156 3750.421366
2274.992519 3738.926064
2358.932423 3720.606354
2401.432539 3732.089267
2397.768578 3773.016891
2355.144379 3761.181569
