4064 2704
1028.573671 932.327828
1455.327545 905.262646
1059.972474 1235.554723
1478.318722 1183.292907
1063.354638 961.262480
1102.127030 958.587772
1105.623871 993.548750
1066.946519 996.496773
1133.669321 956.411831
1171.342787 953.812932
1174.672599 988.285791
1137.089627 991.150400
1201.997368 951.698230
1238.617974 949.171962
1241.788678 983.170141
1205.254286 985.954827
1268.421801 947.115949
1304.033074 944.659310
1307.052130 978.195700
1271.523038 980.903761
1333.021077 942.659577
1367.664179 940.269727
1370.538618 973.356701
1335.973897 975.991256
1395.869403 938.323993
1429.583287 935.998245
1432.319742 968.647686
1398.680652 971.211689
1070.090155 1027.334051
1108.684406 1024.147606
1112.158739 1058.883548
1073.658733 1062.339753
1140.083239 1021.555235
1177.587080 1018.458817
1180.895763 1052.712919
1143.481670 1056.071640
1208.105023 1015.939174
1244.564021 1012.929021
1247.714886 1046.714463
1211.341404 1049.979767
1274.237630 1010.479088
1309.694849 1007.551645
1312.695274 1040.881073
1277.319584 1044.056803
1338.558685 1005.168569
1373.054853 1002.320473
1375.911794 1035.206028
1341.493395 1038.295821
1401.141618 1000.001554
1434.715286 997.229622
1437.435305 1029.682967
1403.935858 1032.690264
1076.782007 1092.977291
1115.199606 1089.285764
1118.651647 1123.798835
1080.327508 1127.756619
1146.456168 1086.282336
1183.791779 1082.694777
1187.079531 1116.732198
1149.832935 1120.578703
1214.174194 1079.775346
1250.472890 1076.287423
1253.604100 1109.862119
1217.390232 1113.601972
1280.017322 1073.448514
1315.321709 1070.056133
1318.303674 1103.180509
1283.080171 1106.818086
1344.062355 1067.294459
1378.412735 1063.993749
1381.252336 1096.679718
1346.979121 1100.219158
1406.381956 1061.306201
1439.816482 1058.093494
1442.520214 1090.352504
1409.159341 1093.797725
1083.430617 1158.196351
1121.673035 1154.006299
1125.102998 1188.298639
1086.953264 1192.751495
1152.788501 1150.597115
1189.957257 1146.524699
1193.224278 1180.347489
1156.143810 1184.675540
1220.205244 1143.210561
1256.344927 1139.250896
1259.456665 1172.616811
1223.401131 1176.825231
1285.761213 1136.027884
1320.913975 1132.176351
1323.877651 1165.097561
1288.805135 1169.191243
1349.532397 1129.040758
1383.738121 1125.292988
1386.560542 1157.781183
1352.431383 1161.764755
1411.590706 1122.241304
1444.887154 1118.593159
1447.574743 1150.659575
1414.351387 1154.537421
