2704 4064
632.021027 3219.375434
1057.202984 2983.668338
729.504176 3511.232144
1143.008957 3252.181285
674.200203 3231.763804
712.146022 3210.480658
723.055007 3243.381517
685.232987 3264.906393
744.177320 3192.514864
781.027174 3171.846425
791.712919 3204.307639
754.982255 3225.211413
812.139968 3154.395803
847.940662 3134.315821
858.411377 3166.348905
822.725506 3186.658077
878.173900 3117.358526
912.969611 3097.842221
923.233083 3129.458248
888.548052 3149.197833
942.360071 3081.357626
976.192528 3062.381593
986.256150 3093.591214
952.530438 3112.784842
1004.774965 3046.350204
1037.683622 3027.892314
1047.554415 3058.705782
1014.748766 3077.375793
695.257066 3295.018827
732.966753 3273.274760
743.835726 3306.054945
706.249062 3328.038888
764.799584 3254.919391
801.422090 3233.802211
812.069208 3266.146084
775.565155 3287.496822
832.343743 3215.972244
867.925416 3195.455227
878.358820 3227.374166
842.891269 3248.118668
897.974460 3178.128421
932.559049 3158.186340
942.786462 3189.691290
908.311886 3209.855014
961.771908 3141.341693
995.400744 3121.950717
1005.429498 3153.052207
971.906773 3172.659205
1023.811841 3105.568380
1056.524002 3086.705973
1066.361063 3117.414140
1033.751304 3136.487156
716.236117 3358.040100
753.711151 3335.838646
764.540332 3368.498820
727.187550 3390.938311
785.346750 3317.096667
821.743314 3295.534135
832.352014 3327.761301
796.073172 3349.555628
852.475000 3277.327664
887.838987 3256.376865
898.235280 3288.182267
862.984719 3309.358861
917.704954 3238.683275
952.079691 3218.318539
962.271236 3249.712996
928.005849 3270.297751
981.116011 3201.116460
1014.542436 3181.313537
1024.536503 3212.307456
991.215560 3232.324841
1042.783205 3164.582768
1075.300023 3145.318726
1085.103524 3175.922130
1052.688509 3195.395283
737.137786 3420.828915
774.379634 3398.173580
785.169241 3430.714401
748.048881 3453.605951
805.819228 3379.047930
841.991244 3357.043406
852.561733 3389.154496
816.506713 3411.389067
872.534127 3338.463253
907.681755 3317.081894
918.041134 3348.774365
883.006242 3370.379840
937.365752 3299.024227
971.531900 3278.239932
981.687764 3309.524476
947.630309 3330.527179
1000.392736 3260.683019
1033.617949 3240.471123
1043.577510 3271.358029
1010.457153 3291.782840
1061.689395 3223.394419
1094.012015 3203.731598
1103.782128 3234.230775
1071.560715 3254.101220
