4064 2704
2958.638156 1067.396932
3508.921379 1152.133607
2910.169104 1388.010297
3494.292582 1498.173843
2995.016968 1108.896239
3035.063502 1115.194396
3030.750138 1147.193641
2990.467109 1140.717498
3076.701590 1121.742857
3117.455174 1128.152213
3113.635313 1160.518761
3072.636459 1153.927538
3159.831670 1134.816805
3201.311194 1141.340329
3198.003201 1174.082252
3156.269271 1167.372853
3244.445917 1148.124168
3286.670954 1154.764940
3283.893947 1187.890566
3241.404993 1181.059786
3330.584437 1161.671256
3373.575266 1168.432464
3371.349158 1201.950393
3328.084505 1194.994907
3418.288791 1175.464603
3462.066436 1182.349555
3460.411972 1216.268668
3416.350180 1209.185029
2985.444328 1175.846330
3025.988159 1182.520995
3021.557520 1215.390260
2980.771306 1208.528979
3068.148262 1189.461744
3109.417665 1196.255858
3105.493011 1229.510349
3063.972102 1222.525474
3152.335656 1203.321376
3194.350284 1210.238176
3190.950714 1243.886512
3148.675078 1236.774673
3238.046784 1217.431859
3280.827006 1224.474697
3277.972416 1258.525781
3234.921286 1251.283483
3325.323391 1231.800064
3368.890325 1238.972416
3366.601449 1273.435443
3322.753289 1266.059065
3414.208762 1246.433116
3458.584311 1253.738590
3456.882760 1288.623060
3412.215230 1281.108843
2975.611633 1244.615218
3016.665182 1251.684697
3012.112419 1285.459953
2970.810379 1278.194712
3059.360478 1259.036887
3101.158857 1266.234628
3097.125037 1300.414109
3055.068676 1293.016179
3144.632299 1273.720816
3187.195966 1281.050340
3183.700962 1315.643258
3140.869425 1308.108971
3231.469023 1288.674223
3274.819188 1296.139183
3271.883717 1331.155057
3228.255373 1323.480607
3319.914127 1303.904595
3364.072792 1311.508780
3361.718453 1346.957448
3317.270859 1339.138888
3410.012713 1319.419700
3455.002710 1327.167041
3453.252032 1363.058674
3407.961893 1355.091906
2965.508142 1315.278036
3007.084296 1322.761734
3002.404289 1357.480962
2960.573303 1349.791806
3050.328462 1330.545673
3092.669482 1338.167046
3088.521877 1373.310654
3045.916148 1365.479088
3136.712876 1346.094846
3179.840065 1353.857729
3176.245553 1389.435569
3132.843358 1381.457601
3224.705050 1361.933416
3268.640509 1369.841787
3265.620671 1405.864044
3221.399465 1397.735529
3314.350291 1378.069537
3359.116956 1386.127525
3356.694307 1422.604731
3311.630688 1414.321368
3405.695623 1394.511674
3451.317308 1402.723566
3449.515346 1439.666617
3403.585010 1431.223939
