4064.000000 2704.000000
1704.322410 1795.499655
2581.191538 1781.888220
1660.088078 2420.284498
2653.669087 2398.314200
1750.406180 1844.106364
1840.197651 1842.666411
1837.167940 1921.656390
1745.884099 1923.195806
1890.593489 1841.858231
1980.121643 1840.422500
1979.411848 1919.257580
1888.400129 1920.792407
2030.369802 1839.616688
2119.635796 1838.185162
2121.232238 1916.865912
2030.491425 1918.396170
2169.736924 1837.381708
2258.741908 1835.954367
2262.630998 1914.481354
2172.159884 1916.007065
2308.696649 1835.153261
2397.441766 1833.730087
2403.610006 1912.103876
2313.407390 1913.625058
2447.250761 1832.931318
2535.737148 1831.512294
2544.171128 1909.733444
2454.235817 1911.250119
1743.064401 1972.511232
1835.278842 1970.908550
1832.082481 2054.243390
1738.293337 2055.955304
1887.032535 1970.009073
1978.969291 1968.411216
1978.220513 2051.575963
1884.718596 2053.282634
2030.567256 1967.514446
2122.227579 1965.921394
2123.911563 2048.916694
2030.695555 2050.618146
2173.670518 1965.027318
2265.055653 1963.439049
2269.157678 2046.265546
2176.226270 2047.961804
2316.344263 1962.547656
2407.455448 1960.964148
2413.960894 2043.622483
2321.312784 2045.313570
2458.590422 1960.075424
2549.428887 1958.496656
2558.323232 2040.987467
2465.957127 2042.673406
1735.316228 2108.023781
1830.088029 2106.242318
1826.710879 2194.290628
1730.275035 2196.192295
1883.274775 2105.242546
1977.753314 2103.466595
1976.962252 2191.327745
1880.830033 2193.223425
2030.775606 2102.469914
2124.962241 2100.699451
2126.741172 2188.374179
2030.911147 2190.263900
2177.820842 2099.705846
2271.716924 2097.940844
2276.049864 2185.429886
2180.520610 2187.313675
2324.412589 2096.950303
2418.019462 2095.190738
2424.890541 2182.494821
2329.660644 2184.372707
2470.552943 2094.203245
2563.871940 2092.449091
2573.265398 2179.568942
2478.333453 2181.440953
1727.126957 2251.250965
1824.602008 2249.272681
1821.028286 2342.445976
1721.792027 2344.556826
1879.303430 2248.162500
1976.468292 2246.190511
1975.631260 2339.157423
1876.716470 2341.261435
2030.995780 2245.083860
2127.851933 2243.118137
2129.734072 2335.879510
2031.139192 2337.976717
2182.206315 2242.014999
2278.755227 2240.055511
2283.339144 2332.612183
2185.062625 2334.702619
2332.937326 2238.955870
2429.180457 2237.002588
2436.448885 2329.355393
2338.489187 2331.439089
2483.191091 2235.906427
2579.129891 2233.959321
2589.065686 2326.109088
2491.421279 2328.186078
