4064 2704
388.338389 1624.543893
1142.084902 1505.933263
491.123466 2111.591243
1194.605061 1959.581906
452.320023 1665.174274
523.059651 1653.675811
534.783548 1713.963093
464.679952 1725.872595
576.448318 1644.997682
645.158969 1633.829022
655.805833 1693.403304
587.698038 1704.973751
697.027237 1625.398029
763.794968 1614.545183
773.420562 1673.422405
707.224538 1684.668072
814.206871 1606.350916
879.112943 1595.800676
887.769655 1653.996286
823.406022 1664.930659
928.128969 1587.833304
991.250172 1577.573187
998.987259 1635.102159
936.380972 1645.737985
1038.927504 1569.823415
1100.336463 1559.841617
1107.200270 1616.718464
1046.280327 1627.067808
474.636887 1774.770066
544.229183 1762.534962
555.636450 1821.194051
486.660293 1833.815761
596.762418 1753.299032
664.385414 1741.410153
674.748773 1799.398096
607.710179 1811.665258
715.442533 1732.433740
781.178651 1720.876595
790.551485 1778.207755
725.369945 1790.135101
830.821007 1712.148914
894.748135 1700.909810
903.180635 1757.598134
839.780040 1769.199591
943.033726 1692.420663
1005.225521 1681.486650
1012.764915 1737.545682
951.073258 1748.834427
1052.209220 1673.226390
1112.735395 1662.585211
1119.426154 1718.028108
1059.375260 1729.016615
496.347966 1881.390913
564.828695 1868.462931
575.931988 1925.558907
508.048408 1938.850567
616.532881 1858.702072
683.101410 1846.135082
693.192441 1902.599214
627.190681 1915.522412
733.371868 1836.644886
798.107184 1824.423974
807.237086 1880.269179
743.039966 1892.839027
847.002732 1815.193337
909.979533 1803.304403
918.196421 1858.543250
855.730926 1870.774045
957.555815 1794.322821
1018.844795 1782.752518
1026.193978 1837.397239
965.390978 1849.302516
1065.154493 1774.010045
1124.822605 1762.745734
1131.346781 1816.808234
1072.140779 1828.400818
517.477595 1985.156322
584.880906 1971.576534
595.692215 2027.171054
528.867915 2041.092993
635.781243 1961.321612
701.327020 1948.116063
711.156317 2003.115669
646.160450 2016.656679
750.834227 1938.141815
814.598211 1925.295245
823.494504 1979.711527
760.253040 1992.887031
862.768709 1915.590305
924.822581 1903.088272
932.832021 1956.932533
871.274873 1969.757133
971.709786 1893.641878
1032.121430 1881.470706
1039.287510 1934.753971
979.348275 1947.241500
1077.775949 1872.272661
1136.609705 1860.419388
1142.973441 1913.152409
1084.589161 1925.315985
