4064 2704
2677.083473 2142.600683
3310.435143 2148.937356
2610.375643 2432.513828
3336.983284 2455.859361
2718.688462 2173.694663
2765.450162 2174.260259
2760.439653 2201.672767
2713.050433 2200.998795
2814.004378 2174.847536
2861.462231 2175.421552
2857.755064 2203.056791
2809.650476 2202.372646
2910.741985 2176.017604
2958.911652 2176.600230
2956.547843 2204.461827
2907.711566 2203.767275
3008.933330 2177.205256
3057.830948 2177.796686
3056.851891 2205.888355
3007.267104 2205.183158
3108.611430 2178.410891
3158.253625 2179.011327
3158.702153 2207.336874
3108.351513 2206.620785
3209.810312 2179.634919
3260.214221 2180.244569
3262.134659 2208.807896
3211.000286 2208.080661
2706.728726 2231.613874
2754.820964 2232.412634
2749.509240 2261.473089
2700.753048 2260.553191
2804.767553 2233.242193
2853.597009 2234.053198
2849.665237 2263.362763
2800.150874 2262.428560
2904.312188 2234.895522
2953.895945 2235.719055
2951.387793 2265.281994
2901.097436 2264.333150
3005.397593 2236.574442
3055.753266 2237.410795
3054.713950 2267.231480
3003.629212 2266.267649
3108.059819 2238.279551
3159.205574 2239.129026
3159.681929 2269.211943
3107.783840 2268.232766
3212.336051 2240.011466
3264.290630 2240.874376
3266.331177 2271.224127
3213.600155 2270.229235
2694.046991 2293.029620
2743.547617 2294.089143
2737.906677 2324.950744
2687.702397 2323.755539
2794.968729 2295.189772
2845.251384 2296.266033
2841.073959 2327.406831
2790.064746 2326.192463
2897.488086 2297.384119
2948.571447 2298.477519
2945.905314 2329.902534
2894.071653 2328.668539
3001.643299 2299.613481
3053.546647 2300.724432
3052.441331 2332.438820
2999.763071 2331.184717
3107.473837 2301.878702
3160.217075 2303.007630
3160.723931 2335.016687
3107.180259 2333.741981
3215.020449 2304.180654
3268.624130 2305.327999
3270.796418 2337.637165
3216.365832 2336.341344
2680.575841 2358.268382
2731.569738 2359.620149
2725.567997 2392.455690
2673.827083 2390.951607
2784.555007 2361.024704
2836.379954 2362.398500
2831.933113 2395.547673
2779.336040 2394.018701
2890.232258 2363.826039
2942.908737 2365.222408
2940.069213 2398.691137
2886.594554 2397.136655
2997.649534 2366.673500
3051.198705 2368.093003
3050.020897 2401.887380
2995.646504 2400.306742
3106.850167 2369.568234
3161.293898 2371.011451
3161.834280 2405.137741
3106.537251 2403.530283
3217.878939 2372.511430
3273.239836 2373.978959
3275.557046 2408.443607
3219.313699 2406.808640
