2704 4064
1919.016583 2092.609725
2494.747329 2141.739430
1885.363450 2483.906409
2484.580000 2544.792070
1959.737282 2139.525317
2002.665339 2143.255379
1999.644600 2182.600377
1956.540837 2178.783070
2047.074620 2147.114145
2090.320223 2150.871799
2087.660305 2190.395124
2044.236342 2186.549460
2135.058615 2154.759162
2178.625301 2158.544714
2176.331661 2198.247936
2132.583917 2194.373598
2223.696476 2162.460993
2267.587832 2166.274757
2265.666021 2206.159465
2221.590862 2202.256131
2312.995517 2170.220276
2357.215188 2174.062567
2355.670850 2214.130371
2311.264585 2210.197713
2402.963166 2178.037654
2447.514848 2181.908793
2446.353723 2222.161325
2401.612608 2218.199013
1953.027961 2221.927141
1996.324769 2225.841024
1993.250053 2265.889063
1949.774505 2261.885087
2041.116988 2229.890087
2084.736925 2233.833180
2082.029299 2274.065384
2038.227897 2270.031397
2129.864059 2237.912519
2173.810756 2241.885150
2171.475823 2282.303159
2127.344890 2278.238823
2219.276574 2245.995104
2263.553717 2249.997606
2261.597177 2290.603084
2217.132980 2286.508056
2309.362048 2254.138523
2353.973378 2258.171234
2352.401025 2298.965865
2307.599775 2294.839795
2400.128105 2262.343463
2445.077419 2266.406728
2443.895151 2307.392218
2398.753001 2303.234752
1946.198693 2305.802114
1989.870635 2309.905830
1986.740483 2350.675924
1942.886687 2346.479155
2035.052447 2314.151424
2079.053250 2318.286042
2076.296622 2359.246367
2032.111167 2355.017858
2124.575935 2322.563666
2168.909329 2326.729537
2166.531978 2367.881811
2122.011088 2363.621201
2214.776759 2331.039556
2259.446528 2335.237034
2257.454308 2376.582997
2212.594147 2372.289920
2305.662634 2339.579817
2350.672621 2343.809265
2349.071485 2385.350680
2303.868162 2381.024762
2397.241394 2348.185187
2442.595501 2352.446971
2441.391508 2394.185624
2395.841068 2389.826488
1939.246233 2391.190098
1983.299859 2395.489894
1980.112757 2437.001748
1935.874082 2432.605821
2028.878094 2399.938499
2073.266468 2404.270968
2070.459494 2445.979362
2025.883198 2441.549885
2119.191695 2408.753440
2163.918646 2413.118955
2161.497710 2455.025687
2116.579914 2450.562276
2210.194842 2417.635683
2255.264259 2422.034625
2253.235374 2464.141515
2207.972138 2459.643778
2301.895464 2426.586003
2347.311296 2431.018756
2345.680579 2473.327650
2300.067902 2468.795190
2394.301609 2435.605184
2440.067865 2440.072140
2438.841541 2482.584909
2392.875361 2478.017321
