2704 4064
643.389369 1948.821944
1649.686163 2292.153781
340.602840 2658.045865
1370.210788 3048.095594
682.515243 2045.037392
763.637198 2072.986282
730.425293 2152.452886
649.101111 2124.092854
833.615801 2097.095962
915.878688 2125.437937
883.052949 2205.678447
800.580322 2176.917920
986.844971 2149.887900
1070.273031 2178.631312
1037.847774 2259.659761
954.202203 2230.490196
1142.248053 2203.428815
1226.866217 2232.582252
1194.856256 2314.413040
1110.012539 2284.825647
1299.871639 2257.734759
1385.705556 2287.307059
1354.126222 2369.954963
1268.058429 2339.940700
1459.763664 2312.822247
1546.839725 2342.822501
1515.706887 2426.302691
1428.388336 2395.852253
618.450609 2196.609764
699.959408 2225.349048
666.229182 2306.055847
584.516977 2276.894325
770.275517 2250.141889
852.939660 2279.288538
819.597979 2360.790235
736.722784 2331.213664
924.256006 2304.434053
1008.100231 2333.996789
975.161673 2416.307940
891.098481 2386.307396
1080.438309 2359.502558
1165.488068 2389.490354
1132.967722 2472.625899
1047.690804 2442.192199
1238.869993 2415.364174
1325.151476 2445.786265
1293.064961 2529.761539
1206.547840 2498.885234
1399.600006 2472.036161
1487.140164 2502.902050
1455.503653 2587.732799
1367.719076 2556.404164
553.388083 2350.543077
635.285969 2380.094118
601.025192 2462.070373
518.922741 2432.085627
705.941615 2405.588646
789.009515 2435.561862
755.139632 2518.354716
671.859383 2487.939824
860.678182 2461.421916
944.941348 2491.826417
911.477204 2575.450971
826.993629 2544.596611
1017.644980 2518.059915
1103.129398 2548.905077
1070.086361 2633.376835
984.373190 2602.073412
1176.890576 2575.520168
1263.622989 2606.815642
1231.016975 2692.150521
1144.047168 2660.388161
1338.464957 2633.820712
1426.472895 2665.576431
1394.320388 2751.790781
1306.066105 2719.559315
487.304167 2506.892927
569.593345 2537.277807
534.789400 2620.553707
452.294519 2589.723266
640.590530 2563.493173
724.064657 2594.315590
689.653921 2678.430527
605.966164 2647.154278
796.087880 2620.909816
880.772736 2652.179288
846.770325 2737.148934
761.863632 2705.417138
953.844402 2679.160646
1039.766520 2710.886972
1006.188090 2796.727418
920.035635 2764.530048
1113.909690 2738.263978
1201.096385 2770.457242
1167.958154 2857.185016
1080.532315 2824.511751
1276.334801 2798.238662
1364.814197 2830.909250
1332.132966 2918.541329
1243.405303 2885.381539
