2704 4064
613.356560 2744.157006
884.958107 2641.558496
650.965796 2963.786370
920.427805 2850.491116
637.324832 2759.313997
660.787142 2750.359821
665.010156 2775.056063
641.569225 2784.116521
680.848269 2742.703675
703.935828 2733.892519
708.119594 2758.393274
685.053024 2767.309033
723.677805 2726.358174
746.399521 2717.686639
750.544748 2741.994977
727.843643 2750.769476
765.829903 2710.271211
788.194403 2701.736004
792.301781 2725.854924
769.957523 2734.491493
807.320510 2694.436700
829.336153 2686.034631
833.406354 2709.967062
811.410595 2718.468928
848.165076 2678.848745
869.839960 2670.576723
873.873639 2694.325526
852.218289 2702.695816
645.454991 2806.823376
668.876354 2797.665639
673.097304 2822.349806
649.697300 2831.613721
688.902510 2789.835426
711.949868 2780.823925
716.131605 2805.312796
693.105218 2814.428798
731.657506 2773.118251
754.339745 2764.249511
758.482978 2788.546153
735.821331 2797.517757
773.736406 2756.665430
796.062135 2747.936085
800.167552 2772.043491
777.862048 2780.874101
815.155120 2740.470741
837.132679 2731.877531
841.200952 2755.798625
819.243260 2764.491538
855.929065 2724.528157
877.566534 2716.067921
881.598317 2739.805562
859.980365 2748.363973
653.581158 2854.309426
676.961612 2844.948329
681.180499 2869.620430
657.821384 2879.087601
696.952829 2836.944219
719.960021 2827.732569
724.139730 2852.209565
701.153490 2861.525615
739.633352 2819.855734
762.276150 2810.789980
766.417389 2835.074933
743.795166 2844.243451
781.639119 2803.037408
803.926111 2794.114113
808.029568 2818.210013
785.762783 2827.234476
822.986004 2786.482887
844.925512 2777.698718
848.991859 2801.608484
827.072200 2810.492261
863.689390 2770.186011
885.289477 2761.537739
889.319366 2785.264226
867.738779 2794.010581
661.703336 2901.772165
685.042918 2892.207908
689.259743 2916.867952
665.941481 2926.538178
704.999227 2884.030071
727.966290 2874.618467
732.143973 2899.083598
709.197843 2908.599499
747.605345 2866.570637
770.208736 2857.308061
774.347984 2881.581335
751.765149 2890.946576
789.538044 2849.387162
811.786334 2840.270102
815.887833 2864.354504
793.659733 2873.572634
830.813164 2832.473153
852.714655 2823.498207
856.779077 2847.396654
834.897417 2856.471113
871.446054 2815.822323
893.008791 2806.986193
897.036787 2830.701534
875.493532 2839.635654
