2704.000000 4064.000000
304.569302 2562.448642
1770.199439 2535.249491
284.473364 3466.514541
1936.972514 3392.490047
405.076966 2644.375080
539.625195 2641.570458
540.976782 2740.248142
404.477679 2743.491149
642.589412 2639.424197
775.268718 2636.658533
779.999179 2734.569339
645.423318 2737.766654
876.807677 2634.541980
1007.656733 2631.814467
1015.672236 2728.970112
882.979254 2732.122692
1107.799824 2629.727011
1236.856241 2627.036865
1248.065864 2723.448798
1117.216520 2726.557576
1335.632052 2624.977910
1462.932417 2622.324368
1477.248040 2718.003784
1348.204176 2721.069667
1560.368759 2620.293334
1685.948673 2617.675655
1703.284875 2712.633498
1576.009379 2715.657367
403.972000 2827.125463
542.117133 2823.503715
543.542410 2927.561336
403.339904 2931.667871
647.814126 2820.732659
783.989586 2817.162550
788.976074 2920.372580
650.802045 2924.419700
888.184906 2814.430863
1022.432521 2810.911296
1030.878709 2913.287246
894.689451 2917.276233
1125.157946 2808.218146
1257.518366 2804.748055
1269.325971 2906.303121
1135.079025 2910.235217
1358.804781 2802.092631
1489.317523 2798.670981
1504.391372 2899.418051
1372.045480 2903.294465
1589.194955 2796.052497
1717.898439 2792.678280
1736.146350 2892.629943
1605.661416 2896.451849
402.806156 3019.944383
544.745791 3015.418661
546.250951 3125.308503
402.138480 3130.371264
653.324572 3011.956645
793.185411 3007.497205
798.449288 3116.448619
656.479411 3121.436109
900.179792 3004.085708
1038.007172 2999.691105
1046.919712 3107.719698
907.044997 3112.633584
1143.451580 2996.329027
1279.289527 2991.997857
1291.744272 3099.118859
1153.918681 3103.960758
1383.217401 2988.684134
1517.108681 2984.415033
1533.002630 3090.643303
1397.181461 3095.414785
1619.552504 2981.148629
1751.538664 2976.940272
1770.772142 3082.290312
1636.911984 3086.992903
401.574261 3223.687490
547.522736 3218.159928
549.114690 3334.386430
400.867915 3340.510045
659.144850 3213.932422
802.896081 3208.488077
808.461154 3323.673631
662.480996 3329.703619
912.844036 3204.323977
1054.447271 3198.960984
1063.865882 3313.123653
920.100751 3319.062145
1162.758451 3194.858874
1302.261476 3189.575424
1315.418060 3302.732812
1173.817922 3308.581875
1408.972161 3185.533930
1546.421358 3180.328265
1563.204204 3292.497534
1423.720520 3298.259173
1651.566762 3176.346053
1787.007155 3171.216468
1807.308259 3282.414352
1669.893930 3288.090512
