4064 2704
802.566932 2149.228415
1269.773157 2121.762336
809.861637 2481.966375
1285.460702 2437.715201
835.769969 2179.648297
878.574065 2177.002966
879.613317 2216.135076
836.713790 2218.961671
911.098320 2174.992938
953.237012 2172.388730
954.440591 2211.204802
912.209488 2213.987356
985.257625 2170.409828
1026.746310 2167.845791
1028.109026 2206.350883
986.530846 2209.090416
1058.274889 2165.897297
1099.128492 2163.372508
1100.645337 2201.571558
1059.705055 2204.269061
1130.176292 2161.453727
1170.409284 2158.967293
1172.075421 2196.865121
1131.758468 2199.521554
1200.987219 2157.077550
1240.613634 2154.628602
1242.424394 2192.229917
1202.716642 2194.846210
837.488003 2251.210317
880.465796 2248.234424
881.513884 2287.699236
838.439884 2290.859437
913.120945 2245.973298
955.427831 2243.043860
956.641561 2282.187359
914.241528 2285.298113
987.575197 2240.817894
1029.226763 2237.933833
1030.600884 2276.761200
988.859122 2279.823659
1060.878099 2235.742213
1101.889455 2232.902481
1103.418897 2271.418776
1062.320194 2274.434056
1133.056154 2230.744419
1173.441946 2227.948003
1175.121815 2266.158162
1134.651425 2269.127345
1204.135054 2225.822733
1243.909489 2223.068649
1245.735058 2260.977494
1205.878683 2263.901629
839.220724 2323.384085
882.373626 2320.072075
883.430663 2359.873850
840.180770 2363.373271
915.160725 2317.555647
957.637147 2314.295557
958.861159 2353.770643
916.290843 2357.215078
989.912271 2311.818423
1031.727996 2308.609043
1033.113667 2347.762749
991.207035 2351.153484
1063.503045 2306.170290
1104.673369 2303.010445
1106.215566 2341.847952
1064.957219 2345.186234
1135.959874 2300.609188
1176.499626 2297.497739
1178.193396 2336.024106
1137.568406 2339.311141
1207.308769 2295.133120
1247.232324 2292.068965
1249.072886 2330.289128
1209.066779 2333.526089
840.968321 2396.177477
884.297762 2392.523690
885.363862 2432.666762
841.936636 2436.511124
917.217878 2389.747676
959.865197 2386.151409
961.099622 2425.962312
918.357653 2429.746012
992.269094 2383.418926
1034.250272 2379.878831
1035.647638 2419.363007
993.574835 2423.087469
1066.149998 2377.188863
1107.480522 2373.703636
1109.035634 2412.866391
1067.616405 2416.532996
1138.887753 2371.055197
1179.582632 2367.623571
1181.290478 2406.470087
1140.509710 2410.080173
1210.508686 2365.015708
1250.582473 2361.636456
1252.438212 2400.171789
1212.281256 2403.726652
