4064.000000 2704.000000
373.494297 1463.981198
1686.310507 1638.192580
524.310567 2319.448869
1745.202577 2560.382825
475.800474 1566.035490
578.083162 1580.200855
594.884267 1685.517846
493.413477 1670.650662
664.287415 1592.139480
769.637558 1606.729664
784.877589 1713.355077
680.392540 1698.046253
858.446588 1619.029031
967.004273 1634.063434
980.580578 1742.028870
872.944935 1726.258430
1058.537950 1646.740144
1170.451927 1662.239368
1182.254540 1771.577511
1071.323622 1755.324258
1264.837591 1675.311056
1380.265952 1691.296995
1390.176974 1802.041660
1275.797102 1785.283077
1477.639001 1704.782413
1596.749926 1721.278359
1604.642844 1833.464532
1486.650634 1816.176680
508.703503 1761.468148
609.467450 1776.931900
625.691882 1878.634045
525.716645 1862.520351
694.369986 1789.961479
798.102340 1805.880779
812.811703 1908.793429
709.918722 1892.209462
885.524564 1819.297042
992.358454 1835.692320
1005.455076 1939.843081
899.514730 1922.767950
1082.414222 1849.512740
1192.490858 1866.405666
1203.870236 1971.823012
1094.745113 1954.234568
1285.300988 1880.648785
1398.770285 1898.062366
1408.320522 2004.775665
1295.864821 1986.650409
1494.463102 1912.747877
1611.484359 1930.706560
1619.085539 2038.746107
1503.144421 2020.059082
540.490324 1950.270913
639.778781 1966.937157
655.455728 2065.207422
556.933737 2047.939118
723.417422 1980.976472
825.579936 1998.125146
839.785875 2097.515631
738.438113 2079.752044
911.657263 2012.573811
1016.820457 2030.226169
1029.462377 2130.760915
925.165506 2112.480426
1105.444704 2045.102352
1213.742749 2063.280916
1224.721257 2164.984642
1117.344655 2146.164358
1305.028652 2078.603877
1416.603839 2097.332531
1425.812640 2200.230653
1315.217854 2180.846306
1510.673131 2113.122702
1625.676495 2132.426800
1633.001818 2236.545446
1519.041970 2216.571293
571.216790 2132.775531
669.071251 2150.555736
684.227967 2245.564948
587.118619 2227.226918
751.482249 2165.529857
852.120827 2183.815938
865.848749 2279.862032
766.001344 2261.006950
936.893335 2199.219146
1040.436560 2218.033004
1052.647053 2315.136834
949.944134 2295.742519
1127.673557 2233.884011
1234.249021 2253.248827
1244.847474 2351.431766
1139.164769 2331.474752
1324.059560 2269.567448
1433.802439 2289.507786
1442.687791 2388.791731
1333.893712 2368.247167
1526.302106 2306.315023
1639.355730 2326.856924
1646.419945 2427.264303
1534.375039 2406.105857
