4064 2704
1675.147050 1743.371582
3185.613004 1791.450449
1689.117188 2657.767878
3075.660690 2722.313252
1759.000605 1823.722989
1909.615564 1828.689878
1908.602506 1964.845511
1759.781340 1959.616923
1991.227651 1831.381233
2142.956036 1836.384840
2139.147233 1972.945323
1989.239075 1967.678545
2225.172559 1839.096128
2378.026761 1844.136862
2371.380952 1981.104475
2220.373850 1975.799087
2460.854460 1846.868304
2614.847056 1851.946579
2605.322293 1989.323621
2453.204117 1983.979198
2698.292771 1854.698402
2853.436526 1859.814640
2840.990158 1997.603426
2687.748601 1992.219534
2937.507200 1862.587072
3093.815071 1867.741699
3078.403732 2005.944563
2924.026304 2000.520765
1760.229015 2037.538674
1908.021643 2042.913829
1907.046015 2174.038721
1760.980970 2168.423107
1988.098902 2045.826205
2136.963510 2051.240347
2133.295939 2182.737121
1986.183893 2177.081254
2217.622645 2054.173885
2367.570938 2059.627440
2361.172441 2191.498056
2213.002097 2185.801502
2448.818315 2062.582373
2599.862170 2068.075773
2590.693127 2200.322204
2441.453024 2194.584522
2681.704247 2071.052334
2833.855714 2076.586018
2821.875856 2209.210250
2671.554367 2203.430993
2916.299045 2079.584447
3069.570352 2085.158858
3054.738746 2218.162892
2903.324075 2212.341607
1761.412292 2243.498696
1906.486418 2249.248997
1905.546184 2375.616903
1762.137029 2369.645609
1985.085512 2252.364429
2131.192443 2258.155668
2127.658392 2384.865248
1983.240061 2378.851933
2210.352094 2261.293318
2357.502900 2267.125933
2351.338162 2394.178863
2205.899966 2388.123083
2437.229126 2270.286040
2585.435032 2276.160476
2576.602149 2403.558442
2430.133246 2397.459746
2665.733938 2279.343283
2815.006334 2285.259992
2803.467242 2413.004688
2655.956637 2406.862617
2895.884112 2288.465743
3046.234552 2294.425182
3031.950573 2422.518315
2883.387113 2416.332405
1762.552880 2442.028173
1905.006705 2448.123261
1904.099974 2569.988427
1763.251851 2563.690210
1982.181217 2451.425281
2125.630782 2457.562973
2122.223090 2579.742101
1980.401602 2573.400359
2203.345682 2460.888115
2347.801465 2467.068859
2341.857906 2589.563373
2199.052930 2583.177653
2426.062448 2470.417366
2571.535073 2476.641617
2563.020194 2599.452947
2419.221463 2593.022790
2650.347915 2480.013736
2796.848156 2486.281955
2785.725944 2609.411540
2640.923049 2602.936480
2876.218715 2489.677936
3023.757500 2495.990591
3009.991368 2619.439875
2864.173754 2612.919441
