4064 2704
2419.210067 2419.327454
1636.146543 2132.670515
2607.976220 2047.058122
1891.931706 1818.813663
2383.144049 2360.517752
2309.891543 2334.018535
2336.066651 2286.954118
2408.441885 2312.681351
2254.589810 2314.013040
2183.396109 2288.258599
2211.045138 2242.512706
2281.415680 2267.527331
2129.637810 2268.811444
2060.417324 2243.770817
2089.449499 2199.289091
2157.897502 2223.620310
2008.138735 2224.858949
1940.810549 2200.502865
1971.140823 2157.233892
2037.744011 2180.909335
1889.951405 2182.104484
1824.438972 2158.405252
1855.987607 2116.300365
1920.819569 2139.346190
1774.942240 2140.499725
1711.173084 2117.431126
1743.865272 2076.444225
1806.995736 2098.885219
2428.554872 2274.649128
2356.881604 2249.527582
2381.700257 2204.902155
2452.531512 2229.311015
2302.751610 2230.554970
2233.040381 2206.121120
2259.275848 2162.713994
2328.195474 2186.464096
2180.382101 2187.664345
2112.553434 2163.890335
2140.121038 2121.652556
2207.205392 2144.770213
2061.307654 2145.928642
1995.286307 2122.788099
2024.106570 2081.673298
2089.427997 2104.183440
1945.396947 2105.301833
1881.111636 2082.769773
1911.109914 2042.733996
1974.737003 2064.660259
1832.525545 2065.740303
1769.908685 2043.793036
1801.014830 2004.794592
1863.012660 2026.159403
2471.607639 2193.239421
2401.450343 2169.390314
2425.015316 2127.019079
2494.363945 2150.208872
2348.446219 2151.372216
2280.160788 2128.159426
2305.088391 2086.916189
2372.612188 2109.495768
2228.561487 2110.618880
2162.073993 2088.017277
2188.285119 2047.857830
2254.055175 2069.850968
2111.824395 2070.935546
2047.064752 2048.921304
2074.485027 2009.803718
2138.568789 2031.232968
1998.112585 2032.280619
1935.014304 2010.831137
1963.573762 1972.715613
2026.035261 1993.602388
1887.309960 1994.614634
1825.809919 1973.708454
1855.442702 1936.557194
1916.342769 1956.921834
2512.481372 2115.950111
2443.780209 2093.278674
2466.184149 2052.995044
2534.108196 2075.055332
2391.858485 2076.144465
2324.945027 2054.062973
2348.660182 2014.825756
2414.840469 2036.319708
2274.365642 2037.371737
2209.171008 2015.857457
2234.123368 1977.626632
2298.626193 1998.575780
2159.882573 1999.592236
2096.341375 1978.623592
2122.461249 1941.361148
2185.349591 1961.785946
2048.295089 1962.768280
1986.345215 1942.324774
2013.566941 1905.994590
2074.900666 1925.914481
1939.494706 1926.864070
1879.077116 1906.926219
1907.338794 1871.493944
1967.174842 1890.927422
