2704.000000 4064.000000
1445.526587 420.864687
2412.418675 276.682205
1479.892429 1099.834347
2389.045513 1082.713527
1507.489172 481.027369
1581.335906 470.840581
1584.712328 557.786720
1511.350001 566.699152
1639.682687 462.791934
1717.334906 452.080198
1719.780277 541.377973
1642.665848 550.746229
1778.727596 443.611383
1860.487225 432.333050
1861.898066 524.112775
1780.736141 533.972742
1925.170717 423.410285
2011.372486 411.519181
2011.632432 505.922275
1926.095776 516.313707
2079.618645 402.104964
2170.634672 389.549757
2169.612531 486.730042
2079.337657 497.697097
2242.746156 379.602338
2338.991312 366.325799
2336.538776 466.450985
2241.120786 478.042852
1514.481398 636.184837
1587.450334 628.293038
1590.738489 712.966211
1518.242669 719.647417
1645.084601 622.059727
1721.762606 613.766782
1724.142452 700.671719
1647.988939 707.690017
1782.364110 607.212556
1863.041351 598.487082
1864.413417 687.744365
1784.318242 695.125926
1926.845283 591.586505
2011.843001 582.393759
2012.095614 674.133993
1927.744631 681.907768
2079.110081 575.118632
2168.784869 565.420047
2167.792339 659.785002
2078.837111 667.983105
2239.804907 557.739027
2334.553709 547.491674
2332.174198 644.635591
2238.227185 653.293736
1521.293835 787.352770
1593.405383 781.641312
1596.608687 864.129499
1524.959349 868.690511
1650.344201 777.131580
1726.072015 771.133702
1728.388933 855.740707
1653.172798 860.528773
1785.902404 766.394949
1865.525495 760.088553
1866.860363 846.925972
1787.804303 851.958477
1928.473450 755.102879
2012.300285 748.463533
2012.545872 837.652007
1929.348144 842.948161
2078.615982 743.211124
2166.988483 736.211747
2166.024296 827.881965
2078.350692 833.463042
2236.949600 730.670609
2330.247800 723.281102
2327.938100 817.574949
2235.417461 823.464575
1527.933328 934.683090
1599.207203 931.043808
1602.328899 1011.430506
1531.506696 1013.976114
1655.467037 928.171151
1730.267811 924.351784
1732.524264 1006.750809
1658.222819 1009.421474
1789.346404 921.335199
1867.942494 917.322041
1869.241656 1001.836687
1791.198137 1004.641856
1930.057120 914.150435
2012.744889 909.928354
2012.983738 996.670072
1930.908160 999.620168
2078.135741 906.589462
2165.243233 902.141707
2164.306192 991.230991
2077.877810 994.337542
2234.176524 898.621937
2326.067808 893.929919
2323.824893 985.497307
2232.688020 988.773098
