2704 4064
555.725548 1437.895065
1078.419026 1467.481488
534.228110 1846.346394
1056.921586 1875.932818
590.169398 1481.501065
634.550238 1484.013188
632.060747 1531.313522
587.679907 1528.801399
671.180015 1486.086571
715.560855 1488.598694
713.071364 1535.899029
668.690524 1533.386906
752.190632 1490.672078
796.571472 1493.184201
794.081981 1540.484536
749.701140 1537.972413
833.201248 1495.257584
877.582089 1497.769708
875.092597 1545.070042
830.711757 1542.557919
914.211865 1499.843091
958.592705 1502.355214
956.103214 1549.655549
911.722374 1547.143426
995.222482 1504.428598
1039.603322 1506.940721
1037.113831 1554.241055
992.732990 1551.728932
585.493980 1570.334016
629.874820 1572.846139
627.385329 1620.146474
583.004488 1617.634351
666.504596 1574.919523
710.885437 1577.431646
708.395945 1624.731981
664.015105 1622.219857
747.515213 1579.505029
791.896053 1582.017152
789.406562 1629.317487
745.025722 1626.805364
828.525830 1584.090536
872.906670 1586.602659
870.417179 1633.902994
826.036338 1631.390871
909.536447 1588.676043
953.917287 1591.188166
951.427796 1638.488500
907.046955 1635.976377
990.547063 1593.261549
1034.927904 1595.773672
1032.438412 1643.074007
988.057572 1640.561884
580.818561 1659.166968
625.199401 1661.679091
622.709910 1708.979425
578.329070 1706.467302
661.829178 1663.752474
706.210018 1666.264597
703.720527 1713.564932
659.339687 1711.052809
742.839795 1668.337981
787.220635 1670.850104
784.731144 1718.150439
740.350303 1715.638316
823.850411 1672.923488
868.231252 1675.435611
865.741760 1722.735945
821.360920 1720.223822
904.861028 1677.508994
949.241868 1680.021117
946.752377 1727.321452
902.371537 1724.809329
985.871645 1682.094501
1030.252485 1684.606624
1027.762994 1731.906958
983.382153 1729.394835
576.143143 1747.999919
620.523983 1750.512042
618.034492 1797.812377
573.653651 1795.300254
657.153759 1752.585426
701.534600 1755.097549
699.045108 1802.397884
654.664268 1799.885761
738.164376 1757.170933
782.545216 1759.683056
780.055725 1806.983390
735.674885 1804.471267
819.174993 1761.756439
863.555833 1764.268562
861.066342 1811.568897
816.685501 1809.056774
900.185610 1766.341946
944.566450 1768.854069
942.076959 1816.154403
897.696118 1813.642280
981.196226 1770.927452
1025.577067 1773.439575
1023.087575 1820.739910
978.706735 1818.227787
