4064 2704
736.454144 1430.737426
1842.759659 1445.508898
682.282413 2215.857131
1813.420887 2214.067014
789.688493 1491.271775
910.028716 1492.743583
902.846354 1605.879232
782.118208 1604.658469
967.628780 1493.448055
1087.171512 1494.910109
1080.557129 1607.676185
960.631501 1606.463537
1144.390494 1495.609920
1263.143638 1497.062317
1257.089885 1609.461227
1137.958798 1608.256612
1319.985307 1497.757513
1437.956658 1499.200349
1432.456295 1611.234474
1314.111881 1610.037814
1494.424735 1499.890976
1611.621990 1501.324344
1606.667882 1612.996045
1489.102372 1611.807261
1667.720145 1502.010447
1784.150897 1503.434440
1779.736014 1614.746053
1662.941745 1613.565068
778.140416 1664.237301
899.072434 1665.325524
891.822279 1779.529037
770.498514 1778.696659
956.954851 1665.846387
1077.081705 1666.927364
1070.405098 1780.754257
949.891598 1779.927439
1134.579381 1667.444765
1253.909084 1668.518570
1247.798572 1781.971318
1128.087246 1781.150003
1311.025843 1669.032542
1429.566305 1670.099245
1424.014542 1783.180300
1305.097408 1782.364434
1486.305920 1670.609824
1604.064943 1671.669494
1599.064694 1784.381284
1480.933875 1783.570812
1660.431138 1672.176713
1777.416425 1673.229421
1772.960558 1785.574348
1655.608281 1784.769218
766.483002 1838.840456
888.012655 1839.537756
880.693742 1954.824324
758.768463 1954.387773
946.180201 1839.871504
1066.896903 1840.564139
1060.157191 1955.466888
939.050037 1955.033267
1124.675998 1840.895658
1244.587878 1841.583675
1238.419805 1956.105154
1118.122568 1955.674432
1301.982400 1841.912988
1421.097482 1842.596433
1415.493596 1956.739162
1295.998179 1956.311312
1478.111257 1842.923561
1596.437455 1843.602480
1591.390417 1957.368957
1472.688830 1956.943948
1653.074260 1843.927445
1770.619386 1844.601883
1766.121963 1957.994579
1648.206323 1957.572385
754.714691 2015.104609
876.847903 2015.403490
869.459250 2131.788593
746.926473 2131.755471
935.303397 2015.546541
1056.615759 2015.843413
1049.812043 2131.837344
928.105366 2131.804445
1114.679037 2015.985503
1235.178795 2016.280387
1228.952344 2131.885767
1108.063440 2131.853090
1292.853791 2016.421527
1412.549084 2016.714442
1406.892338 2131.933866
1286.812993 2131.901407
1469.839679 2016.854642
1588.738536 2017.145607
1583.644049 2131.981644
1464.366159 2131.949402
1645.648561 2017.284876
1763.758905 2017.573912
1759.219340 2132.029103
1640.734908 2131.997076
