4064 2704
3000.147250 1604.266469
3744.653692 1674.622568
2953.001230 2131.806695
3722.526386 2202.160559
3041.269538 1654.917785
3113.092935 1661.687016
3107.584971 1729.407647
3035.452971 1722.637705
3158.506775 1665.967193
3230.233183 1672.727283
3225.227988 1740.449022
3153.193808 1733.688261
3275.585717 1677.001682
3347.215334 1683.752650
3342.711553 1751.475432
3270.774995 1744.723833
3392.506687 1688.021282
3464.039707 1694.763146
3460.035990 1762.486907
3388.196855 1755.744451
3509.270004 1699.026024
3580.706622 1705.758802
3577.201624 1773.483478
3505.459713 1766.750147
3625.875985 1710.015937
3697.216397 1716.739648
3694.208774 1784.465173
3622.563892 1777.740949
3031.470022 1769.009555
3103.813352 1775.779847
3098.225814 1844.478837
3025.569388 1837.708235
3149.555722 1780.060673
3221.800660 1786.821756
3216.723204 1855.521201
3144.166019 1848.759847
3267.480839 1791.096761
3339.627586 1797.848656
3335.058828 1866.548491
3262.600681 1859.796365
3385.245700 1802.117853
3457.294456 1808.860576
3453.233016 1877.560737
3380.873705 1870.817821
3502.850632 1813.123977
3574.801596 1819.857549
3571.246099 1888.557970
3498.985422 1881.824246
3620.295960 1824.115164
3692.149332 1830.839603
3689.098406 1899.540221
3616.936161 1892.815669
3021.528664 1884.752729
3094.399509 1891.523402
3088.730660 1961.222107
3015.542127 1954.451541
3140.475198 1895.804448
3213.246216 1902.565846
3208.094924 1972.264324
3135.007084 1965.503073
3259.258808 1906.841030
3331.930207 1913.593172
3327.295055 1983.291357
3254.307702 1976.539402
3377.879831 1917.862505
3450.451813 1924.605410
3446.331393 1994.303238
3373.444319 1987.560560
3496.338598 1928.868904
3568.811369 1935.602591
3565.204274 2005.299998
3492.417272 1998.566577
3614.635444 1939.860258
3687.009206 1946.584746
3683.914035 2016.281668
3611.226900 2009.557485
3011.442363 2002.183420
3084.848471 2008.953767
3079.096525 2079.674169
3005.368033 2072.904366
3131.262372 2013.234586
3204.567189 2019.995590
3199.340438 2090.715053
3125.714124 2083.954631
3250.917067 2024.270504
3324.120803 2031.022186
3319.417800 2101.740643
3245.893453 2094.989584
3370.406790 2035.291206
3443.509654 2042.033585
3439.328959 2112.750973
3365.906367 2106.009257
3489.731882 2046.296725
3562.734082 2053.029819
3559.074258 2123.746073
3485.753209 2117.013681
3608.892683 2057.287090
3681.794426 2064.010919
3678.654041 2134.725976
3605.434325 2128.002888
