4064.000000 2704.000000
1641.741026 1015.908830
2215.461755 897.598985
1681.490881 1455.405570
2230.108965 1303.713015
1685.031447 1050.248310
1740.881127 1038.390858
1745.361502 1093.789652
1689.846284 1106.073247
1780.192253 1030.044709
1834.388398 1018.538319
1838.320338 1073.221081
1784.440301 1085.142867
1872.544207 1010.437455
1925.159180 999.266765
1928.572558 1053.251390
1876.256508 1064.827120
1962.209863 991.400530
2013.311863 980.551059
2016.234678 1033.854799
1965.415491 1045.099325
2049.304747 972.909406
2098.958109 962.367495
2101.416617 1015.006986
2052.030958 1025.934322
2133.937856 954.940941
2182.203318 944.693696
2184.222164 996.684986
2136.210221 1007.308366
1693.491117 1148.332733
1748.753424 1135.729968
1753.151973 1190.116993
1698.217252 1203.129225
1787.656521 1126.857979
1841.297466 1114.624972
1845.158643 1168.323634
1791.827462 1180.956040
1879.067490 1106.011384
1931.157393 1094.132097
1934.510227 1147.159178
1882.713387 1159.428149
1967.843135 1085.765784
2018.448311 1074.225094
2021.320018 1126.596789
1970.992243 1138.517787
2054.095800 1066.095558
2103.278834 1054.879193
2105.694956 1106.611137
2056.774622 1118.198758
2137.931531 1046.976523
2185.751542 1036.071000
2187.736062 1087.178293
2140.164946 1098.446329
1701.795245 1244.613749
1756.482229 1231.294822
1760.801172 1284.697546
1706.435106 1298.409957
1794.985568 1221.917395
1848.082434 1208.985739
1851.874743 1261.726631
1799.081483 1275.042344
1885.474311 1199.879007
1937.049416 1187.317973
1940.343303 1239.412763
1889.055570 1252.348745
1973.377272 1178.470382
2023.495113 1166.264263
2026.317042 1217.728146
1976.471342 1230.300414
2058.803726 1157.664906
2107.525204 1145.798869
2109.900026 1196.646536
2061.436385 1208.870215
2141.856876 1137.437445
2189.239547 1125.897472
2191.190609 1176.143123
2144.052334 1188.032514
1709.948081 1339.140643
1764.071428 1325.133493
1768.312908 1377.578397
1714.504011 1391.963709
1802.183035 1315.270189
1854.746616 1301.666707
1858.471884 1353.475227
1806.205929 1367.448047
1891.767762 1292.085616
1942.838045 1278.868600
1946.074525 1330.055470
1895.286086 1343.633290
1978.814868 1269.557780
2028.454596 1256.710992
2031.228031 1307.290466
1981.855330 1320.489802
2063.430672 1247.659166
2111.699122 1235.167266
2114.033694 1285.153137
2066.018349 1297.989596
2145.715632 1226.363775
2192.668852 1214.212258
2194.587295 1263.617875
2147.874092 1276.106219
