4064 2704
1540.858136 1309.838859
2118.909550 1551.935877
1558.122250 1740.583322
2094.005941 2033.262947
1585.251524 1380.285360
1621.179078 1395.780967
1622.419105 1440.125153
1586.734594 1424.257770
1663.557377 1414.058790
1701.250999 1430.316105
1701.929046 1475.479838
1664.503466 1458.838276
1745.738398 1449.503587
1785.331583 1466.580186
1785.389353 1512.591084
1746.092102 1495.117269
1832.089545 1486.746964
1873.729591 1504.706377
1873.101932 1551.593133
1831.789010 1533.223035
1922.936488 1525.929385
1966.786324 1544.841884
1965.400255 1592.634267
1921.912503 1573.297116
2018.639715 1567.206329
2064.880035 1587.149847
2062.653599 1635.878689
2016.814648 1615.496059
1588.506640 1476.798224
1623.900493 1493.100625
1625.101677 1536.055783
1589.943750 1519.407939
1665.633473 1512.322826
1702.738756 1529.413511
1703.395059 1573.128957
1666.549554 1555.682018
1746.514398 1549.576562
1785.458313 1567.514120
1785.514185 1612.013683
1746.856613 1593.708701
1831.430344 1588.688827
1872.353018 1607.537802
1871.746491 1652.846065
1831.139811 1633.618150
1920.690987 1629.802260
1963.747158 1649.633922
1962.408945 1695.776194
1919.701942 1675.553741
2014.638524 1673.074474
2059.999493 1693.967726
2057.851945 1740.969988
2012.877345 1719.673792
1591.661304 1570.332684
1626.537024 1587.384746
1627.701162 1629.015133
1593.054557 1611.642081
1667.644001 1607.483506
1704.179011 1625.346857
1704.814600 1667.682580
1668.531480 1649.488921
1747.265303 1646.413378
1785.580898 1665.147326
1785.634965 1708.208813
1747.596581 1689.135001
1830.792983 1687.253228
1871.022580 1706.923003
1870.436133 1750.731164
1830.511961 1730.711750
1918.521753 1730.147150
1960.812436 1750.824667
1959.519643 1795.400835
1917.565890 1774.363716
2010.776736 1775.254108
2055.291055 1797.018846
2053.218275 1842.384693
2009.076148 1820.250246
1594.720093 1661.024516
1629.092580 1678.773173
1630.221361 1719.139144
1596.071467 1701.092222
1669.592021 1699.685559
1705.574002 1718.265298
1706.189843 1759.285602
1670.452217 1740.399624
1747.992311 1740.168515
1785.699539 1759.639107
1785.751887 1801.331120
1748.313168 1781.546179
1830.176394 1782.605279
1869.735994 1803.032366
1869.168648 1845.413711
1829.904424 1824.664059
1916.424966 1827.140792
1957.976865 1848.596627
1956.727219 1891.685090
1915.500642 1869.898410
2007.047192 1873.934695
2050.745776 1896.498997
2048.743927 1940.312426
2005.404120 1917.408984
