4064 2704
1242.731897 579.925262
2159.168068 635.863899
1212.528689 1222.422962
2120.630999 1286.694705
1296.329646 642.082519
1381.766290 647.366552
1377.669143 730.926095
1292.332293 725.540618
1438.079406 650.849370
1523.881564 656.156009
1519.617881 739.884261
1433.916350 734.475769
1580.435856 659.653743
1666.605879 664.983133
1662.174270 748.880775
1576.105714 743.449121
1723.402899 668.495880
1809.943157 673.848168
1805.342218 757.915884
1718.904275 752.460918
1866.984472 677.376024
1953.897357 682.751358
1949.125670 766.989836
1862.315958 761.511408
2011.184546 686.294421
2098.472469 691.692950
2093.528604 776.102882
2006.344718 770.600842
1289.517132 784.316501
1374.783709 789.773279
1370.702010 873.017751
1285.534832 867.460314
1430.984503 793.369942
1516.615176 798.850021
1512.367604 882.261893
1426.837157 876.680752
1573.056209 802.462059
1659.053314 807.965588
1654.638487 891.545532
1568.742443 885.940535
1715.736130 811.593100
1802.102025 817.120230
1797.518546 900.868922
1711.254556 895.239916
1859.028181 820.763314
1945.765243 826.314198
1941.011703 910.232319
1854.377397 904.579148
2002.936308 829.972956
2090.046936 835.547746
2085.121913 919.635981
1998.114901 913.958489
1282.730263 926.015068
1367.827446 931.643253
1363.761109 1014.574433
1278.762931 1008.846368
1423.916365 935.352880
1509.376234 941.005052
1505.144682 1024.102334
1419.784641 1018.349883
1565.704460 944.730506
1651.529338 950.406819
1647.131197 1033.670868
1561.406977 1027.893875
1708.098406 954.148202
1794.290638 959.848811
1789.724519 1043.280294
1703.633785 1037.478602
1851.102095 963.606225
1937.664044 969.331287
1932.928547 1052.930877
1846.468942 1047.104326
1994.719452 973.104836
2081.653501 978.854508
2076.747212 1062.622880
1989.916362 1056.771311
1275.968894 1067.181238
1360.897353 1072.979504
1356.846291 1155.599156
1272.016446 1149.701783
1416.874840 1076.801219
1502.164583 1082.624150
1497.948960 1165.408618
1412.758649 1159.486185
1558.380451 1086.462139
1644.033788 1092.309894
1639.652239 1175.259834
1554.099159 1169.312182
1700.489563 1096.164263
1786.508825 1102.037000
1781.959968 1185.153072
1696.041798 1179.180038
1843.206045 1105.907852
1929.593582 1111.805733
1924.876026 1195.088600
1838.590423 1189.090023
1986.533800 1115.693175
2073.291981 1121.616360
2068.404320 1205.066691
1981.748922 1199.042406
