4064.000000 2704.000000
510.052180 1454.457822
2168.512377 1599.912240
412.527093 2629.189293
2062.726098 2791.167292
586.912974 1552.088384
762.016911 1567.582285
747.453477 1740.893320
572.474390 1725.146710
846.297252 1575.039749
1022.187986 1590.603268
1007.438474 1764.289730
831.673615 1748.472407
1106.847451 1598.094278
1283.530296 1613.727887
1268.593177 1787.791404
1092.037241 1771.902890
1368.571449 1621.252670
1546.051769 1636.956843
1530.925497 1811.399052
1353.573132 1795.438867
1631.477196 1644.515629
1809.760402 1660.290844
1794.443419 1835.113395
1616.289223 1819.081052
1895.572714 1667.883862
2074.664266 1683.730603
2059.154998 1858.935157
1880.193521 1842.830166
564.929993 1815.572517
739.843854 1831.451049
725.306487 2004.451871
550.517214 1988.321548
824.032540 1839.093627
999.731638 1855.043443
985.008585 2028.418322
809.435097 2012.215629
1084.298695 1862.720369
1260.788329 1878.741949
1245.878066 2052.492505
1069.515073 2036.216953
1345.736314 1886.453456
1523.021832 1902.547286
1507.922818 2076.675147
1330.764983 2060.326243
1608.353323 1910.293606
1786.440121 1926.460176
1771.150802 2100.966983
1593.192739 2084.544230
1872.157722 1934.241547
2051.051245 1950.481350
2035.570051 2125.368753
1856.806326 2108.871651
542.986295 2078.585816
717.710480 2094.847581
703.199110 2267.539021
528.599252 2251.026383
801.807703 2102.674599
977.315569 2119.009302
962.618905 2292.073436
787.236384 2275.486778
1061.790413 2126.871465
1238.087245 2143.279598
1223.203766 2316.718036
1047.033307 2300.056859
1322.942259 2151.177144
1500.033389 2167.659203
1484.961560 2341.473565
1307.997842 2324.737367
1585.271144 2175.592371
1763.161952 2192.148857
1747.900223 2366.340774
1570.137875 2349.529046
1848.785044 2200.117889
2027.480960 2216.749307
2012.027764 2391.320420
1833.461369 2374.432650
521.081774 2341.129544
695.616681 2357.773147
681.131239 2530.156035
506.720398 2513.262471
779.622634 2365.783933
954.939671 2382.502120
940.269325 2555.256344
765.077368 2538.287120
1039.322497 2390.548844
1215.426934 2407.342117
1200.570167 2580.469278
1024.591836 2563.423885
1300.189174 2415.425022
1477.086328 2432.293888
1462.041609 2605.795597
1285.271597 2588.673522
1562.230546 2440.413218
1739.925781 2457.358190
1724.691566 2631.236068
1547.124518 2614.036791
1825.454566 2465.514192
2003.953296 2482.535784
1988.528023 2656.791465
1810.158537 2639.514463
