2704 4064
1432.688024 1567.974985
2034.392355 1558.141445
1434.363818 1942.188509
2001.255493 1932.356136
1473.373506 1605.044659
1526.126695 1604.177882
1525.625843 1650.993473
1473.259917 1651.860492
1566.516466 1603.514247
1619.243179 1602.647906
1618.059025 1649.463063
1565.719187 1650.329650
1659.612682 1601.984603
1712.312940 1601.118696
1710.446166 1647.933416
1658.132397 1648.799571
1752.662190 1600.455727
1805.336013 1599.590254
1802.787302 1646.404530
1750.499582 1647.270255
1845.665026 1598.927617
1898.312433 1598.062579
1895.082467 1644.876406
1842.820776 1645.741699
1938.621224 1597.400274
1991.242235 1596.535669
1987.331695 1643.349042
1935.096014 1644.213904
1473.168365 1689.593559
1525.222162 1688.726416
1524.734456 1734.313278
1473.057758 1735.180487
1565.076586 1688.062497
1617.104604 1687.195783
1615.951522 1732.782525
1564.300230 1733.649307
1656.939294 1686.532193
1708.941554 1685.665908
1707.123752 1731.252524
1655.497847 1732.118881
1748.756524 1685.002646
1800.733044 1684.136790
1798.251179 1729.723275
1746.650642 1730.589206
1840.528310 1683.473856
1892.479109 1682.608429
1889.333835 1728.194777
1837.758648 1729.060283
1932.254685 1681.945823
1984.179782 1681.080824
1980.371753 1726.667030
1928.821897 1727.532111
1472.968593 1771.929531
1524.341300 1771.062336
1523.866229 1815.468217
1472.860852 1816.335314
1563.674383 1770.398376
1615.021982 1769.531605
1613.898765 1813.937654
1562.918138 1814.804330
1654.335844 1768.867969
1705.658354 1768.001622
1703.887621 1812.407834
1652.931726 1813.274090
1744.953008 1767.338310
1796.250446 1766.472386
1793.832830 1810.878756
1742.901649 1811.744591
1835.525908 1765.809398
1886.798293 1764.943897
1883.734422 1809.350419
1832.827937 1810.215835
1926.054575 1764.281233
1977.301927 1763.416155
1973.592430 1807.822823
1922.710623 1808.687819
1472.773983 1852.138331
1523.483193 1851.271377
1523.020272 1894.541581
1472.668997 1895.408286
1562.308398 1850.607599
1612.993145 1849.741063
1611.898647 1893.011702
1561.571492 1893.877992
1651.799622 1849.077605
1702.459923 1848.211488
1700.734456 1891.482557
1650.431402 1892.348432
1741.247685 1847.548350
1791.883558 1846.682650
1789.527728 1889.954143
1739.248759 1890.819603
1830.652619 1846.019831
1881.264081 1845.154548
1878.278494 1888.426461
1828.023592 1889.291507
1920.014455 1844.492050
1970.601524 1843.627184
1966.986784 1886.899510
1916.755933 1887.764142
