4064 2704
2547.699415 1408.270176
3029.644341 1449.936912
2524.552751 1731.563589
3006.496829 1789.977864
2576.905769 1442.733798
2617.690689 1446.382605
2614.912639 1485.487874
2574.128168 1481.667984
2649.166571 1449.198582
2690.586320 1452.904183
2687.807719 1492.315255
2646.388243 1488.435891
2722.554045 1455.764163
2764.623562 1459.527895
2761.844734 1499.249590
2719.775306 1495.309351
2797.094750 1462.432917
2839.829444 1466.256159
2837.050729 1506.293412
2794.315929 1502.290854
2872.816084 1469.207296
2916.231858 1473.091470
2913.453610 1513.449335
2870.037527 1509.382968
2949.746320 1476.089828
2993.859586 1480.036404
2991.082178 1520.720057
2946.968390 1516.588342
2571.858191 1513.486712
2612.642289 1517.446490
2609.861346 1556.592482
2569.077710 1552.461267
2644.117662 1520.502472
2685.536910 1524.523917
2682.755394 1563.976350
2641.336432 1559.780779
2717.504379 1527.627678
2759.573731 1531.712242
2756.791964 1571.475951
2714.722714 1567.214508
2792.044927 1534.864910
2834.779808 1539.014092
2831.998130 1579.094026
2789.263156 1574.765149
2867.766731 1542.216832
2911.183061 1546.432176
2908.401828 1586.833407
2864.985202 1582.435481
2944.698097 1549.686192
2988.812306 1553.969294
2986.031890 1594.697014
2941.917171 1590.228374
2566.805378 1584.312995
2607.588631 1588.584388
2604.804790 1627.771167
2564.022013 1623.327981
2639.063478 1591.880875
2680.482201 1596.218824
2677.697764 1635.712682
2636.279340 1631.200244
2712.449396 1599.566876
2754.518558 1603.972948
2751.733848 1643.778736
2709.664799 1639.195414
2786.989743 1607.373785
2829.724788 1611.849597
2826.940143 1651.972282
2784.205018 1647.316393
2862.711976 1615.304478
2906.128839 1619.851700
2903.344616 1660.296367
2859.927469 1655.566172
2939.644429 1623.361921
2983.759559 1627.982276
2980.976130 1668.754134
2936.860504 1663.947842
2561.747324 1655.212760
2602.529707 1659.796415
2599.742965 1699.024044
2558.961070 1694.268240
2634.004010 1663.333907
2675.422184 1667.989020
2672.634822 1707.524370
2631.216960 1702.694402
2707.389085 1671.581876
2749.458035 1676.310133
2746.670376 1716.158068
2704.601554 1711.252188
2781.929190 1679.959664
2824.664375 1684.762800
2821.876759 1724.928303
2779.141507 1719.944708
2857.651810 1688.470357
2901.069182 1693.350167
2898.281964 1733.838340
2854.864322 1728.775167
2934.585309 1697.117145
2978.701335 1702.075479
2975.914888 1742.891548
2931.798378 1737.746876
