2704 4064
840.902511 3560.255609
495.264228 2480.071238
1561.440470 3266.545127
1215.849024 2256.263144
892.353291 3450.800996
862.868790 3359.230876
948.152013 3325.840081
977.639961 3416.677600
837.728261 3281.151846
808.516317 3190.428204
893.790440 3158.379450
923.007718 3248.383170
783.607652 3113.069276
754.664502 3023.180429
839.926100 2992.450542
868.876417 3081.631889
729.984509 2946.531687
701.306459 2857.466165
786.552200 2828.032436
815.239199 2916.402632
676.852003 2781.517874
648.435430 2693.264418
733.662075 2665.104593
762.089331 2752.674654
624.203433 2618.007019
596.044775 2530.554573
681.249175 2503.646843
709.420200 2590.427586
1054.227823 3386.034618
1024.739360 3295.853967
1107.755686 3263.350727
1137.241949 3352.820472
999.593883 3218.954895
970.374373 3129.596748
1053.392084 3098.396027
1082.611280 3187.055416
945.457717 3053.397448
916.503497 2964.850604
999.519162 2934.930193
1028.474904 3022.790185
891.812552 2889.341566
863.120027 2801.595026
946.130309 2772.933158
974.826143 2860.004517
838.651740 2726.766915
810.217376 2639.809876
893.219027 2612.385214
921.658438 2698.678511
785.968750 2565.653522
757.789079 2479.475379
840.778939 2453.267005
868.965348 2538.792622
1211.802561 3322.988597
1182.320721 3234.156405
1263.159347 3202.505796
1292.633777 3290.647839
1157.179363 3158.402590
1127.962873 3070.369929
1208.812559 3039.984020
1238.023524 3127.338178
1103.047291 2995.296402
1074.092584 2908.052525
1154.949905 2878.910022
1183.900920 2965.486813
1049.399750 2833.650163
1020.703325 2747.184517
1101.564942 2719.264542
1130.259462 2805.074296
996.230265 2673.444360
967.788679 2587.746578
1048.651345 2561.028660
1077.092764 2646.081526
943.532472 2514.659824
915.342348 2429.719722
996.202897 2404.183789
1024.394549 2488.489737
1365.246580 3261.595287
1335.781125 3174.072315
1414.526629 3143.241222
1443.979869 3230.093914
1310.652254 3099.430550
1281.448553 3012.685081
1360.214047 2983.082479
1389.407411 3069.168839
1256.542417 2938.704921
1227.596998 2852.726640
1306.379066 2824.332097
1335.315977 2909.662224
1202.910649 2779.399326
1174.220100 2694.178101
1253.015411 2666.971582
1281.699236 2751.555396
1149.750642 2621.495030
1121.311611 2537.020906
1200.116921 2510.982761
1228.550964 2594.830010
1097.056198 2464.973624
1068.865393 2381.236818
1147.677541 2356.347775
1175.865051 2439.468040
