4064.000000 2704.000000
2258.316148 1926.909456
3014.209539 1566.298735
2679.213430 2417.009499
3485.954143 1971.465886
2363.952660 1948.351480
2426.424054 1918.119661
2467.964201 1964.063501
2405.007413 1994.983136
2488.027423 1888.307905
2548.845771 1858.876045
2591.306833 1903.486884
2530.035992 1933.578509
2608.829775 1829.847949
2668.059831 1801.184712
2711.379153 1844.516398
2651.727431 1873.812833
2726.487494 1772.909778
2784.190674 1744.985443
2828.309522 1787.089002
2770.213578 1815.621356
2841.121790 1717.434733
2897.356383 1690.221093
2942.219671 1731.144910
2885.619425 1758.942691
2952.847722 1663.367135
3007.669089 1636.837398
3053.225124 1676.627387
2998.063550 1703.718601
2449.525950 2045.549100
2513.001297 2013.875004
2556.702580 2062.209083
2492.731712 2094.623959
2575.573181 1982.651735
2637.326778 1951.836789
2681.966259 1998.736338
2619.752003 2030.261116
2698.212849 1921.454737
2758.313812 1891.464454
2803.825191 1936.988823
2743.296175 1967.659667
2817.581294 1861.890076
2876.095086 1832.691787
2922.416331 1876.897141
2863.504997 1906.748285
2933.807674 1803.893299
2990.796348 1775.456042
3037.869384 1818.395568
2980.511736 1847.459438
3047.014439 1747.403306
3102.536853 1719.697710
3150.307280 1761.421814
3094.442657 1789.729150
2539.613704 2147.874430
2604.113626 2114.646199
2650.149192 2165.562020
2585.144063 2199.589662
2667.672530 2081.902751
2730.377890 2049.599019
2777.367837 2098.968038
2714.194237 2132.036945
2792.180627 2017.760289
2853.165290 1986.343004
2901.039423 2034.230802
2839.621024 2066.380931
2913.283654 1955.372008
2972.617487 1924.805176
3021.310257 1971.273727
2961.574912 2002.542842
3031.119410 1894.666917
3088.868548 1864.916467
3138.318708 1910.024381
3080.198173 1940.448207
3145.818359 1835.577805
3202.045451 1806.611463
3252.195741 1850.414210
3195.625409 1880.026565
2634.582843 2255.744237
2700.126959 2220.837957
2748.688958 2274.548039
2682.630582 2310.318811
2764.690232 2186.454037
2828.362566 2152.544597
2877.893634 2204.583392
2813.746263 2239.319350
2891.095135 2119.135640
2952.974737 2086.180940
3003.400515 2136.621111
2941.082407 2170.366518
3013.953379 2053.706056
3074.114910 2021.666335
3125.366105 2070.576446
3064.800115 2103.373078
3133.412167 1990.086893
3191.926198 1958.924567
3243.938202 2006.369367
3185.051461 2038.256681
3249.610665 1928.204035
3306.543957 1897.883550
3359.256488 1943.924234
3301.980115 1974.939530
