4064 2704
569.743421 1844.502231
1115.176094 1789.673992
600.792419 2230.113194
1136.749233 2151.618755
613.649186 1880.561150
661.305665 1875.570045
664.670074 1919.231783
617.113862 1924.464966
701.948762 1871.313458
748.604055 1866.427209
751.787186 1909.645237
705.228389 1914.768663
788.397768 1862.259578
834.083096 1857.474914
837.091730 1900.258150
791.499294 1905.275235
873.053776 1853.393481
917.799076 1848.707266
920.639692 1891.064361
875.983841 1895.978383
955.971995 1844.709383
999.805985 1840.118611
1002.484777 1882.057961
958.736944 1886.872062
1037.205390 1836.201739
1080.155630 1831.703523
1082.678521 1873.233277
1039.811290 1877.950474
620.276263 1964.538394
667.741012 1959.084993
671.083733 2002.465285
623.718478 2008.157587
708.221987 1954.433984
754.692757 1949.094785
757.855584 1992.037145
711.480576 1997.610440
794.330421 1944.540667
839.838111 1939.312119
842.827753 1981.825288
797.412259 1987.283270
878.658543 1934.851896
923.232786 1929.730596
926.055655 1971.823055
881.570200 1977.169266
961.261002 1925.361393
1004.930226 1920.344074
1007.592451 1962.024058
964.008758 1967.261895
1042.190231 1916.063133
1084.981721 1911.146660
1087.489167 1952.422163
1044.780091 1957.554890
626.860410 2047.971644
674.134907 2042.062013
677.456150 2085.163572
630.280382 2091.308971
714.455002 2037.021730
760.742651 2031.235462
763.885368 2073.904783
717.692755 2079.922110
800.225442 2026.299847
845.556825 2020.633119
848.527654 2062.878769
803.287779 2068.771988
884.228125 2015.798946
928.632573 2010.248091
931.437860 2052.078388
887.121548 2057.851297
966.517146 2005.512264
1010.022800 2000.073764
1012.668612 2041.496781
969.247869 2047.153028
1047.144412 1995.433313
1089.778288 1990.103791
1092.270430 2031.127370
1049.718379 2036.670456
633.402044 2130.866167
680.487751 2124.506286
683.787723 2167.331789
636.799988 2173.924353
720.648193 2119.081802
766.754108 2112.854261
769.876906 2155.253138
723.865309 2161.708746
806.083190 2107.542070
851.239581 2101.442781
854.191774 2143.423431
809.126211 2149.746307
889.762853 2096.239431
933.998753 2090.264474
936.786622 2131.835049
892.638212 2138.029245
971.740731 2085.166653
1015.084001 2079.312263
1017.713551 2120.480683
974.454578 2126.550087
1052.068213 2074.316794
1094.545601 2068.579360
1097.022578 2109.353315
1054.626433 2115.301661
