4064 2704
1771.936792 1333.465369
2332.221538 1361.812017
1764.624965 1719.119444
2316.535899 1747.465901
1808.935654 1373.491090
1858.145234 1375.984071
1857.092474 1422.803420
1807.972889 1420.310390
1895.837902 1377.893599
1945.064603 1380.387448
1943.852844 1427.206881
1894.716199 1424.712986
1982.770387 1382.297641
2032.014219 1384.792357
2030.643350 1431.611872
1981.489637 1429.117110
2069.733126 1386.703215
2118.994097 1389.198800
2117.464007 1436.018394
2068.293217 1433.522765
2156.726134 1391.110323
2206.004254 1393.606777
2204.314832 1440.426446
2155.126956 1437.929950
2243.749426 1395.518965
2293.044704 1398.016288
2291.195840 1444.836030
2241.990869 1442.338666
1807.189088 1458.426632
1856.235409 1460.919689
1855.189609 1507.429504
1806.232687 1504.936429
1893.803006 1462.829275
1942.866335 1465.323197
1941.662589 1511.833042
1892.688719 1509.339103
1980.446961 1467.233446
2029.527308 1469.728232
2028.165505 1516.238104
1979.174680 1513.743302
2067.120970 1471.639143
2116.218342 1474.134796
2114.698373 1520.644692
2065.690584 1518.149026
2153.825046 1476.046369
2202.939454 1478.542888
2201.261209 1525.052806
2152.236448 1522.556276
2240.559207 1480.455125
2289.690659 1482.952509
2287.854029 1529.462446
2238.812285 1526.965051
1805.454058 1542.801115
1854.338201 1545.294193
1853.299293 1591.497532
1804.503959 1589.004466
1891.781554 1547.203794
1940.682592 1549.697733
1939.486779 1595.901050
1890.674610 1593.407123
1978.138888 1551.607994
2027.056832 1554.102796
2025.704005 1600.306087
1976.874993 1597.811300
2064.526077 1556.013718
2113.460934 1558.509382
2111.950986 1604.712644
2063.105122 1602.216996
2150.943136 1560.420964
2199.894916 1562.917492
2198.227737 1609.120722
2149.365012 1606.624213
2237.390081 1564.829735
2286.358791 1567.327126
2284.534274 1613.530323
2235.654679 1611.032951
1803.730453 1626.620078
1852.453485 1629.113123
1851.421401 1675.013006
1802.786592 1672.520002
1889.773413 1631.022697
1938.513231 1633.516600
1937.325273 1679.416408
1888.673741 1676.922548
1975.846017 1635.426832
2024.602628 1637.921595
2023.258690 1683.821325
1974.590425 1681.326607
2061.948278 1639.832485
2110.721692 1642.328107
2109.221666 1688.227757
2060.536659 1685.732181
2148.080213 1644.239656
2196.870438 1646.736139
2195.214217 1692.635706
2146.512460 1690.139271
2234.241837 1648.648347
2283.048882 1651.145690
2281.236358 1697.045171
2232.517842 1694.547876
