4064 2704
2498.614870 1710.763935
3774.340721 1702.207136
2509.504120 2498.569436
4036.226240 2523.645874
2575.010578 1775.047764
2695.533230 1774.463146
2701.443256 1866.962909
2578.299699 1867.227848
2772.231420 1774.091107
2894.152515 1773.499705
2904.422660 1866.526205
2779.819100 1866.794286
2971.743233 1773.123336
3095.087252 1772.525033
3109.820181 1866.084300
2983.730497 1866.355577
3173.586168 1772.144259
3298.378167 1771.538931
3317.679286 1865.637098
3190.076733 1865.911631
3377.801321 1771.153674
3504.066949 1770.541199
3528.044496 1865.184505
3398.901681 1865.462351
3584.430760 1770.151379
3712.196273 1769.531628
3740.961408 1864.726421
3610.250274 1865.007642
2580.618122 1932.203395
2705.609633 1932.172252
2711.969055 2031.705651
2584.156407 2031.366491
2785.168610 1932.152429
2911.664330 1932.120912
2922.720247 2032.264894
2793.334632 2031.921560
2992.183645 1932.100850
3120.210890 1932.068951
3136.078061 2032.831054
3005.090263 2032.483469
3201.708037 1932.048645
3331.294791 1932.016358
3352.091158 2033.404260
3219.471231 2033.052344
3413.787690 1931.995804
3544.962623 1931.963121
3570.809416 2033.984644
3436.526665 2033.628316
3628.469637 1931.942314
3761.262124 1931.909228
3792.283971 2034.572343
3656.306925 2034.211518
2586.653837 2101.358852
2716.458357 2101.969198
2723.320453 2209.370121
2590.470711 2208.329617
2799.099779 2102.357782
2930.526741 2102.975757
2942.462187 2211.086481
2807.912880 2210.032665
3014.204343 2103.369212
3147.284356 2103.994960
3164.421984 2212.824911
3028.140287 2211.757527
3232.017749 2104.393380
3366.782198 2105.027049
3389.254553 2214.585842
3251.206792 2213.504626
3452.591491 2105.430528
3589.072561 2106.072267
3617.016029 2216.369713
3477.167651 2215.274394
3675.978376 2106.480902
3814.209075 2107.130869
3847.764022 2218.176974
3706.079566 2217.067275
2593.168710 2283.943082
2728.171732 2285.299099
2735.598550 2401.538664
2597.298421 2399.681333
2814.144056 2286.162635
2950.902261 2287.536281
2963.826529 2404.603701
2823.684314 2402.721631
3037.995959 2288.411080
3176.543801 2289.802702
3195.110819 2407.709784
3053.089468 2405.802477
3264.780956 2290.688986
3405.153795 2292.098939
3429.513226 2410.857742
3285.574688 2408.924688
3494.557076 2292.996936
3636.791209 2294.425585
3667.097234 2414.048428
3521.202424 2412.089102
3727.383886 2295.335528
3871.516581 2296.783247
3907.928063 2417.282717
3760.036828 2415.296580
