2704 4064
340.591099 726.071600
982.547616 716.195346
362.130494 1178.398919
1004.087011 1168.522666
388.659642 772.151943
442.171626 771.328682
444.619160 822.726887
391.107176 823.550148
488.012285 770.623441
541.524269 769.800180
543.971803 821.198385
490.459819 822.021646
587.364928 769.094939
640.876912 768.271677
643.324446 819.669883
589.812462 820.493144
686.717571 767.566437
740.229556 766.743175
742.677089 818.141380
689.165105 818.964642
786.070215 766.037934
839.582199 765.214673
842.029732 816.612878
788.517748 817.436140
885.422858 764.509432
938.934842 763.686171
941.382376 815.084376
887.870391 815.907637
393.335060 870.335732
446.847045 869.512470
449.294578 920.910676
395.782594 921.733937
492.687704 868.807229
546.199688 867.983968
548.647221 919.382173
495.135237 920.205435
592.040347 867.278727
645.552331 866.455466
647.999865 917.853671
594.487880 918.676932
691.392990 865.750225
744.904974 864.926964
747.352508 916.325169
693.840524 917.148430
790.745633 864.221723
844.257617 863.398462
846.705151 914.796667
793.193167 915.619928
890.098276 862.693221
943.610260 861.869959
946.057794 913.268165
892.545810 914.091426
398.010479 968.519520
451.522463 967.696259
453.969997 1019.094464
400.458013 1019.917725
497.363122 966.991018
550.875106 966.167757
553.322640 1017.565962
499.810656 1018.389223
596.715765 965.462516
650.227749 964.639255
652.675283 1016.037460
599.163299 1016.860721
696.068408 963.934014
749.580393 963.110752
752.027926 1014.508958
698.515942 1015.332219
795.421052 962.405511
848.933036 961.582250
851.380569 1012.980455
797.868585 1013.803717
894.773695 960.877009
948.285679 960.053748
950.733213 1011.451953
897.221228 1012.275214
402.685897 1066.703309
456.197882 1065.880047
458.645415 1117.278253
405.133431 1118.101514
502.038541 1065.174807
555.550525 1064.351545
557.998058 1115.749750
504.486074 1116.573012
601.391184 1063.646304
654.903168 1062.823043
657.350702 1114.221248
603.838717 1115.044510
700.743827 1062.117802
754.255811 1061.294541
756.703345 1112.692746
703.191361 1113.516007
800.096470 1060.589300
853.608454 1059.766039
856.055988 1111.164244
802.544004 1111.987505
899.449113 1059.060798
952.961097 1058.237536
955.408631 1109.635742
901.896647 1110.459003
