4064.000000 2704.000000
712.326802 2065.082133
1504.605761 2022.856483
638.900723 2608.826573
1506.979546 2558.169144
761.415893 2115.207309
829.434102 2111.551443
822.797009 2170.399889
754.066565 2174.132285
885.855904 2108.518864
953.713294 2104.871642
948.375171 2163.580386
879.808917 2167.303866
1010.001775 2101.846229
1077.698917 2098.207620
1073.653618 2156.777160
1005.250965 2160.491755
1133.854548 2095.189348
1201.392008 2091.559321
1198.633419 2149.990151
1130.393784 2153.695894
1257.415260 2088.548164
1324.793603 2084.926690
1323.315643 2143.219302
1255.238443 2146.916224
1380.684942 2081.922623
1447.904730 2078.309671
1447.701350 2136.464556
1379.786006 2140.152688
747.446089 2227.213510
816.818212 2223.411495
809.914679 2284.622362
739.801530 2288.505564
874.361753 2220.257759
943.566619 2216.464911
938.014464 2277.527582
868.072150 2281.401323
1000.971506 2213.318773
1070.009719 2209.535059
1065.802422 2270.450074
996.030318 2274.314387
1127.276452 2206.396493
1196.148613 2202.621880
1193.279688 2263.389772
1123.677174 2267.244693
1253.277690 2199.490858
1321.984397 2195.725313
1320.447395 2256.346616
1251.013854 2260.192178
1378.976314 2192.601809
1447.518164 2188.845298
1447.306669 2249.320542
1378.041486 2253.156779
732.912406 2343.740734
803.693436 2339.783633
796.507090 2403.502087
724.954463 2407.545418
862.404223 2336.501335
933.011162 2332.553967
927.231840 2396.115030
855.857103 2400.148308
991.577635 2329.279736
1062.011124 2325.342066
1057.631900 2388.746321
986.434391 2392.769584
1120.433814 2322.075873
1190.694493 2318.147864
1187.708479 2381.395891
1116.687539 2385.409176
1248.973929 2314.889681
1319.062433 2310.971297
1317.462779 2374.063672
1246.617752 2378.067017
1377.199141 2307.721093
1447.116101 2303.812299
1446.895996 2366.749597
1376.226229 2370.743039
717.780002 2465.068350
790.028350 2460.946483
782.541450 2527.329832
709.489002 2531.543399
849.954716 2457.527602
922.021712 2453.416081
916.000990 2519.632067
843.133934 2523.834940
981.797750 2450.005777
1053.684076 2445.904563
1049.122166 2511.953818
976.439799 2516.146039
1113.310351 2442.502803
1185.016687 2438.411859
1181.906265 2504.295012
1109.407885 2508.476620
1244.493761 2435.018610
1316.020781 2430.937896
1314.354564 2496.655573
1242.039474 2500.826610
1375.349214 2427.553128
1446.697589 2423.482606
1446.468337 2489.035430
1374.335842 2493.195935
