4064.000000 2704.000000
2712.926603 2413.854540
2187.736072 638.264478
4011.066776 2075.876218
3359.491090 98.350513
2796.838255 2258.468477
2748.206735 2095.657621
2889.131080 2054.476794
2939.014758 2219.420299
2710.990194 1971.062357
2663.032019 1810.505755
2801.776673 1765.633971
2850.960042 1928.261864
2626.328993 1687.629664
2579.030274 1529.280819
2715.641930 1480.824046
2764.139636 1641.184749
2542.830210 1408.088563
2496.177438 1251.902250
2630.701486 1199.963142
2678.527767 1358.103738
2460.470065 1132.359453
2414.450098 978.291672
2546.930671 922.969693
2594.099375 1078.935969
2379.225428 860.364887
2333.825477 708.372825
2464.305493 649.764363
2510.830088 803.600854
3058.890793 2186.496851
3007.939172 2019.758765
3156.314772 1976.400536
3208.615912 2145.375478
2968.954172 1892.181186
2918.726139 1727.811027
3064.753578 1680.583897
3116.301343 1847.124828
2880.292823 1602.038826
2830.773074 1439.986507
2974.503905 1389.004530
3025.314456 1553.163665
2792.879815 1315.981631
2744.053472 1156.198469
2885.537774 1101.572040
2935.626814 1263.400111
2706.688966 1033.923926
2658.541566 876.362592
2797.827996 818.198585
2847.210784 977.744895
2621.694823 755.782416
2574.212302 600.396886
2711.348144 538.798788
2760.039514 696.111257
3334.942053 2110.680536
3281.488772 1939.822265
3437.922617 1894.109261
3492.833327 2067.316363
3240.597456 1809.117108
3187.923302 1640.749244
3341.822373 1590.976328
3395.920960 1761.621717
3147.625846 1511.942306
3095.713909 1346.010792
3247.135277 1292.300947
3300.439627 1460.441037
3055.997471 1219.061021
3004.831324 1055.513356
3153.830387 997.985513
3206.357861 1163.675074
2965.683428 930.380874
2915.247115 769.166052
3061.877657 707.935250
3113.645116 871.227467
2876.655639 645.812114
2826.933655 486.880577
2971.247904 422.058112
3022.271726 583.004640
3626.144526 2030.703004
3569.988224 1855.517129
3735.155069 1807.252173
3792.888738 1984.907408
3527.037759 1721.528342
3471.722146 1548.965090
3634.146933 1496.434850
3691.003259 1671.390370
3429.412274 1416.974702
3374.918612 1246.975619
3534.664698 1190.312958
3590.663529 1362.629837
3333.235106 1116.939252
3279.545210 949.447606
3436.674047 888.780894
3491.834637 1058.518379
3238.474264 821.322188
3185.570481 656.282909
3340.141683 591.736202
3394.482714 758.951777
3145.098690 530.026624
3092.963880 367.386244
3245.035294 299.079449
3298.574896 463.828905
