4064.000000 2704.000000
676.725488 783.799456
1387.408229 814.142489
648.656770 1130.422958
1452.734706 1126.736716
732.789559 822.067190
792.797505 824.358699
791.713778 857.001322
730.877623 854.960422
851.768656 826.610616
909.791595 828.826324
910.282267 860.978998
851.485168 859.006503
966.828035 831.004361
1022.962857 833.147968
1024.925805 864.825001
968.066937 862.917529
1078.158257 835.255701
1132.495646 837.330670
1135.836107 868.545764
1080.821186 866.700151
1185.937729 839.371450
1238.562654 841.381026
1243.192605 872.147305
1189.933365 870.360591
1290.333653 843.357992
1341.325811 845.305218
1347.163413 875.635265
1295.577132 873.904674
728.798752 890.725630
790.535711 892.485503
789.389483 927.010698
726.775563 925.532862
851.177075 894.214146
910.815403 895.914195
911.333880 929.888874
850.877381 928.461958
969.412747 897.584571
1027.057661 899.227796
1029.129939 932.669139
970.721248 931.290556
1083.712617 900.842802
1139.462418 902.432005
1142.985799 935.356406
1086.522604 934.023741
1194.269989 903.994350
1248.216619 905.532152
1253.095904 937.955264
1198.482596 936.666261
1301.265713 907.044369
1353.495260 908.533224
1359.642109 940.470006
1306.789246 939.222554
724.573940 963.409913
788.142480 964.571274
786.928184 1001.146723
722.429498 1000.303199
850.551420 965.711449
911.897660 966.832209
912.446375 1002.788271
850.234090 1001.974649
972.143740 967.932870
1031.382210 969.015123
1033.573213 1004.372389
973.527874 1003.587106
1089.575947 970.078289
1146.813440 971.123985
1150.535188 1005.902037
1092.545518 1005.143638
1203.057950 972.151540
1258.394165 973.162500
1263.543480 1007.379979
1207.505693 1006.647107
1312.785767 974.156204
1366.313889 975.134132
1372.795227 1008.808791
1318.612407 1008.100179
720.093920 1040.484821
785.606013 1040.971430
784.317400 1079.785341
717.816989 1079.657473
849.888661 1041.448907
913.043521 1041.918007
913.625197 1080.033978
849.552091 1079.910776
975.033793 1042.378456
1035.956396 1042.830975
1038.276627 1080.273661
976.500313 1080.154876
1095.774765 1043.275293
1154.581404 1043.712095
1158.518756 1080.504866
1098.917912 1080.390264
1212.340045 1044.141113
1269.139074 1044.563003
1274.581472 1080.728035
1217.043175 1080.617398
1324.942568 1044.977499
1379.835067 1045.385228
1386.678958 1080.943579
1331.097966 1080.836706
