1315.407652 3030.958864
1703.392582 3039.698334
1304.534574 3269.233021
1692.518239 3301.422815
1342.692694 3058.453226
1369.954260 3059.223647
1368.836428 3084.042402
1341.575411 3083.098626
1398.456535 3060.029131
1426.509895 3060.821929
1425.391248 3086.000327
1397.338237 3085.029133
1455.846055 3061.650978
1484.726212 3062.467141
1483.607183 3088.015761
1454.727157 3087.015935
1514.933395 3063.320806
1544.677447 3064.161383
1543.558511 3090.091273
1513.814351 3089.061532
1575.795029 3065.040776
1606.442327 3065.906879
1605.324002 3092.229592
1574.676335 3091.168571
1638.512094 3066.813182
1670.104416 3067.705991
1668.987267 3094.433612
1637.394292 3093.339864
1340.357629 3109.960859
1367.618042 3111.093688
1366.498958 3135.940233
1339.239104 3134.633664
1396.119339 3112.278082
1424.171964 3113.443831
1423.052046 3138.650832
1394.999780 3137.306282
1453.507596 3114.662897
1482.387474 3115.863023
1481.267155 3141.441092
1452.387417 3140.056881
1512.594620 3117.118305
1542.338892 3118.354352
1541.218647 3144.314577
1511.474277 3142.888924
1573.456975 3119.647489
1604.105038 3120.921094
1602.985384 3147.275067
1572.336962 3145.806083
1636.175893 3122.253824
1667.769574 3123.566725
1666.651077 3150.326575
1635.056752 3148.812253
1338.019968 3161.525774
1365.279208 3163.021818
1364.158870 3187.896201
1336.900198 3186.226028
1393.779507 3164.585974
1421.831377 3166.125520
1420.710185 3191.361171
1392.658684 3189.642421
1451.166460 3167.735491
1480.046040 3169.320462
1478.924429 3194.928031
1450.044999 3193.158552
1510.253129 3170.978291
1539.997601 3172.610730
1538.876045 3198.601342
1509.131484 3196.778856
1571.116164 3174.318582
1601.764972 3176.000653
1600.643988 3202.385942
1569.994831 3200.508029
1633.836894 3177.760827
1665.431916 3179.494828
1664.312070 3206.286965
1632.716414 3204.351060
1335.679705 3213.148066
1362.937753 3215.008137
1361.816160 3239.910404
1334.558689 3237.875816
1391.437034 3216.952908
1419.488129 3218.867096
1418.365662 3244.131448
1390.314945 3242.037649
1448.822643 3220.868864
1477.701905 3222.839565
1476.578999 3248.476685
1447.699898 3246.321053
1507.908917 3224.900872
1537.653569 3226.930627
1536.530699 3252.951680
1506.785968 3250.731434
1568.772592 3229.054168
1599.422125 3231.145672
1598.299808 3257.562333
1567.649935 3255.274524
1631.495095 3233.334309
1663.091437 3235.490423
1661.970239 3262.314906
1630.373272 3259.956403
