4064 2704
2672.555509 1782.136448
3547.044071 1768.067249
2721.096479 2440.606709
3695.870285 2426.542365
2729.581943 1837.151804
2814.032809 1835.804505
2822.002440 1916.104251
2736.389256 1917.452800
2867.485589 1834.951739
2951.994980 1833.603506
2961.864492 1913.901191
2876.191162 1915.250688
3005.484809 1832.750149
3090.052786 1831.400982
3101.824831 1911.696584
3016.091290 1913.047029
3143.579704 1830.547033
3228.206328 1829.196930
3241.883559 1909.490427
3156.089745 1910.841822
3281.770372 1828.342389
3366.455704 1826.991350
3382.040781 1907.282718
3296.186630 1908.635064
3420.056914 1826.136215
3504.801015 1824.784238
3522.296600 1905.073457
3436.382048 1906.426753
2741.125228 1973.319672
2827.547086 1971.970528
2835.895254 2056.084305
2748.255800 2057.433916
2882.247837 1971.116587
2968.730982 1969.766487
2979.069440 2053.879483
2891.366960 2055.230064
3023.470532 1968.911940
3110.015030 1967.560882
3122.346620 2051.673075
3034.581046 2053.024627
3164.793420 1966.705729
3251.399336 1965.353712
3265.726905 2049.465079
3177.898168 2050.817604
3306.216608 1964.497952
3392.884007 1963.144975
3409.210405 2047.255493
3321.318439 2048.608992
3447.740202 1962.288607
3534.469151 1960.934669
3552.797234 2045.044316
3464.841969 2046.398790
2753.219365 2115.985532
2841.706414 2114.635899
2850.460743 2202.842044
2760.696780 2204.191239
2897.714802 2113.781642
2986.266101 2112.431029
2997.107740 2200.637869
2907.277659 2201.988058
3042.315165 2111.576151
3130.930784 2110.224557
3143.862784 2198.432070
3053.966513 2199.783254
3187.020567 2109.369058
3275.700577 2108.016483
3290.725996 2196.224646
3200.763461 2197.576826
3331.831124 2107.160362
3420.575595 2105.806803
3437.697494 2194.015594
3347.668623 2195.368771
3476.746950 2104.950060
3565.555952 2103.595517
3584.777399 2191.804912
3494.682117 2193.159087
2765.904746 2265.625883
2856.558105 2264.277326
2865.748975 2356.881932
2773.754941 2358.229009
2913.938180 2263.423741
3004.658972 2262.074181
3016.041442 2354.681185
2923.977966 2356.029279
3062.081739 2261.219961
3152.870039 2259.869397
3166.447392 2352.478776
3074.314396 2353.827889
3210.335544 2259.014541
3301.191428 2257.662971
3316.966953 2350.274704
3224.764358 2351.624836
3358.699719 2256.807479
3449.623263 2255.454903
3467.600255 2348.068967
3375.327981 2349.420118
3507.174388 2254.598774
3598.165667 2253.245189
3618.347426 2345.861562
3526.005395 2347.213735
