2704 4064
1396.273865 3018.933440
2042.436817 2988.856963
1382.845319 3511.720077
2087.245678 3493.328052
1437.989749 3063.481595
1494.105171 3060.968881
1493.612754 3117.084179
1436.936352 3119.489461
1537.258260 3059.036588
1593.840791 3056.502957
1594.351991 3112.808920
1537.199050 3115.234426
1637.353839 3054.554547
1694.409335 3051.999738
1695.941053 3108.497596
1638.305536 3110.943582
1738.286864 3050.035007
1795.821281 3047.458753
1798.390739 3104.149748
1740.266509 3106.616474
1840.067889 3045.477495
1898.087283 3042.879525
1901.712031 3099.764910
1843.092845 3102.252642
1942.707647 3040.881531
2001.218175 3038.261569
2005.916100 3095.342608
1946.795609 3097.851614
1436.060127 3166.077341
1493.203138 3163.763431
1492.692344 3221.972857
1434.967514 3224.170274
1537.149794 3161.983886
1594.777263 3159.650359
1595.307621 3218.066593
1537.088370 3220.282830
1639.097289 3157.855695
1697.215401 3155.502300
1698.804773 3214.126757
1640.084721 3216.362059
1741.913575 3153.692324
1800.528625 3151.318806
1803.195217 3210.152917
1743.967875 3212.407529
1845.609808 3149.493320
1904.728195 3147.099421
1908.490568 3206.144629
1848.749333 3208.418804
1950.197331 3145.258226
2009.825568 3142.843681
2014.702644 3202.101445
1954.440798 3204.395438
1434.058362 3272.508810
1492.267298 3270.410489
1491.737080 3330.833494
1432.924302 3332.805451
1537.037256 3268.796618
1595.748982 3266.680172
1596.299597 3327.327574
1536.973491 3329.316743
1640.906484 3265.052331
1700.127543 3262.917525
1701.777887 3323.790949
1641.931703 3325.797556
1745.677645 3261.275530
1805.414693 3259.122124
1808.184033 3320.223214
1747.810902 3322.247489
1851.362536 3257.465792
1911.622346 3255.293541
1915.530333 3316.623956
1854.623264 3318.666134
1957.973163 3253.622682
2018.762629 3251.431338
2023.829301 3312.992755
1962.381180 3315.053074
1431.980332 3382.995210
1491.295716 3381.130765
1490.744944 3443.896059
1430.802421 3445.623374
1536.920411 3379.696657
1596.757978 3377.815799
1597.330033 3440.824682
1536.854170 3442.567366
1642.785216 3376.369037
1703.151893 3374.471548
1704.866786 3437.725881
1643.850432 3439.484140
1749.587025 3373.011965
1810.489860 3371.097622
1813.368004 3434.599288
1751.803882 3436.373332
1857.338333 3369.625047
1918.784503 3367.693626
1922.846723 3431.444528
1860.727421 3433.234570
1966.051859 3366.207884
2028.048666 3364.259155
2033.316210 3428.261217
1970.634187 3430.067475
