2704 4064
1134.054149 3293.017963
1531.865959 3232.477935
1121.693469 3555.427504
1554.872970 3506.719289
1164.360108 3317.955687
1191.575707 3313.920359
1190.889727 3338.027211
1163.459063 3341.991651
1223.210074 3309.229850
1250.931129 3305.119578
1250.720693 3329.380090
1222.776433 3333.418758
1283.155758 3300.341549
1311.396481 3296.154223
1311.679654 3320.569945
1283.207236 3324.684946
1344.228050 3291.286202
1373.003192 3287.019637
1373.798810 3311.592122
1344.783120 3315.785639
1406.459010 3282.059057
1435.783886 3277.710981
1437.111604 3302.441788
1407.536942 3306.716091
1469.881927 3272.655177
1499.772442 3268.223233
1501.652773 3293.113921
1471.502829 3297.471367
1162.345720 3371.690772
1190.042057 3367.816197
1189.331077 3392.801605
1161.411981 3396.598872
1222.240532 3363.311796
1250.460614 3359.363952
1250.242436 3384.517070
1221.791006 3388.386740
1283.270864 3354.773967
1312.029689 3350.750755
1312.323381 3376.073460
1283.324245 3380.017623
1345.469317 3346.072723
1374.782462 3341.971965
1375.607924 3367.466149
1346.045113 3371.486978
1408.869753 3337.203328
1438.753400 3333.022760
1440.131410 3358.690330
1409.988329 3362.790081
1473.507353 3328.160861
1503.978321 3323.898129
1505.930583 3349.741006
1475.189977 3353.922026
1160.257872 3427.385487
1188.452230 3423.686218
1187.714857 3449.599100
1159.289626 3453.214067
1221.235294 3419.384883
1249.972698 3415.614363
1249.746343 3441.710270
1220.768995 3445.395453
1283.390248 3411.229779
1312.686541 3407.385930
1312.991349 3433.667111
1283.445641 3437.424575
1346.757175 3402.915657
1376.628821 3398.996318
1377.485837 3425.465050
1347.354881 3429.296943
1411.371874 3394.437821
1441.835989 3390.440745
1443.267204 3417.099331
1412.533438 3421.007885
1477.271566 3385.791385
1508.345954 3381.714238
1510.374355 3408.565005
1479.019506 3412.552546
1158.092469 3485.149021
1186.803081 3481.640917
1186.037819 3508.533891
1157.087768 3511.950065
1220.192352 3477.561136
1249.466399 3473.984186
1249.231398 3501.076901
1219.708323 3504.560693
1283.514154 3469.823946
1313.368387 3466.176105
1313.684954 3493.471230
1283.571674 3497.024667
1348.094298 3461.933001
1378.546136 3458.212139
1379.436551 3485.712387
1348.715188 3489.337580
1413.970670 3453.883672
1445.038239 3450.087575
1446.525800 3477.795698
1415.177748 3481.494842
1481.182690 3445.671143
1512.884856 3441.797505
1514.993940 3469.716297
1482.999825 3473.491677
