4064 2704
2971.484648 2043.645417
3327.879676 2036.080856
2971.484648 2276.550916
3327.879676 2277.400118
2996.831341 2067.647028
3025.185460 2067.106386
3025.185460 2093.211714
2996.831341 2093.676495
3050.532153 2066.623089
3079.200611 2066.076454
3079.200611 2092.326299
3050.532153 2092.796232
3104.829082 2065.587784
3133.817135 2065.035055
3133.817135 2091.431025
3104.829082 2091.906197
3159.732110 2064.540922
3189.045133 2063.981997
3189.045133 2090.525728
3159.732110 2091.006227
3215.251443 2063.482309
3244.894931 2062.917083
3244.894931 2089.610239
3215.251443 2090.096155
3271.397517 2062.411745
3301.377090 2061.840111
3301.377090 2088.684384
3271.397517 2089.175809
2996.831341 2118.237264
3025.185460 2117.844064
3025.185460 2143.949392
2996.831341 2144.266731
3050.532153 2117.492570
3079.200611 2117.095011
3079.200611 2143.344855
3050.532153 2143.665713
3104.829082 2116.739609
3133.817135 2116.337618
3133.817135 2142.733588
3104.829082 2143.058022
3159.732110 2115.978243
3189.045133 2115.571745
3189.045133 2142.115477
3159.732110 2142.443548
3215.251443 2115.208330
3244.894931 2114.797250
3244.894931 2141.490406
3215.251443 2141.822176
3271.397517 2114.429726
3301.377090 2114.013985
3301.377090 2140.858259
3271.397517 2141.193790
2996.831341 2168.827501
3025.185460 2168.581742
3025.185460 2194.687070
2996.831341 2194.856968
3050.532153 2168.362051
3079.200611 2168.113568
3079.200611 2194.363412
3050.532153 2194.535193
3104.829082 2167.891434
3133.817135 2167.640181
3133.817135 2194.036151
3104.829082 2194.209847
3159.732110 2167.415563
3189.045133 2167.161494
3189.045133 2193.705225
3159.732110 2193.880868
3215.251443 2166.934351
3244.894931 2166.677417
3244.894931 2193.370574
3215.251443 2193.548197
3271.397517 2166.447707
3301.377090 2166.187860
3301.377090 2193.032133
3271.397517 2193.211771
2996.831341 2219.417738
3025.185460 2219.319421
3025.185460 2245.424749
2996.831341 2245.447205
3050.532153 2219.231532
3079.200611 2219.132125
3079.200611 2245.381969
3050.532153 2245.404674
3104.829082 2219.043259
3133.817135 2218.942743
3133.817135 2245.338713
3104.829082 2245.361672
3159.732110 2218.852884
3189.045133 2218.751242
3189.045133 2245.294973
3159.732110 2245.318189
3215.251443 2218.660372
3244.894931 2218.557584
3244.894931 2245.250741
3215.251443 2245.274218
3271.397517 2218.465688
3301.377090 2218.361734
3301.377090 2245.206008
3271.397517 2245.229751
