4064.000000 2704.000000
2369.493518 1805.528495
2840.683215 1869.960642
2313.538372 2150.138144
2810.116230 2214.566174
2400.088695 1847.744072
2436.799006 1852.739510
2431.545568 1887.563443
2394.630476 1882.566891
2473.434710 1857.724795
2510.035403 1862.705317
2505.189593 1897.531349
2468.385333 1892.549799
2546.561792 1867.675727
2583.053357 1872.641399
2578.612763 1907.469362
2541.918836 1902.502745
2619.470921 1877.597000
2655.853845 1882.547888
2651.816070 1917.377615
2615.231981 1912.425866
2692.163069 1887.488747
2728.437837 1892.424917
2724.800500 1927.256243
2688.325756 1922.319294
2764.639204 1897.351100
2800.806297 1902.272618
2797.567032 1937.105379
2761.201144 1932.183163
2388.794730 1919.798297
2425.928812 1924.795724
2420.555527 1960.414093
2383.211899 1955.416134
2462.986798 1929.782910
2500.008745 1934.765246
2495.052556 1970.384551
2457.822318 1965.401768
2536.954909 1939.737383
2573.865227 1944.704696
2569.323638 1980.324770
2532.206275 1975.357093
2610.700075 1949.661852
2647.499269 1954.614210
2643.369799 1990.234886
2606.364799 1985.282248
2684.223303 1959.556453
2720.911873 1964.493924
2717.192061 2000.115036
2680.298914 1995.177367
2757.525593 1969.421322
2794.104038 1974.343972
2790.791436 2009.965355
2754.009636 2005.042589
2377.242155 1993.502426
2414.809902 1998.500624
2409.312622 2034.940927
2371.530395 2029.942819
2452.300015 2003.488494
2489.753021 2008.471427
2484.682639 2044.911422
2447.016451 2039.928664
2527.128718 2013.444074
2564.467508 2018.411811
2559.821439 2054.851330
2522.270757 2049.883852
2601.729312 2023.369305
2638.954408 2028.321915
2634.730085 2064.760791
2597.294379 2059.808523
2676.102838 2033.264326
2713.214759 2038.201879
2709.409634 2074.639946
2672.088375 2069.702818
2750.250332 2043.129275
2787.249593 2048.051839
2783.861134 2084.488932
2746.653800 2079.566875
2365.421985 2068.913783
2403.433641 2073.911450
2397.808025 2111.202470
2359.576776 2106.205560
2441.366074 2078.898700
2479.260292 2083.880926
2474.071724 2121.170306
2435.959258 2116.188921
2517.075623 2088.852780
2554.852947 2093.819638
2550.098751 2131.107208
2512.104515 2126.141276
2592.551717 2098.776167
2630.212687 2103.727726
2625.890206 2141.013320
2588.013651 2136.062770
2667.795435 2108.669001
2705.340588 2113.605333
2701.447182 2150.888786
2663.687762 2145.953545
2742.807847 2118.531424
2780.237717 2123.452599
2776.770765 2160.733746
2739.127938 2155.813745
