2704 4064
663.615420 2618.908355
2316.541984 2542.649743
687.845302 3764.741327
2282.988289 3653.875553
768.317908 2718.172046
930.591579 2710.371333
932.475920 2863.670199
770.983598 2871.938265
1032.714880 2705.462129
1193.252853 2697.744853
1193.883258 2850.286697
1034.110104 2858.466744
1294.286747 2692.888018
1453.116723 2685.252848
1452.519660 2837.045060
1294.438367 2845.138488
1553.078548 2680.447548
1710.227640 2672.893181
1708.428952 2823.943045
1552.012790 2831.951222
1809.134371 2668.138601
1964.629120 2660.663760
1961.654040 2810.978456
1806.876837 2818.902722
2062.497373 2655.959101
2216.363768 2648.562537
2212.236937 2798.149142
2059.073066 2805.990808
772.781436 2975.643807
933.746821 2967.063269
935.601307 3117.933327
775.404754 3126.965871
1035.051134 2961.663067
1194.308454 2953.173580
1194.928923 3103.311365
1036.424298 3112.248511
1294.540635 2947.830531
1452.116934 2939.430653
1451.529231 3088.843180
1294.689870 3097.686431
1551.293911 2934.143853
1707.215665 2925.832174
1705.445029 3074.526358
1550.244827 3083.277187
1805.354016 2920.600739
1959.647148 2912.375877
1956.718225 3060.358537
1803.131619 3069.018385
2056.763103 2907.198943
2209.452996 2899.059544
2205.389860 3046.337403
2053.391815 3054.907681
777.174128 3229.029516
936.852153 3219.694745
938.677488 3368.193263
779.756077 3377.965240
1037.350508 3213.819615
1195.347446 3204.583120
1195.958212 3352.373233
1038.702131 3362.042810
1294.790535 3198.769681
1451.132794 3189.629919
1450.554233 3336.718285
1294.937442 3346.287063
1549.537152 3183.877204
1704.250590 3174.832663
1702.507354 3321.225847
1548.504354 3330.695394
1801.632407 3169.139726
1954.742348 3160.188925
1951.858515 3305.893401
1799.444332 3315.265253
2051.117479 3154.554838
2202.648722 3145.696328
2198.647816 3290.718483
2047.797989 3299.994144
781.497658 3478.425673
939.908748 3468.361349
941.705615 3614.543808
784.039208 3625.031065
1039.613869 3462.026788
1196.370216 3452.067595
1196.971506 3597.564674
1040.944454 3607.942889
1295.036543 3445.799032
1450.163939 3435.943331
1449.594308 3580.761347
1295.181175 3591.032211
1547.807622 3429.739740
1701.331328 3419.985926
1699.614860 3564.131110
1546.790733 3574.296280
1797.968185 3413.846301
1949.912940 3404.192802
1947.073164 3547.671302
1795.813642 3557.732402
2045.558463 3398.116160
2195.948501 3388.561437
2192.008408 3531.379317
2042.289585 3541.337936
