4064 2704
956.991397 1522.708570
1544.244523 1593.768595
791.669871 1856.300238
1429.444261 1927.349579
982.561084 1560.434266
1033.439195 1566.546931
1016.204365 1603.158550
964.839547 1597.042389
1075.323816 1571.579088
1125.941502 1577.660465
1109.588199 1614.278040
1058.488675 1608.193468
1167.612007 1582.666897
1217.971262 1588.717225
1202.490676 1625.340214
1151.654396 1619.286987
1259.429288 1593.698130
1309.532087 1599.717646
1294.915509 1636.345513
1244.340445 1630.323390
1350.779254 1604.673218
1400.627550 1610.662157
1386.866373 1647.294375
1336.550515 1641.303116
1441.665464 1615.592588
1491.261192 1621.551183
1478.346903 1658.187233
1428.288264 1652.226602
949.011320 1629.739424
1000.811219 1635.857917
982.976539 1673.743785
930.672100 1667.623524
1043.452807 1640.894650
1094.983022 1646.981288
1078.062052 1684.869956
1026.032427 1678.781852
1137.402897 1651.991833
1188.665531 1658.046865
1172.648986 1695.937788
1120.892015 1689.881587
1230.865416 1663.031425
1281.862547 1669.055096
1266.741254 1706.947737
1215.254799 1700.923190
1323.844151 1674.013873
1374.577836 1680.006427
1360.342724 1717.900257
1309.124670 1711.907117
1416.342847 1684.939621
1466.815123 1690.901298
1453.457228 1728.795796
1402.505482 1722.833817
914.287333 1701.470226
967.042943 1707.591220
948.576544 1746.819038
895.297562 1740.698196
1010.469288 1712.629781
1062.945456 1718.718352
1045.426740 1757.945465
992.432614 1751.857349
1106.142080 1723.730260
1158.341020 1729.786665
1141.760196 1769.012528
1089.048647 1762.956874
1201.309741 1734.772130
1253.233645 1740.796625
1237.581035 1780.020699
1185.149810 1773.997251
1295.976262 1745.755856
1347.627297 1751.748691
1332.893338 1790.970449
1280.740206 1784.978948
1390.145589 1756.681895
1441.525901 1762.643318
1427.701143 1801.862241
1375.823898 1795.902435
878.326378 1775.756285
932.073526 1781.876083
912.941239 1822.518435
858.650816 1816.400922
976.313976 1786.913421
1029.771384 1793.000228
1011.622680 1833.637982
957.627715 1827.553762
1073.773664 1798.010447
1126.943667 1804.064529
1109.768207 1844.697142
1056.066295 1838.645944
1170.709694 1809.047849
1223.594606 1815.069469
1207.382175 1855.696405
1153.970935 1849.677960
1267.126278 1820.026104
1319.728383 1826.015524
1304.468889 1866.636257
1251.345969 1860.650300
1363.027577 1830.945688
1415.349140 1836.903164
1401.032610 1877.517177
1348.195682 1871.563446
