4064.000000 2704.000000
2358.817885 941.373837
2907.398331 1095.054904
2292.620826 1297.306511
2799.869618 1459.223638
2383.212803 980.484742
2435.793614 995.374756
2425.271961 1047.017333
2373.244117 1031.994821
2465.596949 1003.814566
2519.068999 1018.956963
2507.660763 1070.806263
2454.759521 1055.531566
2549.379644 1027.540435
2603.765786 1042.941688
2591.442238 1094.997313
2537.645418 1079.464028
2634.596805 1051.672522
2689.920681 1067.339325
2676.651999 1119.600766
2621.936666 1103.802269
2721.285591 1076.221348
2777.571664 1092.160630
2763.326883 1144.627259
2707.669310 1128.556700
2809.484454 1101.197803
2866.758045 1117.416733
2851.505006 1170.087797
2794.880643 1153.738087
2367.282733 1062.798414
2418.980407 1077.897654
2408.774564 1127.990167
2357.611705 1112.770443
2448.279444 1086.454968
2500.839944 1101.806211
2489.776947 1152.086435
2437.768262 1136.615098
2530.630022 1110.506942
2584.075130 1126.116552
2572.127615 1176.583784
2519.251956 1160.854543
2614.368700 1134.964337
2668.720938 1150.838890
2655.860516 1201.492315
2602.096021 1185.498667
2699.530872 1159.837488
2754.813532 1175.983788
2741.010743 1226.822467
2686.334811 1210.557688
2786.153147 1185.137089
2842.390327 1201.562173
2827.614591 1252.585036
2772.003848 1236.042172
2351.827002 1142.661093
2402.670444 1157.950525
2392.766402 1206.561729
2342.440495 1191.162945
2431.481799 1166.614558
2483.160988 1182.155312
2472.427792 1230.936622
2421.282350 1215.287075
2512.447886 1190.962348
2564.983597 1206.760672
2553.395163 1255.711120
2501.410005 1239.804636
2594.757909 1215.714282
2648.171616 1231.776633
2635.700898 1280.895133
2582.855171 1264.725331
2678.445612 1240.880505
2732.759510 1257.213558
2719.378456 1306.498897
2665.650614 1290.059185
2763.545875 1266.471508
2818.782913 1283.082165
2804.462423 1332.532997
2749.830194 1315.816559
2336.824734 1220.180644
2386.841463 1235.642629
2377.226031 1282.837273
2327.710375 1267.276256
2415.180953 1244.403393
2466.007601 1260.115753
2455.589675 1307.464191
2405.279572 1291.653508
2494.807854 1269.018956
2546.464253 1284.987822
2535.218951 1332.488852
2484.095127 1316.422445
2575.736599 1294.036966
2628.243236 1310.268672
2616.144771 1357.920971
2564.187324 1341.592586
2657.999377 1319.467374
2711.377418 1335.968463
2698.399061 1383.770581
2645.587432 1367.173757
2741.629449 1345.320463
2795.900768 1362.097696
2782.014802 1410.048047
2728.327754 1393.176110
