4064 2704
2787.798933 1380.175155
3791.733481 1784.781103
2345.142735 1737.816623
3407.196917 2285.217013
2807.217061 1438.021972
2884.291400 1469.761949
2836.011994 1511.352559
2758.553973 1478.539693
2944.887183 1494.715894
3026.148464 1528.180096
2978.661526 1571.781936
2896.932602 1537.159825
3090.081251 1554.508252
3175.880157 1589.841093
3129.351108 1635.617250
3042.988049 1599.032021
3243.433391 1617.660185
3334.160892 1655.022671
3288.780188 1703.154801
3197.377370 1664.434622
3405.651048 1684.463026
3501.744355 1724.035204
3457.731761 1774.726282
3360.834804 1733.678669
3577.525899 1755.242796
3679.475508 1797.226656
3637.085241 1850.704233
3534.183451 1807.112845
2717.760000 1512.505454
2795.523811 1546.231370
2744.613054 1590.088776
2666.485410 1555.197557
2856.704437 1572.765213
2938.809197 1608.373785
2888.660744 1654.419391
2806.104589 1617.550433
3003.453303 1636.409728
3090.272914 1674.063116
3041.059970 1722.479739
2953.687807 1683.459988
3158.683154 1703.732420
3250.635725 1743.611957
3202.558718 1794.603865
3109.936487 1753.239474
3323.151075 1775.061632
3420.705654 1817.370743
3373.997044 1871.166933
3275.636911 1827.240037
3497.707022 1850.765990
3601.391600 1895.733661
3556.321692 1952.591749
3451.673455 1905.856634
2623.472504 1591.010840
2701.887723 1626.894792
2648.124475 1673.209494
2569.370405 1636.057175
2763.626378 1655.147304
2846.543108 1693.091214
2793.502945 1741.791947
2710.156189 1702.473023
2911.877438 1722.989160
2999.694734 1763.175640
2947.558793 1814.467963
2859.205560 1772.787228
3068.948259 1794.867067
3162.113780 1837.500974
3111.092825 1891.615322
3017.268078 1847.353395
3235.650032 1871.152239
3334.667669 1916.464160
3285.007511 1973.659766
3185.186782 1926.569228
3412.896568 1952.262849
3518.335560 2000.513276
3470.323648 2061.082858
3363.913232 2010.883627
2523.952471 1673.872925
2602.971321 1712.106974
2546.108949 1761.091436
2466.782361 1721.473739
2665.233738 1742.233258
2748.921213 1782.726267
2692.731810 1834.318588
2608.641854 1792.321945
2814.917279 1814.659114
2903.699702 1857.617365
2848.372392 1912.049417
2759.076769 1867.452933
2973.775616 1891.524286
3068.132845 1937.179960
3013.889012 1994.712588
2918.888918 1947.267147
3142.678966 1973.249836
3243.153066 2021.865219
3190.252485 2082.792951
3088.983290 2032.216563
3322.611194 2060.311817
3429.816856 2112.184333
3378.565176 2176.841055
3270.385197 2122.813248
