4064 2704
956.726620 1757.727680
1771.661140 1743.992431
964.442266 2329.093702
1779.376807 2306.978860
1012.927632 1812.855392
1085.493063 1811.566914
1086.420240 1880.059806
1013.854794 1881.438569
1140.936740 1810.582451
1213.165841 1809.299945
1214.093035 1877.633988
1141.863926 1879.006361
1268.352842 1808.320039
1340.247945 1807.043463
1341.175147 1875.219393
1269.280041 1876.585420
1395.180049 1806.068084
1466.743465 1804.797397
1467.670664 1872.815944
1396.107250 1874.175668
1521.422433 1803.826513
1592.656454 1802.561675
1593.583639 1870.423563
1522.349627 1871.777029
1647.084031 1801.595254
1717.990924 1800.336225
1718.918088 1868.042174
1648.011208 1869.389424
1014.612144 1937.460459
1087.177601 1936.007944
1088.104835 2004.505070
1015.539364 2006.047881
1142.621294 1934.898149
1214.850410 1933.452367
1215.777661 2001.790625
1143.548537 2003.326285
1270.037419 1932.347711
1341.932527 1930.908614
1342.859785 1999.088739
1270.964675 2000.617297
1396.864630 1929.809060
1468.428042 1928.376603
1469.355297 1996.399325
1397.791889 1997.920831
1523.107002 1927.282116
1594.341007 1925.856252
1595.268249 1993.722297
1524.034253 1995.236799
1648.768569 1924.766797
1719.675437 1923.347482
1720.602657 1991.057569
1649.695803 1992.565116
1016.296760 2062.073238
1088.862243 2060.456667
1089.789534 2128.958028
1017.224038 2130.664906
1144.305951 2059.221525
1216.535083 2057.612447
1217.462391 2125.954920
1145.233252 2127.653886
1271.722099 2056.383024
1343.617212 2054.781387
1344.544528 2122.965708
1272.649412 2124.656817
1398.549316 2053.557642
1470.112722 2051.963395
1471.040034 2119.990294
1399.476631 2121.673600
1524.791674 2050.745290
1596.025663 2049.158382
1596.952963 2117.028583
1525.718981 2118.704141
1650.453210 2047.945877
1721.360053 2046.366256
1722.287329 2114.080481
1651.380500 2115.748344
1017.981481 2186.693731
1090.546989 2184.913083
1091.474338 2253.418679
1018.908816 2255.289645
1145.990713 2183.552579
1218.219859 2181.780185
1219.147225 2250.126873
1146.918071 2251.989166
1273.406884 2180.425979
1345.302001 2178.661782
1346.229374 2246.850299
1274.334254 2248.703979
1400.234104 2177.313832
1471.797505 2175.557775
1472.724874 2243.588850
1401.161477 2245.433977
1526.476449 2174.216037
1597.710423 2172.468063
1598.637779 2240.342422
1527.403813 2242.179056
1652.137954 2171.132494
1723.044771 2169.392548
1723.972104 2237.110911
1653.065301 2238.939110
