4064 2704
2546.898983 768.722532
3686.116029 733.063822
2559.758218 1573.093827
3749.072697 1545.798808
2618.443715 838.569470
2724.972800 835.308756
2727.608124 936.033273
2620.501936 939.199902
2795.619884 833.146343
2902.540694 829.873639
2906.140794 930.754897
2798.638630 933.933234
2973.447797 827.703266
3080.762495 824.418506
3085.334486 925.456978
2977.434145 928.647087
3151.931057 822.240131
3259.641824 818.943247
3265.192877 920.139407
3156.892144 923.341353
3331.073292 816.756825
3439.182325 813.447751
3445.719674 914.802074
3337.016316 918.015924
3510.878159 811.253236
3619.387672 807.931904
3626.918608 909.444869
3517.810376 912.670689
2621.976687 1011.303338
2729.496398 1008.204860
2732.180900 1110.809001
2624.073273 1113.809534
2800.801649 1006.150001
2908.720398 1003.040023
2912.387806 1105.807349
2803.876770 1108.819079
2980.290529 1000.977532
3088.610541 997.855990
3093.268168 1100.787006
2984.351461 1103.809994
3160.447031 995.785823
3269.170547 992.652653
3274.825771 1095.747865
3165.501113 1098.782176
3341.274885 990.574767
3450.404165 987.429904
3457.064424 1090.689822
3347.329520 1093.735520
3522.777853 985.344256
3632.315172 982.187634
3639.987966 1085.612769
3529.840502 1088.669918
2625.575642 1187.263274
2734.104577 1184.333692
2736.839646 1288.870567
2627.711677 1291.698173
2806.080373 1182.390809
2915.015864 1179.450253
2918.752484 1284.157037
2809.213462 1286.995294
2987.261539 1177.500085
3096.605875 1174.548492
3101.351569 1279.425726
2991.399167 1282.274695
3169.122949 1172.590998
3278.878437 1169.628307
3284.640793 1274.676533
3174.272666 1277.536273
3351.668443 1167.663446
3461.837405 1164.689594
3468.624074 1269.909356
3357.837861 1272.779930
3534.901886 1162.717323
3645.486664 1159.732247
3653.305363 1265.124094
3542.098684 1268.005561
2629.242447 1366.540507
2738.799730 1363.786775
2741.586809 1470.311511
2631.419054 1472.959061
2811.458802 1361.960482
2921.430375 1359.196336
2925.238185 1465.898005
2814.651514 1468.555622
2994.364467 1357.363131
3104.752685 1354.588513
3109.588967 1461.467691
2998.580986 1464.135433
3177.963361 1352.748356
3288.770596 1349.963206
3294.643157 1457.020473
3183.211453 1459.698397
3362.259433 1348.116057
3473.488076 1345.320315
3480.404788 1452.556253
3368.546932 1455.244419
3547.256662 1343.466134
3658.909121 1340.659740
3666.877926 1448.074934
3554.591467 1450.773400
