4064 2704
3106.362518 833.641465
3868.356438 986.650927
2974.808622 1299.962620
3694.693468 1545.685631
3143.741355 897.516149
3193.045297 908.045579
3178.792572 957.880060
3129.770077 946.693272
3245.305526 919.206359
3297.468663 930.346404
3282.611880 981.571318
3230.751844 969.737011
3352.804113 942.163933
3408.082570 953.969290
3392.574115 1006.664374
3337.622844 994.124656
3466.772892 966.503291
3525.454325 979.035394
3509.241109 1033.287435
3450.913739 1019.977303
3587.814137 992.353057
3650.222738 1005.681140
3633.245360 1061.584837
3571.220919 1047.431044
3716.607263 1019.858328
3783.109754 1034.060708
3765.301507 1091.719658
3699.217009 1076.639372
3114.607238 1000.064534
3163.325077 1011.961968
3149.179680 1061.421176
3100.739748 1048.876336
3214.958601 1024.571444
3266.490596 1037.156126
3251.748889 1087.984267
3200.516083 1074.716136
3321.150405 1050.504654
3375.747631 1063.837898
3360.362836 1116.112807
3306.088457 1102.056978
3433.707801 1077.992411
3491.652114 1092.143052
3475.572098 1145.949384
3417.977021 1131.033570
3553.220846 1107.178815
3614.829750 1122.224389
3597.996212 1177.654443
3536.766082 1161.797233
3680.354850 1138.226341
3745.987313 1154.254512
3728.334818 1211.409175
3663.114311 1194.518548
3085.689341 1101.851856
3133.828443 1115.096593
3119.789167 1164.184752
3071.924487 1150.302393
3184.843241 1129.132534
3235.752234 1143.139364
3221.124272 1193.575325
3170.510616 1178.895670
3289.745233 1157.994711
3343.670254 1172.831355
3328.407646 1224.691094
3274.801206 1209.143432
3400.910078 1188.580016
3458.127310 1204.322461
3442.178860 1257.688554
3385.306120 1241.193556
3518.915889 1221.047508
3579.736299 1237.781313
3563.044781 1292.743717
3502.597852 1275.212084
3644.414190 1255.576444
3709.189179 1273.398290
3691.690401 1330.055253
3627.321441 1311.386100
3056.985265 1202.886555
3104.552881 1217.458243
3090.618535 1266.179513
3043.321912 1250.979823
3154.956804 1232.898795
3205.250806 1248.305674
3190.735277 1298.353976
3140.732825 1282.284715
3258.585683 1264.644084
3311.847374 1280.960074
3296.705502 1332.409570
3243.758196 1315.393923
3368.376494 1298.276996
3424.876512 1315.585003
3409.058019 1368.516238
3352.897830 1350.468068
3484.895674 1333.971051
3544.938598 1352.364379
3528.387311 1406.865028
3468.712667 1387.687420
3608.781281 1371.921711
3672.711119 1391.505742
3655.364059 1447.671477
3591.834430 1427.254994
