4064 2704
3225.433793 1780.728564
3799.108753 1836.156746
3186.470107 2150.059973
3768.511195 2230.628481
3258.841471 1820.344722
3306.989466 1825.170292
3302.508751 1869.484255
3254.281682 1864.410078
3344.215272 1828.901200
3393.291256 1833.819776
3388.955065 1878.579641
3339.796457 1873.407454
3431.238011 1837.622940
3481.269073 1842.637238
3477.083900 1887.852054
3426.966501 1882.578987
3519.957927 1846.514778
3570.972222 1851.627620
3566.944861 1897.306710
3515.840343 1891.929785
3610.425157 1855.581739
3662.451957 1860.796057
3658.589520 1906.949037
3606.468430 1901.465154
3702.691835 1864.829046
3755.761585 1870.147893
3752.071518 1916.784678
3698.903219 1911.190614
3250.542628 1900.543935
3298.834461 1905.822734
3294.318503 1950.485248
3245.947169 1944.954015
3336.172868 1909.904210
3385.399153 1915.285155
3381.028526 1960.400488
3331.719152 1954.761990
3423.463573 1919.445992
3473.651699 1924.932076
3469.432964 1970.509484
3419.157997 1964.760571
3512.463515 1929.174611
3563.641950 1934.768946
3559.581974 1980.817970
3508.312770 1974.955366
3603.223392 1939.095609
3655.421740 1944.801432
3651.527710 1991.331911
3599.234483 1985.352211
3695.795929 1949.214750
3749.044984 1955.035426
3745.324430 2002.057510
3691.976190 1995.957170
3242.178807 1981.371100
3290.615256 1987.110111
3286.063638 2032.125304
3237.547256 2026.129963
3328.066885 1991.547581
3377.444319 1997.398084
3373.038843 2042.873136
3323.577853 2036.761067
3415.627077 2001.922183
3465.973184 2007.887460
3461.720481 2053.831839
3411.287025 2047.599599
3504.908691 2012.500748
3556.252260 2018.584210
3552.159270 2065.007679
3500.724384 2058.651689
3595.962998 2023.289352
3648.333967 2029.494546
3644.407956 2076.407174
3591.941514 2069.923711
3688.843321 2034.294312
3742.272840 2040.624928
3738.521421 2088.037107
3684.992074 2081.422297
3233.749240 2062.833620
3282.331090 2069.039948
3277.743387 2114.412014
3229.081171 2107.945393
3319.896568 2073.838934
3369.426000 2080.166315
3364.985257 2126.005406
3315.371797 2119.412376
3407.727776 2085.059364
3458.232788 2091.511375
3453.945705 2137.827175
3403.352834 2131.103993
3497.292724 2096.501279
3548.802426 2103.081639
3544.676018 2149.884139
3493.074444 2143.026913
3588.643257 2108.171302
3641.187929 2114.883880
3637.229542 2162.183385
3584.588796 2155.188065
3681.833310 2120.076324
3735.444462 2126.925144
3731.661791 2174.732291
3677.950164 2167.594664
