2704 4064
1295.879245 3047.531698
1684.429250 3067.425296
1296.391878 3297.477692
1673.216901 3317.370749
1326.100964 3077.485875
1355.359887 3078.988408
1355.225480 3105.241643
1326.061749 3103.739002
1385.528844 3080.537674
1414.810465 3082.041373
1414.482530 3108.294822
1385.296247 3106.791019
1445.002832 3083.591842
1474.307179 3085.096708
1473.785415 3111.350363
1444.576555 3109.845397
1504.522983 3086.648380
1533.850082 3088.154414
1533.134189 3114.408268
1503.902725 3112.902137
1564.089350 3089.707291
1593.439227 3091.214495
1592.528904 3117.468540
1563.274810 3115.961243
1623.701986 3092.768578
1653.074668 3094.276954
1651.969614 3120.531183
1622.692863 3119.022718
1326.019319 3132.144021
1355.080056 3133.646743
1354.947461 3159.546129
1325.980632 3158.043368
1385.044586 3135.196199
1414.127716 3136.700079
1413.804202 3162.599540
1384.815125 3161.095625
1444.115339 3138.250729
1473.220888 3139.755768
1472.706162 3165.655297
1443.694811 3164.150226
1503.231631 3141.307614
1532.359624 3142.813813
1531.653391 3168.713403
1502.619741 3167.207175
1562.393514 3144.366856
1591.543977 3145.874218
1590.645942 3171.773860
1561.589967 3170.266474
1621.601040 3147.428459
1650.774000 3148.936983
1649.683868 3174.836671
1620.605542 3173.328125
1325.938772 3186.066893
1354.803991 3187.569662
1354.673171 3213.122305
1325.900602 3211.619562
1384.566845 3189.119163
1413.454157 3190.623082
1413.134976 3216.175667
1384.340457 3214.671778
1443.239794 3192.173769
1472.149223 3193.678839
1471.641394 3219.231360
1442.824899 3217.726322
1501.957670 3195.230714
1530.889242 3196.736937
1530.192475 3222.289385
1501.353980 3220.783199
1560.720525 3198.290001
1589.674266 3199.797378
1588.788273 3225.349746
1559.927751 3223.842409
1619.528411 3201.351632
1648.504345 3202.860165
1647.428836 3228.412444
1618.546263 3226.903956
1325.859301 3239.269227
1354.531615 3240.771908
1354.402535 3265.984725
1325.821639 3264.482133
1384.095490 3242.321314
1412.789603 3243.825137
1412.474668 3269.037769
1383.872113 3267.534038
1442.375957 3245.375721
1471.091892 3246.880688
1470.590821 3272.093127
1441.966583 3270.588256
1500.700752 3248.432452
1529.438535 3249.938564
1528.751045 3275.150802
1500.105098 3273.644790
1559.069926 3251.491508
1587.829581 3252.998766
1586.955389 3278.210796
1558.287709 3276.703642
1617.483529 3254.552893
1646.265082 3256.061299
1645.203903 3281.273113
1616.514466 3279.764815
