4064 2704
2189.397594 1750.352717
2953.366146 1750.352717
2187.650157 2325.122515
2989.369693 2325.122515
2243.946784 1808.496353
2307.908323 1808.496353
2308.376254 1871.706887
2244.063942 1871.706887
2362.700519 1808.496353
2426.662058 1808.496353
2427.781249 1871.706887
2363.468937 1871.706887
2481.454253 1808.496353
2545.415792 1808.496353
2547.186244 1871.706887
2482.873932 1871.706887
2600.207988 1808.496353
2664.169527 1808.496353
2666.591238 1871.706887
2602.278926 1871.706887
2718.961723 1808.496353
2782.923262 1808.496353
2785.996233 1871.706887
2721.683921 1871.706887
2837.715457 1808.496353
2901.676996 1808.496353
2905.401228 1871.706887
2841.088916 1871.706887
2244.171709 1929.850523
2308.806676 1929.850523
2309.284540 1994.402834
2244.291354 1994.402834
2364.175759 1929.850523
2428.810727 1929.850523
2429.953675 1994.402834
2364.960489 1994.402834
2484.179810 1929.850523
2548.814777 1929.850523
2550.622810 1994.402834
2485.629624 1994.402834
2604.183860 1929.850523
2668.818827 1929.850523
2671.291944 1994.402834
2606.298758 1994.402834
2724.187910 1929.850523
2788.822878 1929.850523
2791.961079 1994.402834
2726.967893 1994.402834
2844.191961 1929.850523
2908.826928 1929.850523
2912.630214 1994.402834
2847.637028 1994.402834
2244.401421 2053.787273
2309.724148 2053.787273
2310.212264 2119.724542
2244.523633 2119.724542
2365.682395 2053.787273
2431.005122 2053.787273
2432.172592 2119.724542
2366.483961 2119.724542
2486.963370 2053.787273
2552.286097 2053.787273
2554.132920 2119.724542
2488.444289 2119.724542
2608.244344 2053.787273
2673.567071 2053.787273
2676.093248 2119.724542
2610.404617 2119.724542
2729.525319 2053.787273
2794.848045 2053.787273
2798.053577 2119.724542
2732.364945 2119.724542
2850.806293 2053.787273
2916.129020 2053.787273
2920.013905 2119.724542
2854.325273 2119.724542
2244.636074 2180.389932
2310.661354 2180.389932
2311.160057 2247.757212
2244.760936 2247.757212
2367.221439 2180.389932
2433.246720 2180.389932
2434.439509 2247.757212
2368.040389 2247.757212
2489.806805 2180.389932
2555.832085 2180.389932
2557.718962 2247.757212
2491.319841 2247.757212
2612.392170 2180.389932
2678.417451 2180.389932
2680.998414 2247.757212
2614.599294 2247.757212
2734.977536 2180.389932
2801.002816 2180.389932
2804.277867 2247.757212
2737.878747 2247.757212
2857.562901 2180.389932
2923.588182 2180.389932
2927.557320 2247.757212
2861.158199 2247.757212
