2704 4064
1872.615790 3051.302560
2215.065073 3073.298040
1862.609196 3307.590910
2219.256116 3335.678109
1895.896888 3078.981120
1924.030290 3080.825068
1923.169122 3109.173181
1894.907782 3107.274943
1948.353091 3082.419258
1976.655930 3084.274311
1976.035202 3112.724054
1947.602868 3110.814331
2001.125439 3085.878117
2029.599251 3087.744376
2029.221893 3116.296462
2000.617008 3114.375148
2054.216799 3089.357885
2082.863138 3091.235452
2082.732120 3119.890601
2053.953108 3117.957592
2107.630073 3092.858752
2136.450511 3094.747731
2136.568844 3123.506669
2107.614111 3121.561858
2161.368198 3096.380911
2190.364327 3098.281405
2190.735063 3127.144869
2161.602994 3125.188146
1893.994017 3133.413603
1922.373538 3135.362370
1921.497009 3164.216112
1892.987298 3162.211262
1946.909772 3137.047226
1975.461732 3139.007834
1974.829898 3167.966569
1946.146149 3165.949480
2000.147279 3140.702942
2028.873255 3142.675500
2028.489125 3171.739974
1999.629739 3169.710534
2053.709483 3144.380955
2082.611070 3146.365571
2082.477693 3175.536540
2053.441053 3173.494635
2107.599363 3148.081469
2136.678177 3150.078255
2136.798646 3179.356479
2107.583113 3177.301994
2161.819935 3151.804691
2191.077610 3153.813759
2191.455061 3183.200008
2162.058977 3181.132827
1892.057189 3188.817461
1920.687171 3190.874513
1919.794867 3220.247532
1891.032382 3218.132533
1945.440618 3192.653038
1974.246121 3194.722701
1973.602882 3224.204210
1944.663232 3222.076184
1999.151557 3196.512146
2028.134202 3198.594537
2027.743116 3228.185318
1998.624661 3226.044143
2053.193030 3200.395003
2082.354455 3202.490239
2082.218656 3232.191081
2052.919733 3230.036636
2107.568098 3204.301828
2136.909962 3206.410029
2137.032626 3236.221731
2107.551552 3234.053892
2162.279858 3208.232845
2191.803841 3210.354131
2192.188191 3240.277499
2162.523262 3238.096140
1890.085485 3245.218928
1918.970389 3247.387869
1918.061881 3277.294311
1889.042098 3275.065485
1943.944928 3249.263185
1973.008519 3251.445544
1972.353561 3281.464113
1943.153405 3279.221433
1998.137795 3253.332479
2027.381736 3255.528380
2026.983504 3285.659894
1997.601286 3283.403231
2052.667192 3257.427042
2082.093168 3259.636612
2081.954880 3289.881898
2052.388892 3287.611121
2107.536263 3261.547111
2137.145979 3263.770478
2137.270899 3294.130373
2107.519413 3291.845349
2162.748192 3265.692925
2192.543375 3267.930219
2192.934814 3298.405567
2162.996079 3296.106161
