4064.000000 2704.000000
1154.387230 1923.113740
2475.029109 1748.192296
1320.358779 2792.203726
2624.527163 2641.988308
1229.789588 1978.493421
1372.185831 1959.811423
1397.141451 2093.418283
1255.003756 2111.699041
1435.205963 1951.543354
1578.713840 1932.715514
1603.291354 2066.904723
1460.046598 2085.327863
1642.226908 1924.382773
1786.859488 1905.407374
1811.052204 2040.183974
1666.687403 2058.751166
1850.871298 1897.009200
1996.641853 1877.884502
2020.442957 2013.253598
1874.944923 2031.966539
2061.158303 1869.420121
2208.080319 1850.144354
2231.482870 1986.111119
2084.838206 2004.971531
2273.107399 1841.612979
2421.194572 1822.184348
2444.191502 1958.754021
2296.386601 1977.763654
1267.127434 2175.748031
1409.140703 2157.659615
1433.927392 2290.362054
1292.171378 2308.054357
1471.990514 2149.654352
1615.108647 2131.425207
1639.519144 2264.702533
1496.662798 2282.532166
1678.448382 2123.357542
1822.684324 2104.986021
1846.711999 2238.843181
1702.742458 2256.811749
1886.519735 2096.855221
2031.886632 2078.339648
2055.524731 2212.781654
1910.428935 2230.890789
2096.223559 2070.144969
2242.734766 2051.483645
2265.976414 2186.515574
2119.741094 2204.766930
2307.579144 2043.224331
2455.248226 2024.415526
2478.086419 2160.042521
2330.698097 2178.437782
1304.213345 2371.671671
1445.845554 2354.169254
1470.465021 2485.976426
1329.088781 2503.087779
1508.525903 2346.423434
1651.256268 2328.785312
1675.501446 2461.160017
1533.031541 2478.403741
1714.423557 2320.979318
1858.264900 2303.203904
1882.129216 2436.151000
1738.552907 2453.528637
1921.924825 2295.337032
2066.890167 2277.422718
2090.366931 2410.947126
1945.671279 2428.460241
2131.048513 2269.494252
2277.151081 2251.439405
2300.233479 2385.546107
2154.405344 2403.196291
2341.813726 2243.448619
2489.066954 2225.251577
2511.748048 2359.945621
2364.774081 2377.734490
1341.049860 2566.277765
1482.302914 2549.353880
1506.756846 2680.274813
1365.758484 2696.812610
1544.814653 2541.864191
1687.159215 2524.809529
1711.240746 2656.290753
1569.155327 2672.956051
1750.154936 2517.261853
1893.603705 2500.074893
1917.306323 2632.121176
1774.121229 2648.915457
1957.089051 2492.468554
2101.654926 2475.147751
2124.972001 2607.763923
1980.674415 2624.688688
2165.635627 2467.482062
2311.331709 2450.025846
2334.256489 2583.216798
2188.833395 2600.273575
2375.813586 2442.300109
2522.653181 2424.706887
2545.178791 2558.477573
2398.616969 2575.667912
