2704 4064
822.454741 2381.261468
1216.290239 2410.888476
789.019779 2661.597659
1206.230161 2691.222129
847.421803 2411.621377
880.577109 2414.102885
877.332710 2444.740464
843.959634 2442.258283
908.952881 2416.226668
942.046397 2418.703551
939.205160 2449.342337
905.894685 2446.864812
970.369310 2420.823378
1003.401209 2423.295649
1000.961635 2453.935583
967.713584 2451.462701
1031.671412 2425.411531
1064.641865 2427.879204
1062.602460 2458.520228
1029.416658 2456.051975
1092.859505 2429.991152
1125.768684 2432.454238
1124.127959 2463.096295
1091.004232 2460.632659
1153.933907 2434.562263
1186.781982 2437.020776
1185.538457 2467.663809
1152.476631 2465.204777
840.768694 2470.495082
874.342498 2472.977707
871.016078 2504.389833
837.218953 2501.906916
903.076103 2475.102421
936.586555 2477.580361
933.673558 2508.992986
899.940627 2506.514785
965.265966 2479.701068
998.713245 2482.174336
996.212113 2513.587402
962.543194 2511.113903
1027.338616 2484.291047
1060.722899 2486.759658
1058.632083 2518.173106
1025.026993 2515.704296
1089.294383 2488.872384
1122.615850 2491.336349
1120.933803 2522.750122
1087.392361 2520.285989
1151.133597 2493.445102
1184.392424 2495.904435
1183.117610 2527.318476
1149.639636 2524.859006
833.946787 2530.862478
867.949789 2533.345478
864.538197 2565.561899
830.306110 2563.079017
897.050367 2535.470488
930.988394 2537.948744
928.000883 2570.164900
893.834645 2567.686794
960.033392 2540.069696
993.906630 2542.543220
991.341582 2574.759053
957.241003 2572.285710
1022.896206 2544.660125
1056.704841 2547.128931
1054.560645 2579.344384
1020.525536 2576.875789
1085.639154 2549.241801
1119.383370 2551.705903
1117.658422 2583.920917
1083.688595 2581.457058
1148.262578 2553.814749
1181.942560 2556.274161
1180.635262 2588.488680
1146.730529 2586.029541
826.949578 2592.781140
861.392892 2595.263715
857.892815 2628.315721
823.214424 2625.833707
890.869938 2597.388337
925.246591 2599.866108
922.181670 2632.917025
887.570848 2630.439847
954.666616 2601.986619
988.976802 2604.459599
986.345355 2637.509370
951.801905 2635.037015
1018.339971 2606.576013
1052.583883 2609.044216
1050.384236 2642.092783
1015.907961 2639.625235
1081.890360 2611.156543
1116.068189 2613.619984
1114.298676 2646.667289
1079.889380 2644.204535
1145.318139 2615.728237
1179.430077 2618.186928
1178.089038 2651.232915
1143.746527 2648.774941
