2704 4064
1788.573369 779.056696
2446.350868 737.423613
1778.662631 1233.971731
2413.032619 1227.445389
1836.216400 827.978791
1883.014544 825.253281
1881.630857 873.651159
1835.003866 876.100285
1931.797682 822.412165
1979.668529 819.624180
1977.925615 868.593188
1930.233653 871.098252
2029.576315 816.717565
2078.557174 813.864934
2076.438725 863.418695
2027.644885 865.981637
2129.628952 810.890528
2179.758885 807.970975
2177.247737 858.123608
2127.313386 860.746457
2232.035856 804.926379
2283.355776 801.937522
2280.433857 852.703662
2229.318535 855.388541
2336.881111 798.820222
2389.433900 795.759563
2386.082169 847.154386
2333.743480 849.903524
1833.692606 928.139880
1880.134570 925.987524
1878.771012 973.681337
1832.497615 975.565154
1928.542419 923.744059
1976.041025 921.542733
1974.323752 969.791330
1927.001272 971.717855
2025.556545 919.247933
2074.148269 916.995946
2072.061341 965.812376
2023.653693 967.783079
2124.809918 914.648029
2174.532935 912.343612
2172.059582 961.741390
2122.529007 963.757808
2226.380972 909.940712
2277.275253 907.582013
2274.397826 957.575140
2223.704791 959.638883
2330.351847 905.122174
2382.459270 902.707252
2379.159179 953.310245
2327.262277 955.422998
1831.205258 1026.854554
1877.296413 1025.259099
1875.952549 1072.264099
1830.027432 1073.598608
1925.334691 1023.596245
1972.466786 1021.964758
1970.774592 1069.508725
1923.815928 1070.873267
2021.596139 1020.264135
2069.804840 1018.595382
2067.748735 1066.690814
2019.721235 1068.086415
2120.062867 1016.855690
2169.385488 1015.148378
2166.949085 1063.808214
2117.815838 1065.235946
2220.811535 1013.368255
2271.287135 1011.621032
2268.453191 1060.858670
2218.175566 1062.319656
2323.922398 1009.799052
2375.591884 1008.010502
2372.342248 1057.839823
2320.879793 1059.335238
1828.753573 1124.153920
1874.499170 1123.099634
1873.174575 1169.430635
1827.592544 1170.231327
1922.173464 1122.000898
1968.944647 1120.922976
1967.276987 1167.777637
1920.676601 1168.596217
2017.693791 1119.799468
2065.525439 1118.697106
2063.499479 1166.087398
2015.846225 1166.924473
2115.386197 1117.547980
2164.314790 1116.420336
2161.914513 1164.358645
2113.172301 1165.214848
2215.325622 1115.244704
2265.389332 1114.090900
2262.597893 1162.590046
2212.728966 1163.466041
2317.590493 1112.887835
2368.829285 1111.706949
2365.628957 1160.780208
2314.593791 1161.676689
