2132.609187 1866.747656
3152.153719 1949.956260
2086.799074 2558.128154
3097.986481 2674.776401
2193.510527 1938.956813
2281.396858 1946.383339
2275.610479 2031.972777
2187.810975 2024.188118
2346.695077 1951.901136
2435.896351 1959.438778
2429.956047 2045.657679
2340.843842 2037.756631
2502.175218 1965.039441
2592.721168 1972.690709
2586.622946 2059.548400
2496.168379 2051.528332
2660.002942 1978.376120
2751.924206 1986.143604
2745.663941 2073.649618
2653.836450 2065.507821
2820.231824 1991.915700
2913.559974 1999.802068
2907.133410 2087.966154
2813.901499 2079.699836
2982.917078 2005.662847
3077.684664 2013.670850
3071.087402 2102.502978
2976.418604 2094.109260
2183.327269 2091.237611
2271.058492 2099.303642
2265.286808 2184.675710
2177.642130 2176.253375
2336.240854 2105.296524
2425.283016 2113.483082
2419.357911 2199.481384
2330.404526 2190.933287
2491.443027 2119.565850
2581.825733 2127.875658
2575.743230 2214.509446
2485.451606 2205.832749
2648.985553 2134.050348
2740.739305 2142.486210
2734.495300 2229.764944
2642.835008 2220.956723
2808.921771 2148.754923
2902.078004 2157.319730
2895.668258 2245.253081
2802.607942 2236.310322
2971.306653 2163.684629
3065.897770 2172.381359
3059.317907 2260.979218
2964.825242 2251.898816
2173.169755 2243.133414
2260.746375 2251.835685
2254.989330 2336.991212
2167.498975 2327.934452
2325.813258 2258.301220
2414.696830 2267.133360
2408.786865 2352.911909
2319.991780 2343.720087
2480.738375 2273.695745
2570.958375 2282.660683
2564.891532 2369.071434
2474.762312 2359.741505
2637.996647 2289.322110
2729.583446 2298.422863
2723.355638 2385.475201
2631.861988 2376.004031
2797.641181 2305.185591
2890.626074 2314.425269
2884.233082 2402.128790
2791.343782 2392.513146
2959.726705 2321.291628
3054.141952 2330.673437
3047.579418 2419.037953
2953.262289 2409.274504
2163.037890 2394.645678
2250.460406 2403.980947
2244.717945 2488.920755
2157.381414 2479.232804
2315.412187 2410.916716
2404.137686 2420.391122
2398.242804 2505.950759
2309.605503 2496.118517
2470.061156 2427.430651
2560.118988 2437.047329
2554.067743 2523.235902
2464.100393 2513.256122
2627.036115 2444.192964
2718.456516 2453.955140
2712.244842 2540.781963
2620.917278 2530.651299
2786.389937 2461.209299
2879.204068 2471.120303
2872.827762 2558.594894
2780.108904 2548.309898
2948.177112 2478.485476
3042.417087 2488.548736
3035.871814 2576.680829
2941.729624 2566.237949
