4064 2704
3016.429276 1286.510340
3834.186007 1493.547038
2778.975323 1841.770564
3596.629728 2140.592099
3041.843993 1348.208193
3111.033920 1366.332702
3081.192862 1437.685177
3012.031092 1418.621617
3157.758569 1378.572365
3229.785650 1397.440075
3199.914708 1470.409341
3127.902972 1450.560224
3278.446061 1410.186816
3353.488453 1429.844397
3323.611168 1504.504693
3248.569605 1483.820443
3404.207461 1443.130393
3482.458555 1463.628503
3452.601596 1540.059261
3374.334888 1518.486040
3535.369612 1477.488714
3617.039698 1498.882439
3587.233283 1577.168769
3505.528951 1554.648011
3672.288048 1513.354910
3757.606201 1535.704257
3727.884574 1615.937504
3642.511059 1592.405383
2990.693003 1469.018858
3059.832524 1488.759539
3029.496049 1561.296599
2960.391127 1540.587164
3106.530811 1502.092810
3178.529378 1522.649804
3148.152241 1596.855610
3076.175513 1575.285549
3227.178851 1536.540178
3302.217542 1557.965187
3271.823237 1633.917462
3196.791893 1611.431991
3352.943097 1572.448321
3431.218614 1594.797507
3400.833814 1672.579486
3322.549190 1649.119068
3484.156036 1609.912174
3565.882422 1633.246650
3535.537412 1712.947600
3453.783238 1688.447424
3621.179603 1649.035073
3706.590199 1673.421463
3676.319368 1755.137283
3590.859769 1729.526661
2938.701622 1591.814393
3007.779613 1613.222422
2976.935280 1686.973813
2907.898642 1664.566229
3054.444138 1627.684272
3126.402973 1649.985106
3095.506666 1725.459151
3023.576488 1702.112395
3175.034065 1665.056416
3250.057793 1688.307094
3219.132931 1765.585177
3144.123407 1741.238942
3300.782438 1704.027219
3379.071125 1728.289744
3348.144361 1807.459095
3269.853430 1782.047796
3432.027482 1744.701501
3513.798996 1770.043392
3482.900657 1851.197654
3401.108185 1824.649841
3569.137655 1787.193451
3654.629686 1813.688372
3623.794286 1896.928239
3538.259997 1869.165925
2885.848969 1716.644121
2954.853766 1739.772569
2923.488714 1814.769042
2854.532351 1790.609089
3001.476766 1755.399275
3073.384091 1779.500569
3041.955188 1856.275647
2970.083682 1831.094327
3121.988975 1795.791546
3196.985889 1820.928382
3165.516456 1899.567293
3090.540961 1873.298441
3247.701769 1837.926904
3325.991760 1864.167486
3294.508401 1944.761663
3216.223403 1917.333274
3378.959209 1881.920671
3460.764037 1909.339327
3429.297097 1991.987016
3347.478528 1963.320585
3516.136393 1927.898568
3601.698185 1956.576451
3570.282273 2041.383404
3484.685373 2011.393175
