4064 2704
3045.309880 1393.133034
3708.531571 1699.231369
2877.571418 1634.722834
3608.576591 1983.216699
3078.613501 1442.682254
3128.034645 1465.562778
3112.886673 1489.343692
3062.984458 1466.166068
3179.221635 1489.260837
3229.126661 1512.365384
3214.970534 1536.757647
3164.574565 1513.350693
3280.816052 1536.296040
3331.212102 1559.627916
3318.068206 1584.642478
3267.171117 1561.002773
3383.411329 1583.794611
3434.305685 1607.357189
3422.194865 1633.005233
3370.789146 1609.129289
3487.022327 1631.763431
3538.422417 1655.560149
3527.365995 1681.853103
3475.443982 1657.737362
3591.664206 1680.209518
3643.577606 1704.243883
3633.597389 1731.193425
3581.151265 1706.834255
3045.582160 1492.314329
3096.019134 1515.824168
3080.187700 1540.678055
3029.249700 1516.855080
3148.263893 1540.176656
3199.205723 1563.921819
3184.407640 1589.420231
3132.954260 1565.356221
3251.974744 1588.518678
3303.429049 1612.502717
3289.686054 1638.657441
3237.709434 1614.348718
3356.730264 1637.347644
3408.704815 1661.574182
3396.039151 1688.397264
3343.531268 1663.840077
3462.546317 1686.670949
3515.049045 1711.143683
3503.483470 1738.647437
3450.436137 1713.837957
3569.439089 1736.496138
3622.478086 1761.218839
3612.035893 1789.415853
3558.440753 1764.350172
3011.055260 1544.193595
3062.550428 1568.366941
3045.988209 1594.368092
2993.970804 1569.864277
3115.897330 1593.409545
3167.919719 1617.830384
3152.435000 1644.511931
3099.879139 1619.754466
3221.814202 1643.130039
3274.371951 1667.802191
3259.987944 1695.176845
3206.885225 1670.161773
3328.822490 1693.362875
3381.923905 1718.290240
3368.664375 1746.371000
3315.006217 1721.094277
3436.939151 1744.116014
3490.592712 1769.302573
3478.481988 1798.102731
3424.259632 1772.560231
3546.181494 1795.397581
3600.395857 1820.847397
3589.458853 1850.380550
3534.663352 1824.568059
2974.928877 1598.476204
3027.527286 1623.350034
3010.182490 1650.579759
2957.039265 1625.356692
3082.023539 1649.121354
3135.173052 1674.255801
3118.952773 1702.204783
3065.246437 1676.714448
3190.241793 1700.297852
3243.951117 1725.697034
3228.880181 1754.379005
3174.601734 1728.617134
3299.601415 1752.014104
3353.879442 1777.682226
3339.983276 1807.111238
3285.123529 1781.073467
3410.120559 1804.278694
3464.976368 1830.220050
3452.281022 1860.410481
3396.830586 1834.092354
3521.817762 1857.100390
3577.260630 1883.319366
3565.792791 1914.285928
3509.742073 1887.682894
