4064 2704
2376.035106 2050.250247
2663.941736 2043.507434
2383.917005 2263.433925
2671.823742 2248.199366
2401.146505 2074.566531
2422.284835 2074.009168
2423.045331 2094.448402
2401.906925 2095.067739
2446.473026 2073.371389
2467.338916 2072.821210
2468.099526 2093.128353
2447.233592 2093.739706
2491.216361 2072.191624
2511.815043 2071.648491
2512.575701 2091.825239
2491.977004 2092.428763
2535.387690 2071.026942
2555.724266 2070.490719
2556.484910 2090.538737
2536.148348 2091.134581
2578.997915 2069.877054
2599.077355 2069.347612
2599.837923 2089.268531
2579.758526 2089.856840
2622.057659 2068.741681
2641.884810 2068.218891
2642.645244 2088.014313
2622.818163 2088.595230
2402.830209 2119.959828
2423.968707 2119.265224
2424.729581 2139.714618
2403.591009 2140.471258
2448.157051 2118.470404
2469.023039 2117.784754
2469.784024 2138.101926
2448.917993 2138.848811
2492.900557 2117.000147
2513.499271 2116.323280
2514.260303 2136.509929
2493.661575 2137.247246
2537.071917 2115.548691
2557.408460 2114.880439
2558.169474 2134.938231
2537.832947 2135.666163
2580.682035 2114.115677
2600.761381 2113.455877
2601.522317 2133.386447
2581.443015 2134.105171
2623.741541 2112.700756
2643.568538 2112.049248
2644.329338 2131.854200
2624.502412 2132.563891
2404.514753 2165.375760
2425.653416 2164.543778
2426.414668 2185.003338
2405.275932 2185.897418
2449.841909 2163.591760
2470.707993 2162.770506
2471.469354 2183.097714
2450.603228 2183.980263
2494.585583 2161.830724
2515.184326 2161.019993
2515.945730 2181.216549
2495.346975 2182.087790
2538.756967 2160.092214
2559.093475 2159.291803
2559.854861 2179.359377
2539.518370 2180.219525
2582.366974 2158.375798
2602.446222 2157.585512
2603.207527 2177.525741
2583.128324 2178.375007
2625.426236 2156.681058
2645.253076 2155.900707
2646.014243 2175.715196
2626.187474 2176.553785
2406.200138 2210.814341
2427.338962 2209.844845
2428.100593 2230.314580
2406.961696 2231.346236
2451.527603 2208.735473
2472.393779 2207.778481
2473.155517 2228.115733
2452.289299 2229.134081
2496.271438 2206.683372
2516.870207 2205.738644
2517.631986 2225.945116
2497.033205 2226.950413
2540.442842 2204.657525
2560.779312 2203.724827
2561.541069 2223.802190
2541.204617 2224.794684
2584.052731 2202.657431
2604.131880 2201.736534
2604.893554 2221.686428
2584.814451 2222.666363
2627.111745 2200.682601
2646.938426 2199.773284
2647.699959 2219.597317
2627.873351 2220.564929
