2704.000000 4064.000000
1512.708973 3138.552150
1919.464690 3069.839836
1556.496899 3441.745166
1951.555077 3361.349926
1548.474971 3166.106044
1582.122488 3160.313297
1586.759704 3193.705894
1553.225224 3199.609549
1613.127660 3154.975455
1646.285351 3149.267036
1650.709023 3182.447789
1617.661357 3188.265741
1676.840801 3144.006619
1709.519286 3138.380700
1713.735081 3171.352221
1681.163705 3177.086324
1739.634728 3133.196034
1771.844320 3127.650840
1775.857729 3160.415697
1743.752419 3166.067750
1801.529190 3122.540301
1833.279909 3117.074106
1837.096252 3149.634820
1805.447077 3155.206571
1862.543376 3112.036116
1893.844960 3106.647245
1897.469392 3139.006291
1866.266700 3144.499441
1557.873013 3232.390377
1591.296991 3226.378905
1595.882621 3259.400034
1562.570222 3265.519769
1622.097443 3220.839287
1655.037544 3214.914842
1659.412361 3247.729148
1626.580882 3253.760535
1685.393707 3209.455132
1717.860362 3203.615839
1722.029932 3236.225835
1689.669034 3242.170772
1747.781781 3198.234319
1779.785124 3192.478355
1783.754840 3224.886510
1751.854478 3230.746844
1809.281071 3187.173359
1840.830950 3181.498953
1844.606039 3213.707693
1813.156451 3219.485216
1869.910437 3176.268860
1901.016422 3170.674290
1904.601949 3202.685998
1873.593648 3208.382453
1567.166257 3297.935574
1600.369575 3291.710590
1604.904475 3324.366415
1571.811306 3330.697084
1630.967929 3285.973986
1663.693209 3279.838625
1668.019976 3312.292523
1635.401940 3318.532300
1693.852610 3274.184317
1726.110104 3268.136657
1730.234204 3300.391042
1698.081142 3306.541870
1755.839931 3262.562886
1787.639595 3256.601060
1791.566328 3288.658307
1759.868367 3294.722075
1816.948961 3251.106117
1848.300475 3245.228311
1852.034975 3277.090753
1820.782522 3283.069297
1877.198236 3239.810536
1908.111008 3234.014985
1911.658254 3265.684917
1880.841981 3271.580020
1576.356446 3362.753928
1609.341928 3356.320514
1613.826936 3388.617064
1580.950200 3395.153650
1639.740755 3350.391595
1672.253936 3344.050298
1676.533440 3376.149691
1644.126153 3382.592942
1702.219052 3338.205969
1734.270003 3331.954824
1738.349375 3363.859383
1706.401553 3370.211282
1763.810624 3326.193288
1795.409134 3320.030386
1799.293578 3351.742393
1767.795518 3358.004870
1824.534216 3314.349895
1855.689797 3308.273381
1859.384360 3339.795082
1828.326631 3345.970011
1884.408047 3302.672238
1915.129947 3296.680308
1918.639522 3328.013909
1888.012956 3334.103114
