4064.000000 2704.000000
386.663995 1482.928617
2087.261836 1337.065411
500.602355 2666.400955
2184.669601 2512.276591
483.231175 1566.681991
665.911732 1550.934393
682.302841 1725.501012
499.881142 1741.377996
753.530140 1543.381431
935.744957 1527.673981
951.754485 1702.049419
769.797244 1717.885979
1023.140127 1520.140262
1204.890984 1504.472807
1220.520818 1678.657471
1039.026263 1694.453762
1292.063767 1496.958258
1473.352434 1481.330645
1488.604451 1655.324942
1307.570820 1671.081116
1560.303678 1473.835194
1741.131914 1458.247272
1756.007982 1632.051605
1575.433521 1647.767816
1827.862463 1450.770845
2008.232021 1435.222462
2022.733996 1608.837236
1842.616960 1624.513635
508.571056 1832.554946
690.857668 1816.610593
707.182109 1990.467197
525.153244 2006.539799
778.287357 1808.963242
960.110179 1793.059456
976.054674 1966.726557
794.488325 1982.758320
1047.317563 1785.431549
1228.678363 1769.568175
1244.244787 1943.046175
1063.139194 1959.037255
1315.664289 1761.959639
1496.564826 1746.136523
1511.755045 1919.425823
1331.108456 1935.376374
1583.330137 1738.547284
1763.772161 1722.764274
1778.588029 1895.865272
1598.398701 1911.775448
1850.317694 1715.194259
2030.302945 1699.451202
2044.746308 1872.364295
1865.012508 1888.234250
533.807819 2097.345964
715.702176 2081.206585
731.960356 2254.357497
550.322642 2270.623998
802.943955 2073.465673
984.376460 2057.367274
1000.256317 2230.330347
819.079190 2246.555601
1071.396862 2049.646005
1252.369271 2033.588430
1267.872670 2206.364059
1087.154380 2222.548222
1339.169137 2025.886729
1519.683199 2009.869823
1534.811994 2182.458402
1354.550800 2198.601629
1606.263367 2002.187616
1786.320820 1986.211224
1801.076854 2158.613146
1621.271024 2174.715594
1872.682123 1978.548437
2052.284698 1962.612406
2066.669805 2134.828063
1887.317616 2150.889885
558.942093 2361.061635
740.445875 2344.728943
756.638196 2517.178451
575.389960 2533.637149
827.500547 2336.895293
1008.544402 2320.603988
1024.360014 2492.867304
843.570448 2509.284351
1095.378619 2312.790175
1275.964293 2296.540100
1291.405049 2468.617613
1111.072413 2484.993168
1362.578891 2288.746050
1542.708121 2272.537048
1557.775864 2444.429147
1377.898428 2460.763366
1629.103933 2264.762685
1808.778447 2248.594601
1823.475009 2420.301674
1644.051052 2436.594714
1894.956301 2240.839852
2074.177819 2224.712530
2088.505021 2396.234962
1909.532831 2412.486979
