2704 4064
612.078621 2771.794839
2187.356770 2625.313399
657.405905 3810.221882
2174.939939 3663.747628
712.514730 2857.410071
863.307484 2843.344199
868.076456 2982.724526
718.028378 2996.791805
959.258161 2834.393967
1109.799851 2820.351514
1113.353163 2959.729389
963.553682 2973.773362
1205.590840 2811.416179
1355.882091 2797.397086
1358.223771 2936.772325
1208.672269 2950.793050
1451.513791 2788.476609
1601.555229 2774.480819
1602.689288 2913.853239
1453.385150 2927.850773
1697.028036 2765.575163
1846.820283 2751.602618
1846.750718 2890.972036
1697.693331 2904.946437
1942.134593 2742.711747
2091.678269 2728.762388
2090.409063 2868.128624
1941.597816 2882.079949
721.769134 3091.355862
871.311997 3077.288025
876.002722 3214.381474
727.192271 3228.449548
966.468014 3068.336483
1115.763947 3054.291875
1119.259007 3191.384788
970.693078 3205.429745
1210.762905 3045.355107
1359.812520 3031.333672
1362.115841 3168.425864
1213.793833 3182.447762
1454.654807 3022.411642
1603.458713 3008.413321
1604.574210 3145.504610
1456.495521 3159.503505
1698.144716 2999.505993
1846.703520 2985.530729
1846.635093 3122.620934
1698.799125 3136.596882
1941.233625 2976.638067
2089.547932 2962.685804
2088.299465 3099.774741
1940.705623 3113.727801
730.871870 3321.467619
879.185393 3307.399770
883.799782 3442.262165
736.206708 3456.329136
973.559803 3298.448159
1121.630430 3284.403349
1125.068657 3419.267032
977.716131 3433.311077
1215.850345 3275.466392
1363.678673 3261.444564
1365.944571 3396.309352
1218.832004 3410.330526
1457.744472 3252.522226
1605.331094 3238.523325
1606.428482 3373.389033
1459.555289 3387.387393
1699.243154 3229.615568
1846.588663 3215.639537
1846.521346 3350.505984
1699.886943 3364.481586
1940.347362 3206.746328
2087.452349 3192.793111
2086.224117 3327.660115
1939.827922 3341.613013
739.826639 3547.838826
886.930868 3533.772823
891.470768 3666.458187
745.075316 3680.522252
980.536407 3524.822326
1127.401676 3510.779172
1130.784446 3643.467561
984.625662 3657.508889
1220.855222 3501.843210
1367.482113 3487.822849
1369.711492 3620.514078
1223.788803 3634.532725
1460.784035 3478.901384
1607.173127 3464.903762
1608.252843 3597.597648
1462.565677 3611.593669
1700.323795 3455.996760
1846.475667 3442.021821
1846.409433 3574.718183
1700.957220 3588.691632
1939.475447 3433.129247
2085.390675 3419.176935
2084.182190 3551.875591
1938.964363 3565.826523
