4064 2704
2595.434079 1613.770979
3990.292117 1587.080188
2515.779393 2570.027267
3985.408627 2660.058770
2665.667888 1693.752603
2790.795559 1692.149502
2781.909458 1817.595375
2656.004453 1817.915522
2868.208607 1691.157707
2997.586756 1689.500149
2990.024997 1817.066186
2859.812487 1817.397286
3077.651934 1688.474376
3211.500879 1686.759540
3205.361126 1816.518636
3070.616214 1816.861261
3294.356849 1685.698012
3432.912399 1683.922876
3428.300260 1815.951753
3288.782113 1816.306515
3518.707663 1682.823690
3662.222507 1680.985017
3659.252299 1815.364496
3514.702716 1815.732052
3751.116292 1679.846134
3899.861540 1677.940451
3898.657150 1814.755745
3748.798967 1815.136799
2649.602548 1900.171895
2776.021825 1900.711622
2766.926426 2029.112177
2639.713886 2027.228689
2854.249087 1901.045601
2985.013838 1901.603880
2977.270892 2032.226503
2845.653929 2030.277804
3065.953303 1901.949438
3201.291496 1902.527243
3195.002042 2035.450194
3058.747891 2033.432838
3285.086701 1902.884994
3425.242535 1903.483367
3420.515926 2038.789116
3279.375128 2036.699408
3512.047326 1903.853966
3657.282698 1904.474026
3654.237425 2042.249557
3507.942301 2040.083536
3747.262175 1904.858179
3897.858315 1905.501125
3896.622922 2045.838277
3744.885879 2043.591683
2633.161898 2111.413441
2760.899298 2114.197679
2751.587118 2245.658550
2623.040042 2241.466476
2839.957858 2115.920885
2972.138939 2118.801981
2964.208217 2252.592379
2831.156500 2248.253403
3053.971835 2120.585658
3190.832576 2123.568754
3184.387876 2259.772702
3046.590517 2255.278964
3275.588449 2125.416142
3417.381837 2128.506753
3412.536442 2267.212900
3269.734937 2262.555972
3505.220139 2130.421328
3652.217733 2133.625373
3649.094515 2274.927342
3501.011237 2270.098169
3743.309729 2135.610867
3895.803391 2138.934707
3894.535783 2282.931476
3740.872182 2277.920322
2616.332631 2327.648221
2745.415479 2332.784131
2735.878674 2467.416045
2605.969235 2460.804745
2825.322956 2335.963466
2958.951048 2341.280220
2950.825635 2478.355041
2816.307887 2471.509217
3041.697149 2344.572497
3180.114855 2350.079819
3173.509089 2489.687759
3034.133404 2482.594707
3265.853569 2353.491165
3409.323093 2359.199487
3404.354378 2501.435846
3259.852762 2494.081927
3498.219754 2362.736481
3647.022795 2368.657011
3643.818600 2513.622564
3493.902981 2505.993118
3739.255142 2372.326724
3893.694740 2378.471521
3892.393639 2526.272947
3736.753946 2518.352193
