4064.000000 2704.000000
2206.608570 365.532364
4002.101970 555.105292
2072.160107 1603.232845
3826.174353 1784.513335
2297.146403 481.146850
2477.993960 500.209286
2458.134063 673.576874
2277.868503 654.631562
2579.594018 510.918551
2760.261547 529.962011
2739.494014 703.146872
2559.407320 684.220358
2861.760490 540.660618
3042.248260 559.685130
3020.574904 732.687542
2840.666809 713.779798
3143.646239 570.373096
3323.954518 589.378688
3301.377148 762.198927
3121.647386 743.309925
3425.251684 600.056027
3605.380739 619.042728
3581.901160 791.681070
3402.349467 772.810783
3706.577243 629.709457
3886.527341 648.677295
3862.147353 821.134016
3682.773464 802.282415
2266.224281 759.419659
2446.138284 778.294401
2426.484706 949.860931
2247.146716 931.101526
2547.214135 788.898249
2726.949973 807.754300
2706.398081 979.140888
2527.237112 960.400000
2827.925754 818.347649
3007.483692 837.185037
2986.035272 1008.391955
2807.051062 989.669556
3108.359553 847.767904
3287.739855 866.586656
3265.396687 1037.614175
3086.588974 1018.910238
3388.515945 877.159055
3567.718873 895.959199
3544.482735 1066.807591
3365.851257 1048.122089
3668.395339 906.521147
3847.421157 925.302710
3823.293821 1095.972244
3644.838319 1077.305150
2235.623187 1034.803493
2414.613224 1053.493402
2395.162765 1223.286795
2216.742850 1204.710473
2515.170247 1063.993437
2693.983953 1082.664934
2673.644361 1252.281113
2495.399651 1233.723033
2794.441938 1093.154627
2973.079574 1111.807739
2951.852606 1281.246971
2773.782841 1262.707105
3073.438666 1122.287106
3251.900492 1140.921860
3229.787901 1310.184411
3051.892825 1291.662733
3352.160838 1151.390916
3530.447112 1170.007339
3507.450649 1339.093475
3329.730004 1320.589958
3630.608857 1180.466100
3808.719839 1199.064219
3784.841249 1367.974203
3607.294779 1349.488821
2205.338147 1307.343111
2383.413658 1325.850987
2364.163185 1493.898589
2186.651996 1475.502585
2483.457153 1336.248782
2661.358140 1354.738520
2641.227574 1522.611581
2463.889799 1504.233549
2761.303611 1365.126127
2939.030329 1383.597753
2918.021401 1551.296535
2740.856787 1532.936448
3038.877919 1393.975187
3216.430625 1412.428727
3194.545061 1579.953491
3017.553354 1561.611323
3316.180478 1422.796003
3493.559427 1441.231484
3470.798950 1608.582489
3293.979898 1590.258214
3593.211687 1451.588617
3770.417134 1470.006066
3746.783462 1637.183572
3570.136812 1618.877163
