4064 2704
2343.635070 1511.947608
2669.885687 1561.725836
2328.078172 1725.634048
2645.818871 1792.437031
2368.518741 1542.991654
2388.345218 1546.134286
2386.854471 1565.456416
2367.073899 1562.215168
2415.203694 1550.391538
2435.544118 1553.615634
2433.942429 1573.172259
2413.650101 1569.847154
2463.103370 1557.983963
2483.977985 1561.292733
2482.260026 1581.089591
2461.435823 1577.677332
2512.265802 1565.776545
2533.695934 1569.173367
2531.856067 1589.216409
2510.478799 1585.713525
2562.741593 1573.777302
2584.749715 1577.265740
2582.781970 1597.561138
2560.829309 1593.963970
2614.584084 1581.994691
2637.193898 1585.578501
2635.091951 1606.132663
2612.540348 1602.437352
2365.053189 1589.100578
2384.769609 1592.479074
2383.292538 1611.623939
2363.621532 1608.148680
2411.477423 1597.055576
2431.702545 1600.521241
2430.115738 1619.896150
2409.938187 1616.331401
2459.103922 1605.216588
2479.857691 1608.772838
2478.155902 1628.383362
2457.451985 1624.725620
2507.980004 1613.591721
2529.283421 1617.242156
2527.461099 1637.094065
2506.209947 1633.339644
2558.155501 1622.189515
2580.030693 1625.937926
2578.081963 1646.037207
2556.261590 1642.182222
2609.682928 1631.018968
2632.153229 1634.869354
2630.071868 1655.222215
2607.659093 1651.262571
2361.619219 1634.789324
2381.226760 1638.399252
2379.763178 1657.369279
2360.200566 1653.664404
2407.785540 1643.288967
2427.896619 1646.991601
2426.324488 1666.187316
2406.260463 1662.387481
2455.141860 1652.007699
2475.776126 1655.806657
2474.090279 1675.233464
2453.505314 1671.334970
2503.734791 1660.954103
2524.912928 1664.853192
2523.107901 1684.516690
2501.981440 1680.515645
2553.613411 1670.137214
2575.357208 1674.140447
2573.427218 1694.046439
2551.737611 1689.938742
2604.829429 1679.566553
2627.161856 1683.678157
2625.100780 1703.832662
2602.825205 1699.613991
2358.216399 1680.063608
2377.716223 1683.900628
2376.265946 1702.698202
2356.810574 1698.768013
2404.127572 1689.097643
2424.125846 1693.032744
2422.568189 1712.051739
2402.616460 1708.021281
2451.216662 1698.363459
2471.732745 1702.400450
2470.062619 1721.646111
2449.595292 1717.511497
2499.529590 1707.870092
2520.583857 1712.012983
2518.795880 1731.490739
2497.792709 1727.247879
2549.114695 1717.627054
2570.728603 1721.880067
2568.817085 1741.595546
2547.256746 1737.240132
2600.022895 1727.644364
2622.219060 1732.011949
2620.177973 1751.970982
2598.037999 1747.498476
