4064 2704
3284.044204 962.042466
3611.462512 969.169744
3275.877844 1179.889945
3611.719814 1187.017095
3307.065960 985.208173
3333.932519 985.791661
3333.183667 1009.660115
3306.240294 1009.076599
3357.814505 986.310330
3384.674118 986.893667
3384.070311 1010.762175
3357.133924 1010.178809
3408.549930 987.412202
3435.402599 987.995388
3434.943762 1011.863949
3408.014359 1011.280735
3459.272239 988.513789
3486.117967 989.096825
3485.804025 1012.965437
3458.881602 1012.382374
3509.981438 989.615092
3536.820228 990.197976
3536.651105 1014.066640
3509.735661 1013.483728
3560.677531 990.716109
3587.509385 991.298844
3587.485008 1015.167557
3560.576538 1014.584796
3305.456878 1031.723665
3332.473134 1032.307200
3331.715908 1056.442564
3304.621979 1055.859019
3356.488170 1032.825911
3383.497401 1033.409294
3382.886843 1057.544678
3355.799979 1056.961284
3407.506194 1033.927870
3434.508404 1034.511102
3434.044437 1058.646504
3406.964635 1058.063262
3458.510956 1035.029543
3485.506148 1035.612623
3485.188696 1059.748042
3458.115952 1059.164953
3509.502461 1036.130929
3536.490637 1036.713858
3536.319624 1060.849294
3509.253937 1060.266357
3560.480714 1037.232029
3587.461878 1037.814807
3587.437228 1061.950259
3560.378593 1061.367473
3303.829778 1078.760064
3330.997407 1079.343611
3330.231666 1103.750387
3302.985489 1103.166849
3355.146983 1079.862332
3382.307510 1080.445726
3381.690086 1104.852486
3354.451054 1104.269101
3406.450772 1080.964311
3433.604199 1081.547553
3433.135016 1105.954296
3405.903124 1105.371063
3457.741151 1082.066002
3484.887480 1082.649092
3484.566460 1107.055817
3457.341707 1106.472737
3509.018123 1083.167406
3536.157358 1083.750342
3535.984423 1108.157049
3508.766805 1107.574122
3560.281695 1084.268521
3587.413838 1084.851306
3587.388911 1109.257992
3560.178426 1108.675218
3302.184353 1126.326170
3329.505063 1126.909692
3328.730661 1151.592484
3301.330516 1151.008990
3353.790695 1127.428390
3381.104221 1128.011758
3380.479816 1152.694498
3353.086896 1152.111157
3405.383468 1128.530320
3432.689814 1129.113535
3432.215327 1153.796221
3404.829628 1153.213034
3456.962680 1129.631960
3484.261848 1130.215022
3483.937199 1154.897653
3456.558720 1154.314620
3508.528334 1130.733311
3535.820328 1131.316219
3535.645438 1155.998795
3508.274175 1155.415916
3560.080436 1131.834372
3587.365258 1132.417127
3587.340050 1157.099647
3559.976000 1156.516922
