133.009889 2735.115838
1827.319114 2801.988516
219.634077 3776.948040
1867.931910 3866.810441
235.328192 2827.527215
401.883738 2834.298898
412.964412 2980.993798
247.026219 2973.900243
496.480887 2838.144954
664.287241 2844.967492
674.389080 2992.169228
507.209564 2985.022607
759.596136 2848.842485
928.667442 2855.716452
937.775386 3003.428513
769.340566 2996.228231
1024.696147 2859.620711
1195.046761 2866.546691
1203.145493 3014.772602
1033.441176 3007.518052
1291.803460 2870.480548
1463.447958 2877.459134
1470.521898 3026.202458
1299.533678 3018.893022
1560.940962 2881.422927
1733.894141 2888.454721
1739.927440 3037.719054
1567.640692 3030.354109
254.130020 3062.787436
419.693215 3070.075133
430.636608 3214.952595
265.683459 3207.351284
513.724560 3074.214168
680.523337 3081.556252
690.499556 3226.927505
524.320139 3219.269685
775.257739 3085.726235
943.305979 3093.123317
952.300241 3238.991709
784.880831 3231.276748
1038.751352 3097.324595
1208.063148 3104.777296
1216.060418 3251.146209
1047.387083 3243.373466
1304.227527 3109.010223
1474.817183 3116.519173
1481.802167 3263.392023
1311.860768 3255.560846
1571.708723 3120.784107
1743.590761 3128.349944
1749.547905 3275.730185
1578.324088 3267.839911
272.699727 3295.143213
437.282304 3302.933690
448.090951 3446.027281
284.111241 3437.931218
530.754562 3307.358177
696.557769 3315.206431
706.410699 3458.781133
541.219505 3450.625256
790.724553 3319.663793
957.762019 3327.570471
966.644716 3471.629496
800.228561 3463.413140
1052.631098 3332.061076
1220.916656 3340.026832
1228.814358 3484.573426
1061.159567 3476.295916
1316.495916 3344.551053
1486.043608 3352.576552
1492.941303 3497.613993
1324.033995 3489.274643
1582.341054 3357.134769
1753.165131 3365.220685
1759.047552 3510.752282
1588.873638 3502.350397
291.041585 3524.648003
454.655071 3532.928395
465.331445 3674.270860
302.313775 3665.692687
547.574840 3537.631015
712.394273 3545.972439
722.126185 3687.783688
557.911547 3679.142529
806.000191 3550.709784
972.038954 3559.112918
980.812149 3701.396034
815.387312 3692.691193
1066.338649 3563.885375
1233.610324 3572.350906
1241.410306 3715.109003
1074.761842 3706.339773
1328.611536 3577.158867
1497.129906 3585.687492
1503.941939 3728.923712
1336.056221 3720.089377
1592.840494 3590.531354
1762.619548 3599.123782
1768.428643 3742.841300
1599.291842 3733.941131
