2704.000000 4064.000000
586.381949 2718.840153
2181.513316 2774.468794
476.576408 3884.625535
2174.831294 3986.201146
653.702341 2803.894849
825.520170 2810.193443
812.134326 2980.442675
638.792387 2973.476500
901.656150 2812.984478
1075.248555 2819.348125
1064.098078 2990.568463
888.949285 2983.529675
1152.172919 2822.168061
1327.567533 2828.597775
1318.699865 3000.800266
1141.715818 2993.687724
1405.292590 2831.447063
1582.517626 2837.943877
1575.981335 3011.139760
1397.133037 3003.952298
1661.055943 2840.822978
1840.140204 2847.387949
1835.985017 3021.588652
1655.242857 3014.325080
1919.504612 2850.297333
2100.477510 2856.931539
2098.754345 3032.148689
1916.088081 3024.807792
631.500909 3056.407742
805.587872 3063.704430
791.831741 3238.663196
616.180009 3230.663384
882.734756 3066.937967
1058.644463 3074.311053
1047.183904 3250.292851
869.675818 3242.208495
1136.601217 3077.578535
1314.362445 3085.029226
1305.246865 3262.045965
1125.852843 3253.875717
1393.141888 3088.331190
1572.784025 3095.860717
1566.064022 3273.924516
1384.753847 3265.666999
1652.399249 3099.197712
1833.952306 3106.807334
1829.679704 3285.930522
1646.422510 3277.584330
1914.416683 3110.179921
2097.911314 3117.870921
2096.139193 3298.066044
1910.903450 3289.629743
608.686172 3315.896190
785.102937 3324.244186
770.960939 3504.110641
592.937098 3495.021758
863.287905 3327.943878
1041.577570 3336.380499
1029.793811 3517.325173
849.862057 3508.138882
1120.594783 3340.119573
1300.787334 3348.646238
1291.413297 3530.681973
1109.542795 3521.396701
1380.650150 3352.425326
1562.776214 3361.043485
1555.864644 3544.183352
1372.023888 3534.797491
1643.498282 3364.863232
1827.589146 3373.574364
1823.194080 3557.831671
1637.350881 3548.343576
1909.184408 3377.435431
2095.272041 3386.241050
2093.448848 3571.629339
1905.570309 3562.037332
585.232362 3582.653284
764.042059 3592.109136
749.497727 3777.092711
569.036911 3766.855819
843.293399 3596.300122
1024.028253 3605.857780
1011.907426 3791.978268
829.484959 3781.630098
1104.135154 3610.094010
1286.826423 3619.755128
1277.182781 3807.026383
1092.766504 3796.565112
1367.802815 3624.037338
1552.482438 3633.803605
1545.370991 3822.239734
1358.928037 3811.663497
1634.342554 3638.132549
1821.043171 3648.005690
1816.520300 3837.621057
1628.017075 3826.927948
1903.801556 3652.382136
2092.556523 3662.363916
2090.680019 3853.173150
1900.082184 3842.361222
