4064.000000 2704.000000
2258.852599 896.331002
2714.487465 924.371698
2243.325480 1214.258451
2698.960207 1250.706008
2289.348563 931.309384
2326.445601 933.654374
2324.687766 969.792783
2287.590804 967.369221
2358.551434 935.683859
2395.950048 938.047912
2394.192116 974.333535
2356.793548 971.890269
2428.317413 940.093928
2466.021295 942.477279
2464.263324 978.911319
2426.559456 976.448108
2498.653402 944.540030
2536.666306 946.942914
2534.908353 983.526592
2496.895432 981.043190
2569.566414 949.022607
2607.892154 951.445266
2606.134279 988.179815
2567.808490 985.675974
2641.063580 953.542109
2679.706034 955.984788
2677.948299 992.871459
2639.305763 990.346924
2285.980859 1000.396690
2323.077752 1002.892230
2321.319237 1039.044615
2284.222421 1036.470442
2355.183486 1005.052011
2392.582012 1007.567842
2390.823398 1043.867555
2353.424918 1041.272449
2424.949328 1009.745220
2462.653182 1012.281591
2460.894526 1048.729837
2423.190687 1046.113542
2495.285291 1014.476781
2533.298226 1017.033944
2531.539585 1053.631945
2493.526634 1050.994201
2566.198390 1019.247167
2604.524223 1021.825379
2602.765658 1058.574369
2564.439776 1055.914911
2637.695758 1024.056857
2676.338369 1026.656380
2674.579940 1063.557610
2635.937248 1060.876168
2282.611854 1069.510657
2319.708600 1072.156864
2317.949406 1108.323232
2280.852738 1105.598332
2351.814232 1074.447041
2389.212669 1077.114768
2387.453372 1113.428579
2350.054983 1110.681517
2421.579933 1079.423609
2459.283756 1082.113120
2457.524413 1118.575580
2419.820608 1115.806083
2491.915863 1084.440853
2529.928829 1087.152416
2528.169499 1123.764746
2490.156520 1120.972540
2562.829044 1089.499273
2601.154969 1092.233161
2599.395712 1128.996599
2561.069740 1126.181402
2634.326609 1094.599379
2672.969375 1097.355868
2671.210252 1134.271667
2632.567406 1131.433194
2279.241550 1138.651301
2316.338146 1141.448291
2314.578270 1177.628652
2277.481754 1174.752908
2348.443673 1143.868966
2385.842017 1146.688707
2384.082036 1183.016624
2346.683742 1180.117486
2418.209226 1149.129112
2455.913016 1151.971883
2454.152987 1188.448564
2416.449216 1185.525746
2488.545120 1154.432261
2526.558112 1157.298344
2524.798093 1193.925014
2486.785088 1190.978224
2559.458376 1159.778941
2597.784389 1162.668625
2596.024440 1199.446521
2557.698382 1196.475463
2630.956133 1165.169691
2669.599050 1168.083269
2667.839232 1205.013645
2629.196237 1202.018018
