4064.000000 2704.000000
3243.402935 1429.337957
3694.949041 1449.507564
3228.103545 1709.841929
3671.221419 1755.309873
3274.454291 1462.225148
3306.789127 1463.845610
3305.049497 1493.883027
3272.776678 1492.063700
3339.546367 1465.487240
3372.770354 1467.152261
3370.902068 1497.595358
3337.743218 1495.726082
3406.434595 1468.839346
3440.584919 1470.550790
3438.581453 1501.410672
3404.499578 1499.489362
3475.194360 1472.285244
3510.310309 1474.045081
3508.164740 1505.333315
3473.120754 1503.357768
3545.905325 1475.828926
3582.028442 1477.639237
3579.733411 1509.367881
3543.685993 1507.335767
3618.651739 1479.474615
3655.825984 1481.337604
3653.373670 1513.519230
3616.279095 1511.428084
3271.008777 1523.508126
3303.216282 1525.536338
3301.487828 1555.380786
3269.341870 1553.156267
3335.843108 1527.590955
3368.933362 1529.674756
3367.077242 1559.919612
3334.051621 1557.634220
3402.460599 1531.786075
3436.470398 1533.927782
3434.480159 1564.583934
3400.538268 1562.235135
3470.935841 1536.098183
3505.904054 1538.300245
3503.772847 1569.379029
3468.876019 1566.964148
3541.347643 1540.532243
3577.315361 1542.797247
3575.035912 1574.310475
3539.143272 1571.826683
3613.779335 1545.093502
3650.790033 1547.424185
3648.354608 1579.384172
3611.422915 1576.828477
3267.585233 1584.400354
3299.666372 1586.831073
3297.948987 1616.484406
3265.928929 1613.859900
3332.163781 1589.293332
3365.121335 1591.790455
3363.277263 1621.839002
3330.383844 1619.142911
3398.512637 1594.320442
3432.383018 1596.886728
3430.405874 1627.341161
3396.602868 1624.570516
3466.705607 1599.487277
3501.527270 1602.125639
3499.410282 1632.997069
3464.659433 1630.148735
3536.820659 1604.799743
3572.634251 1607.513262
3570.370225 1638.813261
3534.631099 1635.883923
3608.940218 1610.264087
3645.788735 1613.056020
3643.370025 1644.796648
3606.599856 1641.782802
3264.183449 1644.905556
3296.139176 1647.733616
3294.432753 1677.197664
3262.537647 1674.178302
3328.508155 1650.598248
3361.334031 1653.503316
3359.501889 1683.357458
3326.739655 1680.256009
3394.590453 1656.446486
3428.322509 1659.431750
3426.358333 1689.686449
3392.693124 1686.499519
3462.503377 1662.456733
3497.179663 1665.525561
3495.076752 1696.191704
3460.470715 1692.915711
3532.324065 1668.635816
3567.984788 1671.791766
3565.736029 1702.880692
3530.149167 1699.511848
3604.134049 1674.990950
3640.821733 1678.237785
3638.419568 1709.761306
3601.809581 1706.295608
