4064 2704
408.885363 1325.473529
1522.765218 937.219166
702.737599 1857.837691
1986.014112 1274.325694
526.605452 1342.439270
636.529609 1303.123827
668.848786 1351.123014
556.784715 1392.330919
727.574548 1270.560720
830.395086 1233.785956
866.240746 1278.538562
761.589178 1317.020761
915.650077 1203.293680
1012.033990 1168.821037
1050.897633 1210.637018
952.946702 1246.655277
1092.034291 1140.208152
1182.567607 1107.828032
1224.013369 1146.979356
1132.139531 1180.762962
1257.784476 1080.925988
1342.984182 1050.453485
1386.637159 1087.179764
1300.291904 1118.930414
1413.834165 1025.113301
1494.158083 996.384671
1539.694769 1030.897823
1458.393668 1060.793650
585.599779 1439.967305
699.679685 1396.911870
735.217960 1449.691937
618.845412 1494.928204
794.013656 1361.308840
900.382375 1321.163720
939.672388 1370.216533
831.360024 1412.319651
988.445958 1287.927227
1087.859735 1250.407005
1130.330431 1296.104053
1029.268938 1335.388616
1170.257969 1219.308698
1263.377296 1184.164093
1308.542960 1226.829385
1214.027859 1263.569238
1340.639809 1155.004084
1428.044114 1122.016412
1475.490062 1161.933807
1386.905267 1196.368435
1500.636516 1094.618971
1582.836233 1063.595588
1632.207198 1101.014815
1549.011575 1133.354568
650.664418 1547.530637
769.198014 1500.157796
808.461461 1558.470343
687.468686 1608.374588
867.040085 1461.054478
977.175256 1417.038132
1020.431039 1471.042133
908.232835 1517.319001
1068.205746 1380.657114
1170.804469 1339.652764
1217.408751 1389.797414
1113.079938 1432.828501
1255.710714 1305.719347
1351.520918 1267.428080
1400.930755 1314.102588
1303.671520 1354.217782
1430.900793 1235.703318
1520.574613 1199.864503
1572.330272 1243.407759
1481.445628 1280.893713
1594.950629 1170.139571
1679.059268 1136.524922
1732.770019 1177.233358
1647.653182 1212.340342
722.787106 1666.762169
846.099040 1614.368215
889.705656 1679.131070
763.753581 1734.486984
947.684618 1571.205563
1061.817125 1522.711852
1109.670918 1582.456378
993.350121 1633.579347
1155.978925 1482.703486
1261.920133 1437.690173
1313.292242 1492.964844
1205.538766 1540.322477
1349.443189 1400.502540
1448.044324 1358.607947
1502.325968 1409.884557
1402.226993 1453.878038
1529.606759 1323.952919
1621.605060 1284.863801
1678.285487 1332.550381
1585.053412 1373.525860
1697.795690 1252.491198
1783.832869 1215.934898
1842.481845 1260.386112
1755.433533 1298.643829
