4064 2704
1682.217824 760.783525
1505.932592 1905.718391
1020.494748 771.933859
827.557933 1841.721078
1603.732171 836.766805
1588.613061 933.517460
1505.142161 933.474437
1520.459276 837.507048
1576.954750 1008.121663
1561.626477 1106.210794
1477.804547 1104.754698
1493.331827 1007.470545
1549.806323 1181.850673
1534.264518 1281.306249
1450.089807 1278.397799
1465.831607 1179.769595
1522.279126 1358.003521
1506.519294 1458.854295
1421.990081 1454.452973
1437.950879 1354.452672
1494.365175 1536.631288
1478.382698 1638.906826
1393.497293 1632.970832
1409.681690 1531.569599
1466.056264 1717.786502
1449.846389 1821.517211
1364.603136 1814.003411
1381.015864 1711.171600
1453.433929 838.102859
1437.961256 933.439810
1356.910897 933.398035
1372.566729 838.821717
1426.031513 1006.946521
1410.347951 1103.582889
1328.973094 1102.169301
1344.840588 1006.314340
1398.255053 1178.094900
1382.356261 1276.057433
1300.655566 1273.234466
1316.739044 1176.074754
1370.096838 1351.595510
1353.978356 1450.911695
1271.950520 1446.640616
1288.254422 1348.149332
1341.548945 1527.497178
1325.206187 1628.195269
1242.849946 1622.436138
1259.378834 1522.585718
1312.603227 1705.850096
1296.031480 1807.959135
1213.345612 1800.670756
1230.104176 1699.432874
1307.463804 839.400440
1291.664115 933.364405
1212.930515 933.323823
1228.899538 840.098825
1279.483424 1005.805445
1263.471527 1101.031453
1184.438127 1099.658540
1200.619925 1005.191386
1251.126685 1174.448736
1234.898275 1270.962384
1155.564104 1268.221187
1171.962959 1172.486885
1222.385941 1345.375777
1205.936598 1443.203361
1126.300728 1439.056829
1142.921036 1342.029711
1193.253340 1518.633275
1176.578521 1617.801810
1096.640069 1612.211753
1113.486347 1513.865454
1163.720812 1694.269217
1146.815849 1794.806464
1066.573981 1787.733513
1083.650870 1688.040944
1165.637496 840.661184
1149.535517 933.291148
1073.020743 933.251710
1089.279170 841.339960
1137.122955 1004.696976
1120.807813 1098.553198
1044.016247 1097.219228
1060.488219 1004.100271
1108.230385 1170.907452
1091.697821 1266.014445
1014.628821 1263.351515
1031.318574 1169.001408
1078.952221 1339.336146
1062.197858 1435.719080
984.850832 1431.691725
1001.762713 1336.085891
1049.280689 1510.027762
1032.300035 1607.712487
954.674442 1602.284168
971.812914 1505.397370
1019.207810 1683.028215
1001.996248 1782.041283
924.091602 1775.174348
941.461250 1676.980667
