4064 2704
3003.414259 1682.045643
3671.548307 1879.449914
2805.867097 1960.928666
3532.986418 2209.040132
3030.452078 1724.601865
3080.960353 1739.731244
3061.639222 1768.886651
3010.703262 1753.390795
3128.169591 1753.872420
3180.018753 1769.403452
3161.558675 1799.284380
3109.255142 1783.372477
3228.489667 1783.922555
3281.733831 1799.871449
3264.188598 1830.506694
3210.461665 1814.161762
3331.517683 1814.783833
3386.213915 1831.167683
3369.640795 1862.587607
3314.431557 1845.791724
3437.364782 1846.489546
3493.573303 1863.326391
3478.033306 1895.563030
3421.279562 1878.297273
3546.148275 1879.074834
3603.932683 1896.383725
3589.490847 1929.470903
3531.126866 1911.715276
2990.959528 1782.172318
3042.320156 1798.038944
3022.122463 1828.517076
2970.321029 1812.258187
3090.340053 1812.873532
3143.095121 1829.170936
3123.786019 1860.426161
3070.561866 1843.720725
3192.427663 1844.411034
3246.634738 1861.157001
3228.271296 1893.220899
3173.564997 1876.050262
3297.334494 1876.819467
3353.054360 1894.032774
3335.697427 1926.938681
3279.446197 1909.283138
3405.178963 1910.135412
3462.475843 1927.835900
3446.190343 1961.619033
3388.327802 1943.457749
3516.086214 1944.397530
3575.028019 1962.606177
3559.883271 1997.303772
3500.339181 1978.614700
2949.677711 1842.351082
3001.916876 1859.007121
2980.781587 1890.900077
2928.088026 1873.823548
3050.773036 1874.584515
3104.463404 1891.703259
3084.245328 1924.429820
3030.070565 1906.873275
3154.686277 1907.716419
3209.889171 1925.317419
3190.648920 1958.912288
3134.929610 1940.855197
3261.536918 1941.784888
3318.317165 1959.888815
3300.119468 1994.388671
3242.788603 1975.809320
3371.451295 1976.830206
3429.877481 1995.458926
3412.791514 2030.902571
3353.778153 2011.777970
3484.563096 2012.894996
3544.707840 2032.071665
3528.807585 2068.500178
3468.036562 2048.805967
2906.482212 1905.319526
2959.627026 1922.822114
2937.487305 1956.230749
2883.874035 1938.276705
3009.346025 1939.196453
3064.002274 1957.196814
3042.809494 1991.501107
2987.652931 1973.030244
3115.145401 1974.040171
3171.378493 1992.559846
3151.197102 2027.798014
3094.429635 2008.787691
3224.007825 2009.892667
3281.886995 2028.954457
3262.785932 2065.166948
3204.335946 2045.593182
3336.068269 2046.798390
3395.666868 2066.426453
3377.719934 2103.656116
3317.511501 2083.493480
3451.469755 2084.804445
3512.865557 2105.024394
3496.151815 2143.316655
3434.104373 2122.538171
