2704 4064
689.896791 2743.099457
2038.600177 2713.513343
687.713964 3732.682969
2083.074763 3703.097850
784.316348 2840.093244
899.090894 2837.583005
899.688475 2949.573511
784.461172 2952.083961
993.835099 2835.510851
1108.645767 2832.999822
1110.070192 2944.989938
994.806481 2947.501181
1203.419793 2830.927015
1318.266601 2828.415196
1320.518390 2940.404916
1205.218255 2942.916953
1413.070461 2826.341737
1527.953425 2823.829127
1531.033102 2935.818446
1415.696524 2938.331277
1622.787135 2821.755015
1737.706272 2819.241614
1741.614359 2931.230525
1626.241321 2933.744150
1832.569844 2817.166849
1947.525173 2814.652656
1952.262191 2926.641154
1836.852676 2929.155574
784.589281 3051.149691
900.217088 3048.639118
900.823605 3162.304228
784.736271 3164.814869
995.665756 3046.566685
1111.330224 3044.055316
1112.775951 3157.720297
996.651664 3160.231737
1206.809157 3041.982226
1322.510304 3039.470060
1324.795776 3153.134907
1208.634518 3155.647147
1418.019518 3037.396313
1533.757361 3034.883351
1536.883111 3148.548056
1420.684864 3151.061097
1629.296869 3032.808945
1745.071427 3030.295186
1749.037988 3143.959745
1632.802735 3146.473586
1840.641244 3028.220122
1956.452532 3025.705565
1961.260441 3139.369973
1844.988163 3141.884614
784.866303 3265.367365
901.360152 3262.856728
901.975806 3378.234285
785.015506 3380.744840
997.523836 3260.784241
1114.054898 3258.272803
1115.522410 3373.650504
998.524599 3376.161864
1210.249304 3256.199654
1326.817596 3253.687413
1329.137512 3369.065253
1212.102171 3371.577418
1423.042737 3251.613601
1539.648279 3249.100558
1542.821143 3364.478531
1425.748254 3366.991502
1635.904170 3247.026084
1752.546977 3244.512237
1756.573337 3359.890337
1639.462883 3362.404114
1848.833634 3242.437100
1965.513725 3239.922450
1970.394127 3355.300670
1853.246089 3357.815255
785.147505 3482.817823
902.520468 3480.307408
903.145467 3597.436404
785.298973 3599.946581
999.409962 3478.235101
1116.820702 3475.723878
1118.310494 3592.853304
1000.425918 3595.364292
1213.741383 3473.650903
1331.189917 3471.138872
1333.545060 3588.268723
1215.622383 3590.780522
1428.141800 3469.065230
1545.628147 3466.552390
1548.849199 3583.682659
1430.888403 3586.195271
1642.611246 3464.478081
1760.135425 3461.964432
1764.222944 3579.095113
1646.224011 3581.608537
1857.149756 3459.889454
1974.711784 3457.374996
1979.666330 3574.506084
1861.629241 3577.020321
