2704.000000 4064.000000
969.484514 679.997432
1962.452585 662.256158
1003.856552 1395.723088
1950.426684 1343.263280
1039.425088 748.201744
1133.098899 746.223832
1136.452924 837.292115
1043.366862 839.706564
1199.472105 744.822369
1291.577775 742.877568
1293.950186 833.206981
1202.413065 835.581253
1356.844498 741.499469
1447.421078 739.586955
1448.843832 829.189379
1358.817309 831.524470
1511.608758 738.231639
1600.694011 736.350614
1601.197892 825.237648
1512.644881 827.534519
1663.829188 735.017522
1751.459646 733.167215
1751.074316 821.350181
1663.958934 823.609764
1813.567997 731.855804
1899.779005 730.035469
1898.533055 817.525425
1812.820574 819.748619
1046.346481 908.875802
1138.988393 906.135006
1142.271534 995.278661
1050.204545 998.437365
1204.636362 904.192823
1295.743767 901.497426
1298.066452 989.933532
1207.515383 993.040226
1360.308840 899.587279
1449.919550 896.936162
1451.312727 984.675844
1362.240443 987.731803
1513.428303 895.057266
1601.578899 892.449346
1602.072390 979.503468
1514.442959 982.509924
1664.057044 890.600941
1750.782925 888.035170
1750.405476 974.414345
1664.184123 977.372492
1812.255345 886.216519
1897.590773 883.691885
1896.370105 969.406480
1811.523161 972.317473
1053.121222 1066.145442
1144.753700 1062.674286
1147.968181 1149.953686
1056.898214 1153.825000
1209.692100 1060.214335
1299.822635 1056.800075
1302.097142 1143.401783
1212.511118 1147.210016
1363.700980 1054.380281
1452.366198 1051.021528
1453.730710 1136.955957
1365.592651 1140.702638
1515.210234 1048.640915
1602.445581 1045.336327
1602.928999 1130.613653
1516.204083 1134.300262
1664.280227 1042.993951
1750.120015 1039.742229
1749.750210 1124.372396
1664.404721 1128.000367
1810.969396 1037.437176
1895.446848 1034.237062
1894.250702 1118.229792
1810.251988 1121.800512
1059.753921 1220.117732
1150.398709 1215.947207
1153.546661 1301.420228
1063.452371 1305.973990
1214.642704 1212.991370
1303.817085 1208.888497
1306.044898 1293.712297
1217.403575 1298.192619
1367.023151 1205.980415
1454.762617 1201.943562
1456.099340 1286.127886
1368.876117 1290.536531
1516.955704 1199.082087
1603.294613 1195.109673
1603.768264 1278.664049
1517.929380 1283.002724
1664.498880 1192.293692
1749.470500 1188.384187
1749.108107 1271.317935
1664.620866 1275.588291
1809.709343 1185.612625
1893.345899 1181.764545
1892.173542 1264.086779
1809.006268 1268.290418
