2704.000000 4064.000000
1064.943230 2664.131331
2439.141699 2633.442547
1051.514455 3649.215391
2483.890979 3641.833918
1155.362258 2757.337494
1274.163400 2754.862155
1273.661186 2870.096433
1154.282577 2872.342782
1366.055049 2752.947502
1485.737742 2750.453795
1486.269951 2866.095772
1366.001163 2868.358871
1578.312530 2748.524909
1698.886623 2746.012629
1700.468732 2862.065191
1579.299772 2864.345228
1792.152196 2744.069349
1913.627686 2741.538287
1916.275433 2858.004353
1794.196155 2860.301521
2007.591805 2739.580452
2129.978836 2737.030398
2133.708226 2853.912918
2010.708335 2856.227408
2224.649379 2735.057844
2347.958251 2732.488582
2352.785561 2849.790537
2228.854603 2852.122548
1153.387423 2967.692588
1273.244797 2965.637868
1272.733555 3082.943537
1152.288375 3084.760779
1365.956486 2964.048507
1486.711223 2961.978404
1487.253034 3079.706929
1365.901630 3081.537844
1580.118339 2960.377122
1701.780555 2958.291461
1703.391318 3076.445897
1581.123423 3078.290640
1795.890952 2956.678123
1918.470915 2954.576729
1921.166799 3073.160164
1797.971991 3075.018891
2013.292566 2952.951198
2136.800700 2950.833893
2140.598150 3069.849447
2016.465849 3071.722319
2232.341698 2949.196029
2356.788586 2947.062631
2361.704329 3066.513461
2236.623793 3068.400640
1151.377093 3181.828619
1272.309647 3180.210123
1271.789132 3299.643541
1150.258152 3301.015721
1365.856145 3178.958148
1487.702304 3177.327425
1488.253981 3297.199485
1365.800292 3298.582082
1581.956851 3176.065973
1704.727008 3174.422883
1706.367210 3294.736817
1582.980265 3296.129951
1799.697673 3173.151847
1923.402378 3171.496250
1926.147722 3292.255324
1801.816811 3293.659116
2019.097354 3170.215521
2143.747318 3168.547273
2147.614707 3289.754789
2022.328955 3291.169363
2240.174924 3167.256738
2365.781023 3165.575694
2370.787650 3287.234993
2244.536016 3288.660472
1149.330301 3399.848451
1271.357500 3398.682431
1270.827457 3520.302018
1148.190923 3521.212516
1365.753977 3397.780433
1488.711468 3396.605523
1489.273281 3518.680198
1365.697100 3519.597672
1583.828963 3395.696636
1707.727425 3394.512735
1709.397882 3517.045914
1584.871214 3517.970445
1803.574231 3393.596879
1928.424506 3392.403882
1931.220686 3515.399023
1805.732522 3516.330692
2025.009044 3391.480977
2150.822143 3390.278780
2154.761421 3513.739376
2028.300584 3514.678267
2248.152962 3389.348744
2374.940066 3388.137241
2380.040122 3512.066826
2252.595258 3513.013023
