4368 2912
3411.779780 1755.692305
3861.573575 1833.935447
3294.959343 2055.404688
3733.155497 2168.963588
3427.011718 1786.073700
3466.605365 1793.219683
3450.740679 1834.029043
3411.284682 1826.469880
3491.910510 1797.786834
3532.836237 1805.173235
3516.742266 1846.673933
3475.958077 1838.860309
3558.999951 1809.895344
3601.326132 1817.534503
3584.996330 1859.750363
3542.815738 1851.669209
3628.392863 1822.419592
3672.192634 1830.324709
3655.620182 1873.280807
3611.970220 1864.918145
3700.209952 1835.381362
3745.561628 1843.566571
3728.739420 1887.289330
3683.541951 1878.630189
3774.580505 1848.803988
3821.568052 1857.284447
3804.488680 1901.801723
3757.659924 1892.830054
3401.073825 1852.697304
3440.440359 1860.524965
3424.546991 1901.408106
3385.318640 1893.165786
3465.600726 1865.527865
3506.292921 1873.619121
3490.169364 1915.196110
3449.619267 1906.676075
3532.307738 1878.791921
3574.393701 1887.160314
3558.033366 1929.455105
3516.093578 1920.643081
3601.307244 1892.511816
3644.859830 1901.171834
3628.255853 1944.209644
3584.853691 1935.090359
3672.719490 1906.711462
3717.816721 1915.678618
3700.961947 1959.486018
3656.019568 1950.043116
3746.673278 1921.416471
3793.398810 1930.707398
3776.285777 1975.312408
3729.719716 1965.528350
3375.089498 1919.440172
3414.228039 1927.951954
3398.305911 1968.909079
3359.306090 1959.981152
3439.243062 1933.392178
3479.700801 1942.190856
3463.547576 1983.844347
3423.232496 1974.615328
3505.566126 1947.816002
3547.410904 1956.916330
3531.019951 1999.290276
3489.321938 1989.744673
3574.170637 1962.735990
3617.475023 1972.153752
3600.839433 2015.273508
3557.686087 2005.394747
3645.176372 1978.178193
3690.018093 1987.930292
3673.130658 2031.822579
3628.444437 2021.592909
3718.711645 1994.170515
3765.174042 2004.275075
3748.027251 2048.968077
3701.725004 2038.368462
3349.058616 1986.302628
3387.968278 1995.500981
3372.017310 2036.532289
3333.246906 2026.916296
3412.837385 2001.380109
3453.059742 2010.888787
3436.876767 2052.618993
3396.797633 2042.678404
3478.774980 2016.967941
3520.377599 2026.802918
3503.955942 2069.256241
3462.500677 2058.974338
3546.982896 2033.092485
3590.038065 2043.270849
3573.370769 2086.472785
3530.467260 2075.831684
3617.580446 2049.781944
3662.165588 2060.321998
3645.245397 2104.299420
3600.816407 2093.279963
3690.695445 2067.066537
3736.893585 2077.987907
3719.712936 2122.769160
3673.675631 2111.350802
