4368 2912
590.979166 772.723275
1258.194217 664.249233
709.887269 1238.303376
1383.185885 1087.428075
643.329571 805.658888
712.393012 794.090447
728.319772 854.764793
659.155929 866.903310
754.650991 787.012043
821.814638 775.761826
837.891996 835.534452
770.637143 847.337934
862.918139 768.876802
928.259316 757.931858
944.473205 816.829045
879.049383 828.311174
968.255009 751.232397
1031.846902 740.580465
1048.184222 798.627368
984.517659 809.801092
1070.778979 734.059165
1132.690905 723.688635
1149.139443 780.909344
1087.160280 791.786922
1170.601234 717.338483
1230.898897 707.238349
1247.447268 763.655947
1187.089301 774.249000
669.348757 906.347251
738.576759 893.839659
754.684378 955.203008
685.356416 968.293265
780.932068 886.187222
848.245163 874.025601
864.502548 934.467535
797.098777 947.194474
889.436946 866.583381
954.913502 854.753572
971.306454 914.301204
905.747864 926.679742
994.989055 847.513024
1058.703219 836.001631
1075.218518 894.680900
1011.430364 906.725151
1097.707304 828.954668
1159.729289 817.749004
1176.354622 875.584744
1114.266143 887.308068
1197.704310 810.887964
1258.100644 799.976012
1274.824537 856.992006
1214.368695 868.407062
695.666345 1008.190359
765.058173 994.722862
781.349751 1056.787017
711.858438 1070.850091
807.510310 986.483793
874.971970 973.390900
891.412423 1034.513448
823.860653 1048.184013
916.251448 965.379420
981.862369 952.645718
998.437365 1012.854629
932.745056 1026.148893
1022.017114 944.852525
1085.852423 932.463432
1102.548626 991.785458
1038.640045 1004.718745
1124.927785 924.879724
1187.058599 912.821437
1203.863593 971.282177
1141.667064 983.868993
1225.097522 905.438880
1285.591210 893.698326
1302.493432 951.322289
1241.941067 963.576374
722.287497 1111.208190
791.842360 1096.759502
808.321065 1159.536538
738.667229 1174.594046
834.390785 1087.920883
902.000070 1073.876351
918.626701 1135.691073
850.927910 1150.325947
943.366617 1065.283244
1009.110830 1051.626146
1025.870920 1112.507414
960.046003 1126.737201
1049.344066 1043.268463
1113.299332 1029.982984
1130.179428 1089.958386
1066.151645 1103.799675
1152.445201 1021.851180
1214.683556 1008.922357
1231.671140 1068.018283
1169.367885 1081.486770
1252.785552 1001.007398
1313.375217 988.421058
1330.458635 1046.662767
1269.811163 1059.773313
