4368 2912
3219.906959 2130.597079
3861.994943 2255.878196
3123.868989 2536.568444
3790.440920 2710.933658
3247.710532 2171.441534
3305.987696 2183.110097
3293.810117 2237.554156
3235.268857 2225.328532
3341.951756 2190.311011
3401.923401 2202.318851
3390.195040 2257.682964
3329.940470 2245.099537
3438.940802 2209.730671
3500.681918 2222.092804
3489.434804 2278.407972
3427.390590 2265.450799
3538.799625 2229.724933
3602.389697 2242.457274
3591.658149 2299.756063
3527.743361 2286.408244
3641.657506 2250.319682
3707.180853 2263.439113
3697.001680 2321.755768
3631.130429 2307.999364
3747.651613 2271.542383
3815.197756 2285.066829
3805.610467 2344.437379
3737.691525 2330.253342
3227.372466 2259.529134
3286.080623 2272.111514
3273.644410 2327.711885
3214.668921 2314.550341
3322.316092 2279.877529
3382.749545 2292.829676
3370.768411 2349.387021
3310.048290 2335.836128
3420.057756 2300.825602
3482.293694 2314.164059
3470.800541 2371.711163
3408.257211 2357.753386
3520.723001 2322.400259
3584.843284 2336.142570
3573.873400 2394.713906
3509.423493 2380.330638
3624.444990 2344.630040
3690.536511 2358.794828
3680.127774 2418.426665
3613.682763 2403.598150
3731.365098 2367.545245
3799.520179 2382.152297
3789.713277 2442.882832
3721.179065 2427.588071
3206.605450 2349.474597
3265.749879 2363.007102
3253.046705 2419.801015
3193.631678 2405.666201
3302.260210 2371.360827
3363.161579 2385.295327
3350.919409 2443.084899
3289.727588 2428.527385
3400.764583 2393.899060
3463.502356 2408.253738
3451.755000 2467.073652
3388.705474 2452.074191
3502.247828 2417.118872
3566.906340 2431.913024
3555.690091 2491.799774
3490.696959 2476.337930
3606.847150 2441.051658
3673.515975 2456.305777
3662.869818 2517.297795
3595.841804 2501.351853
3714.708304 2465.730764
3783.482678 2481.466643
3773.448529 2543.604433
3704.288548 2527.151296
3185.395767 2441.337324
3244.981792 2455.857980
3232.002967 2513.884285
3172.143053 2498.737072
3281.770479 2464.823099
3343.145938 2479.779826
3330.634108 2538.842337
3268.964367 2523.237158
3381.047772 2489.016211
3444.294501 2504.428951
3432.284415 2564.564372
3368.721509 2548.480138
3483.360778 2513.949102
3548.565680 2529.839034
3537.094671 2591.086014
3471.550066 2574.500322
3588.850899 2539.656232
3656.106342 2556.045865
3645.214549 2618.445137
3577.594103 2601.334166
3697.668457 2566.174232
3767.072714 2583.087515
3756.803327 2646.682045
3687.006841 2629.020439
