4368 2912
288.438808 518.446081
1039.989933 470.612214
252.479210 1055.532293
1008.671827 1014.655609
331.001490 562.758255
401.754340 558.309999
397.110794 629.326927
326.301174 633.689539
447.506458 555.433548
518.553831 550.966776
514.004346 622.125063
442.899705 626.505852
564.496599 548.078338
635.840338 543.592933
631.385741 614.893145
559.984232 619.292222
681.974952 540.692435
753.616915 536.188280
749.258040 607.630980
677.557798 612.048464
799.944578 533.275644
871.886639 528.752622
867.624328 600.338381
795.623476 604.774386
918.408565 525.827773
990.652615 521.285765
986.487717 593.015156
914.184359 597.469798
323.168508 680.963808
394.015958 676.658364
389.358679 747.885317
318.454309 752.104598
439.829389 673.874253
510.972191 669.550861
506.409224 740.920032
435.209001 745.156918
556.976812 666.755132
628.416819 662.413678
623.948993 733.925634
552.451060 738.180236
674.613828 659.606257
746.352905 655.246629
741.981059 726.901941
670.183545 731.174371
792.743513 652.427443
864.783543 648.049525
860.508521 719.848770
788.409539 724.139138
911.368967 645.218500
983.711849 640.822178
979.534504 712.765933
907.132153 717.074354
315.312384 799.518602
386.254683 795.356836
381.583610 866.794746
310.584240 870.869830
432.129590 792.665625
503.368077 788.486483
498.791567 860.067474
427.495506 864.159586
549.434713 785.784024
620.971247 781.587397
616.490133 853.312042
544.895519 857.421290
667.230818 778.873621
739.067272 774.659398
734.682396 846.528275
662.787348 850.654765
785.520992 771.934232
857.659258 767.702305
853.371467 839.715992
781.174092 843.859835
904.308351 764.965678
976.750334 760.715933
972.560487 832.875013
900.058873 837.036319
307.433014 918.424190
378.470415 914.406970
373.785487 986.056778
302.690863 989.986789
424.406960 911.809223
495.741387 907.775206
491.151274 979.568963
419.759120 983.515420
541.870205 905.166585
613.503523 901.115666
609.009063 973.053951
537.317508 977.016958
659.825825 898.496103
731.759918 894.428175
727.361953 966.511569
655.369109 970.491232
778.276922 891.797602
850.513688 887.712557
846.213072 959.941647
773.917036 963.938070
897.226624 885.070904
969.767977 880.968634
965.565571 953.344009
892.964424 957.357299
