4368 2912
214.498951 1703.792662
1334.042984 1574.734314
273.378049 2481.913024
1465.296745 2245.673490
289.897006 1759.276601
411.769368 1744.422772
421.386542 1843.107398
298.381672 1859.406391
482.985364 1735.742951
599.998676 1721.481344
611.301165 1817.942401
493.249281 1833.585090
668.403382 1713.144164
780.842555 1699.440054
793.691295 1793.774452
680.299147 1808.799692
846.599210 1691.425619
954.727308 1678.246943
968.995431 1770.545445
859.992471 1784.989089
1017.986755 1670.536868
1122.047048 1657.853977
1137.618649 1748.201705
1032.754874 1762.096878
1182.948885 1650.431249
1283.166678 1638.216683
1299.935727 1726.693573
1198.979768 1740.070934
303.696239 1922.124987
427.409187 1904.907507
437.349489 2006.907835
312.469789 2025.663962
499.676134 1894.849912
618.376871 1878.329997
630.051288 1977.965266
510.282220 1995.953809
687.745366 1868.675787
801.732440 1852.811886
814.995453 1950.187843
700.029591 1967.454976
868.373424 1843.537273
977.922138 1828.291069
992.641195 1923.506597
882.195282 1940.094862
1041.993370 1819.374095
1147.357995 1804.710204
1163.412175 1897.857896
1057.224799 1913.806556
1209.005299 1796.130575
1310.421049 1782.016260
1327.699893 1873.182940
1225.529419 1888.528287
317.966852 2090.536274
443.576199 2070.801918
453.856191 2176.287907
327.044294 2197.661560
516.925122 2059.278144
637.361760 2040.356467
649.426769 2143.325248
527.890775 2163.809666
707.720965 2029.302405
823.297967 2011.144221
836.995618 2111.711248
720.412994 2131.360796
890.846592 2000.531725
1001.852266 1983.091737
1017.043976 2081.364797
905.117955 2100.229493
1066.755415 1972.894870
1173.455706 1956.131297
1190.015252 2052.211161
1082.472305 2070.337107
1235.865801 1946.326111
1338.506418 1930.200349
1356.318665 2024.181369
1252.906277 2041.611124
332.733423 2264.800459
460.297517 2242.384221
470.934914 2351.537649
342.130823 2375.701667
534.760807 2229.299137
656.983888 2207.821450
669.459424 2314.293880
546.104628 2337.435594
728.361834 2195.278540
845.572452 2174.681669
859.726461 2278.599237
741.482315 2300.782179
914.052918 2162.647920
1026.553219 2142.878771
1042.240721 2244.359037
928.796075 2265.641579
1092.309117 2131.323797
1200.377443 2112.333459
1217.466597 2211.486159
1108.535051 2231.922030
1263.568197 2101.229245
1367.461379 2082.972585
1385.832115 2179.900304
1281.149615 2199.539042
