4368 2912
804.307066 2212.067240
1249.098464 2252.821959
689.072163 2584.530909
1141.587983 2647.901476
822.362741 2250.208388
859.914176 2253.802221
846.242123 2298.851569
808.616788 2295.033016
888.956695 2256.581714
927.138179 2260.235845
913.601670 2305.687811
875.342690 2301.804951
956.670033 2263.062170
995.497555 2266.778129
982.103154 2312.639947
943.194387 2308.691142
1025.531216 2269.652478
1065.021313 2273.431850
1051.775863 2319.710949
1012.200613 2315.694502
1095.569681 2276.355459
1135.739459 2280.199877
1122.650093 2326.903893
1082.391088 2322.818053
1166.815878 2283.174023
1207.683039 2287.085186
1194.757196 2334.221958
1153.796561 2330.064912
797.703844 2330.619391
835.387513 2334.617458
821.533283 2380.267078
783.775595 2376.038472
864.533905 2337.709757
902.854075 2341.775352
889.135667 2387.838088
850.737832 2383.537790
932.494855 2344.920104
971.467789 2349.054955
957.891860 2395.538317
918.837459 2391.164488
1001.615642 2352.253504
1041.258162 2356.459395
1027.831655 2403.371102
988.103703 2398.921839
1071.926213 2359.713136
1112.255726 2363.991913
1098.985880 2411.339893
1058.566801 2406.813229
1143.457555 2367.302285
1184.492073 2371.655860
1171.386443 2419.448267
1130.258043 2414.842165
772.717445 2412.098353
810.533553 2416.511133
796.493481 2462.773105
758.603250 2458.123790
839.784010 2419.924382
878.243162 2424.412197
864.339163 2471.098098
825.802192 2466.369425
907.993131 2427.883734
947.111868 2432.448518
933.350695 2479.566147
894.150282 2474.756066
977.374253 2435.979850
1017.169691 2440.623597
1003.558388 2488.180970
963.677251 2483.287362
1047.957846 2444.216282
1088.447697 2448.941060
1074.993613 2496.946418
1034.413867 2491.967087
1119.775444 2452.596710
1160.978043 2457.404660
1147.688847 2505.866475
1106.391973 2500.799148
747.396977 2494.666692
785.345703 2499.504979
771.116022 2546.391707
733.093089 2541.310709
814.700395 2503.247565
853.298798 2508.168683
839.205416 2555.490480
800.529056 2550.322166
883.158198 2511.975618
922.423107 2516.981712
908.472873 2564.746678
869.126095 2559.488776
952.800344 2520.854669
992.749172 2525.947959
978.949233 2574.164422
938.914454 2568.814581
1023.657836 2529.888670
1064.308609 2535.071455
1050.666424 2583.747977
1009.925438 2578.303766
1095.762767 2539.081714
1137.134150 2544.356374
1123.657505 2593.501762
1082.191462 2587.960661
