4368 2912
473.488091 1187.144912
1195.594462 1005.604809
631.715360 1680.390098
1342.688397 1461.207990
531.303287 1217.729227
606.637923 1198.451165
628.046729 1265.112419
552.868931 1284.923551
651.007460 1187.097044
724.474205 1168.296973
745.637273 1234.124520
672.323797 1253.444361
767.750406 1157.222635
839.417880 1138.882996
860.340750 1203.897434
788.823097 1222.744032
881.640665 1128.078226
951.574167 1110.182309
972.262195 1174.403478
902.475180 1192.794012
992.781537 1099.637382
1061.043242 1082.169277
1081.501609 1145.616302
1013.383164 1163.567128
1101.271390 1071.874932
1167.920540 1054.819478
1188.154257 1117.510800
1121.645248 1135.037501
566.157752 1326.328917
641.238877 1306.189211
662.659783 1372.888135
587.735680 1393.561516
685.458948 1294.327652
758.677951 1274.687441
779.852830 1340.551727
706.787275 1360.712288
801.808067 1263.118251
873.233374 1243.959179
894.167777 1309.009456
822.892464 1328.676046
915.313343 1232.671679
985.010067 1213.976282
1005.709360 1278.232424
936.159290 1297.422977
1026.077782 1202.960308
1094.107923 1184.711953
1114.577296 1248.193116
1046.690577 1266.924711
1134.199474 1173.957825
1200.622103 1156.140668
1220.866577 1218.865321
1154.584246 1237.154227
601.032071 1434.990470
675.859388 1413.988145
697.292402 1480.724774
622.622294 1502.261377
719.929815 1401.618580
792.900787 1381.137289
814.087488 1447.038343
741.270144 1468.040567
835.884649 1369.072696
907.067509 1349.093288
928.013455 1414.179434
856.980762 1434.666921
949.004499 1337.322529
1018.464175 1317.826780
1039.174743 1382.117922
969.861888 1402.109368
1059.392077 1306.339249
1127.190394 1287.309804
1147.670783 1350.825131
1080.016051 1370.338335
1167.145197 1276.095400
1233.341053 1257.515730
1253.596293 1320.273739
1187.540890 1339.325661
635.926263 1543.713941
710.499468 1521.848021
731.944603 1588.622386
657.528791 1611.023188
754.420080 1508.969876
827.142730 1487.646565
848.341261 1553.584421
775.772417 1575.429245
869.980168 1475.086023
940.920300 1454.285371
961.877800 1519.407415
891.088006 1540.716707
982.714148 1442.030824
1051.936506 1421.733848
1072.658359 1486.060021
1003.582988 1506.853232
1092.724439 1409.774249
1160.290670 1389.962874
1180.782084 1453.512392
1113.359599 1473.808049
1200.108572 1378.287702
1266.077405 1358.944706
1286.343419 1421.736099
1220.515195 1441.551849
