4368 2912
3373.493472 836.024989
3992.800298 927.856281
3252.540613 1223.958499
3854.954382 1362.906926
3397.581415 874.612656
3452.144380 883.047842
3435.447934 936.461661
3381.083878 927.465309
3486.591157 888.373158
3543.083950 897.106687
3526.054920 951.455616
3469.768887 942.141209
3578.759914 902.622029
3637.286761 911.670014
3619.911815 966.987379
3561.600049 957.337747
3674.258899 917.385739
3734.931667 926.765473
3717.196665 983.086411
3656.747803 973.083125
3773.271924 932.692702
3836.210836 942.422773
3818.100762 999.784368
3755.395128 989.407624
3875.996580 948.573468
3941.331013 958.673875
3922.829901 1017.115307
3857.738714 1006.343793
3370.526135 961.288826
3424.762973 970.644052
3408.089251 1023.985172
3354.050815 1014.070304
3459.003456 976.550139
3515.157253 986.236020
3498.151809 1040.509676
3442.204235 1030.244523
3550.618705 992.352709
3608.792920 1002.387088
3591.442470 1057.626467
3533.482768 1046.992132
3645.541833 1008.725851
3705.847502 1019.127881
3688.137960 1075.367968
3628.055595 1064.344172
3743.955284 1025.701033
3806.511732 1036.491296
3788.428139 1093.769016
3726.104331 1082.333965
3846.055173 1043.312082
3910.990804 1054.512727
3892.517257 1112.867086
3827.824196 1100.997328
3343.507285 1047.848287
3397.418828 1058.121056
3380.767784 1111.389625
3327.054137 1100.558735
3431.453548 1064.606324
3487.269230 1075.241925
3470.287321 1129.440464
3414.677328 1118.227192
3522.516732 1081.958288
3580.339245 1092.976286
3563.013239 1148.137841
3505.404671 1136.521574
3616.865527 1099.936319
3676.805082 1111.357718
3659.120944 1167.517127
3599.404093 1155.475743
3714.681019 1118.574925
3776.856050 1130.422290
3758.798879 1187.616319
3696.855854 1175.126045
3816.157854 1137.911194
3880.695792 1150.208809
3862.249750 1208.476290
3797.953706 1195.511550
3316.524791 1134.291276
3370.111870 1145.479098
3353.483457 1198.675264
3300.093770 1186.930836
3403.941356 1152.541961
3459.419800 1164.124660
3442.461378 1218.248238
3387.188090 1206.089462
3494.453910 1171.439024
3551.925650 1183.437878
3534.624036 1238.521775
3477.365679 1225.926332
3588.229893 1191.017418
3647.804318 1203.455268
3630.145531 1259.534175
3570.793212 1246.478111
3685.449039 1211.314671
3747.243692 1224.216056
3729.212886 1281.326577
3667.649605 1267.784156
3786.304526 1232.371113
3850.445878 1245.762438
3832.027277 1303.943235
3768.127148 1289.886766
