4368 2912
845.165014 2200.745536
1293.273630 2135.742672
928.351586 2559.697656
1397.873163 2440.491351
886.079922 2229.834959
930.053465 2223.041438
940.002888 2262.667531
895.740878 2270.045786
963.178835 2217.923862
1005.208115 2211.430712
1015.625504 2250.061621
973.338415 2257.110666
1036.884902 2206.536930
1077.096075 2200.324661
1087.931527 2238.008570
1047.490068 2244.749958
1107.417263 2195.640306
1145.925798 2189.691080
1157.134460 2226.472789
1118.420385 2232.926230
1174.976581 2185.202992
1211.888376 2179.500448
1223.429864 2215.421678
1186.334818 2221.605236
1239.746953 2175.196545
1275.159300 2169.725652
1286.997208 2204.825321
1251.421710 2210.755577
903.818883 2303.668051
948.320227 2295.793434
958.617914 2336.806572
913.822538 2345.305259
981.830000 2289.863802
1024.330705 2282.343204
1035.104391 2322.295373
992.341610 2330.408431
1056.350750 2276.677182
1096.982758 2269.487253
1108.180514 2308.431195
1067.315058 2316.184288
1127.610256 2264.067647
1166.494159 2257.187049
1178.069400 2295.171706
1138.977740 2302.588271
1195.818015 2251.998125
1233.064248 2245.407317
1244.975117 2282.478192
1207.544218 2289.579673
1261.165957 2240.434654
1296.875844 2234.115707
1309.084675 2270.315172
1273.210909 2277.121229
922.189652 2380.130854
967.228955 2371.102219
977.893515 2413.576524
932.554570 2423.271710
1001.129999 2364.306373
1044.109893 2355.690570
1055.258473 2397.032963
1012.012258 2406.280644
1076.478366 2349.201945
1117.536939 2340.971292
1129.115479 2381.239535
1087.820373 2390.069994
1148.474465 2334.769516
1187.737731 2326.898753
1199.697834 2366.146351
1160.224714 2374.587201
1217.337144 2320.965217
1254.920330 2313.431244
1267.218601 2351.707852
1229.449490 2359.784319
1283.266604 2307.748915
1319.275286 2300.530569
1331.872750 2337.882343
1295.699642 2345.617525
941.226596 2459.366411
986.814094 2449.104986
997.865489 2493.119958
951.972706 2504.093861
1021.113286 2441.384479
1064.580090 2431.600407
1076.123478 2474.406872
1032.386150 2484.865362
1097.302079 2424.234918
1138.792798 2414.895649
1150.771880 2456.556912
1109.041643 2466.535465
1170.043924 2407.861240
1209.690316 2398.937116
1222.054800 2439.511708
1182.196600 2449.042619
1239.567569 2392.211957
1277.489932 2383.675900
1290.194817 2423.218036
1252.085450 2432.330765
1306.081959 2377.240036
1342.390351 2369.067272
1355.395306 2407.627265
1318.922146 2416.348744
