4368 2912
358.177413 1803.792556
1773.236317 1870.160265
242.621184 2833.443677
1757.265744 2824.285834
435.341391 1892.370687
583.653970 1898.698558
570.978844 2031.940394
421.247476 2026.585481
671.044630 1902.427148
815.810014 1908.603675
805.315058 2040.321073
659.196013 2035.095347
901.122992 1912.243619
1042.466934 1918.274168
1034.052622 2048.501524
891.416736 2043.400369
1125.775452 1921.828590
1263.817831 1927.718275
1257.389809 2056.488839
1118.114001 2051.507851
1345.191712 1931.190154
1480.046869 1936.943854
1475.515635 2064.289777
1339.482560 2059.424761
1559.552731 1940.336033
1691.329790 1945.958403
1688.610402 2071.910787
1555.708114 2067.157739
412.439583 2110.462064
563.058484 2115.199780
550.015054 2252.313252
397.932920 2248.607414
651.792597 2117.990911
798.758160 2122.613713
787.962000 2258.111389
639.601287 2254.496232
885.352974 2125.337552
1028.796524 2129.849568
1020.143656 2263.769040
875.369423 2260.241276
1113.328482 2132.508520
1253.375127 2136.913687
1246.767049 2269.291251
1105.450800 2265.847749
1335.917072 2139.510043
1472.686064 2143.812111
1468.029410 2274.682828
1330.048714 2271.320605
1553.307449 2146.348056
1686.912520 2150.550603
1684.118744 2279.948352
1549.356886 2276.664563
388.865184 2334.958456
541.862870 2338.009595
528.434847 2479.165936
373.927371 2477.209590
631.982188 2339.806789
781.215561 2342.782859
770.105040 2482.225921
619.433098 2480.318139
869.131184 2344.536105
1014.737479 2347.439843
1005.835762 2485.210701
858.858283 2483.349699
1100.529260 2349.150735
1242.639121 2351.984744
1235.843314 2488.123016
1092.426062 2486.307092
1326.383102 2353.654799
1465.120973 2356.421564
1460.333619 2490.965473
1320.348785 2489.193009
1546.889609 2358.052225
1682.374099 2360.754110
1679.502841 2493.740554
1542.828661 2492.010010
364.588121 2566.146228
520.040509 2567.407816
506.210628 2712.788510
349.199649 2712.688945
611.588750 2568.150784
763.160723 2569.380880
751.721911 2712.944194
598.665897 2712.847137
852.437926 2570.105417
1000.272985 2571.305186
991.111531 2713.095997
841.862910 2713.001355
1087.362618 2572.011970
1231.597278 2573.182519
1224.605629 2713.244060
1079.024080 2713.151744
1316.578771 2573.872194
1457.342976 2575.014579
1452.419342 2713.388523
1310.371354 2713.298447
1540.291959 2575.687760
1677.709473 2576.802983
1674.757465 2713.529513
1536.115933 2713.441597
