4368 2912
3255.086692 2038.486372
3914.294538 2087.963070
3220.915136 2459.199400
3910.836251 2525.371235
3290.490928 2076.521977
3353.388318 2081.345975
3349.539655 2137.171413
3286.269792 2132.146211
3391.842876 2084.295297
3455.364433 2089.167166
3452.124706 2145.319221
3388.223108 2140.243842
3494.201549 2092.145830
3558.356612 2097.066286
3555.738215 2153.548713
3491.195370 2148.422405
3597.582021 2100.074731
3662.380115 2105.044504
3660.395725 2161.861126
3595.201935 2156.683115
3701.999670 2108.083179
3767.450511 2113.103016
3766.113094 2170.257717
3700.258460 2165.027219
3807.470182 2116.172377
3873.583682 2121.243038
3872.906505 2178.739773
3806.380928 2173.455986
3283.591943 2167.433698
3347.098025 2172.587627
3343.171629 2229.540609
3279.285814 2224.177912
3385.926647 2175.738822
3450.069289 2180.944413
3446.763797 2238.236331
3382.233628 2232.819547
3489.288091 2184.127273
3554.076911 2189.385304
3551.405092 2247.020120
3486.220772 2241.548424
3593.691804 2192.600310
3659.136618 2197.911580
3657.111535 2255.893319
3591.263065 2250.365874
3699.153632 2201.159220
3765.264453 2206.524541
3763.899470 2264.857301
3697.376648 2259.273249
3805.689743 2209.805315
3872.476788 2215.225516
3871.785581 2273.913465
3804.577994 2268.271933
3276.553775 2260.179495
3340.680434 2265.675772
3336.673924 2323.790806
3272.160061 2318.077860
3379.890460 2269.036454
3444.666443 2274.588385
3441.293161 2333.055233
3376.121945 2327.284076
3484.274503 2277.983181
3549.709721 2283.591615
3546.982827 2342.414450
3481.144159 2336.584188
3589.721906 2287.021049
3655.826476 2292.686852
3653.759435 2351.869919
3587.243006 2345.979640
3696.249003 2296.151456
3763.033246 2301.875515
3761.639835 2361.423135
3694.435129 2355.471906
3803.872460 2305.375833
3871.346914 2311.159050
3870.641237 2371.075619
3802.737513 2365.062489
3269.372169 2354.815437
3334.131640 2360.667038
3330.042539 2419.980053
3264.888172 2413.903528
3373.730630 2364.245162
3439.152574 2370.156622
3435.709399 2429.834916
3369.884280 2423.695834
3479.157692 2373.771444
3545.252329 2379.743689
3542.468642 2439.791658
3475.962360 2433.589049
3585.669853 2383.395775
3652.447611 2389.429746
3650.337294 2449.851868
3583.139222 2443.584740
3693.283952 2393.119676
3760.755477 2399.216335
3759.332742 2460.017166
3691.432029 2453.684506
3802.017180 2402.944701
3870.193339 2409.105029
3869.472732 2470.289208
3800.858300 2463.889985
