4368 2912
3607.762012 2143.360886
4271.106495 2253.995364
3544.319657 2545.224173
4249.786155 2702.490376
3639.696117 2182.824425
3700.423201 2193.216398
3692.980322 2246.457070
3631.792398 2235.544120
3737.852362 2199.621495
3800.187848 2210.288708
3793.520542 2264.388558
3730.697763 2253.184028
3838.614945 2216.864577
3902.623590 2227.818111
3896.776542 2282.804408
3832.252503 2271.296456
3942.089073 2234.571674
4007.839157 2245.823213
4002.859870 2301.724515
3936.564516 2289.900647
4048.385691 2252.761774
4115.949262 2264.323647
4111.888263 2321.169879
4043.747639 2309.016905
4157.621881 2271.454909
4227.075014 2283.340135
4223.986086 2341.162681
4153.922065 2328.666666
3626.758182 2269.123539
3688.239096 2280.372184
3680.582930 2335.138551
3618.629837 2323.341539
3726.139856 2287.306568
3789.272571 2298.857430
3782.411613 2354.528609
3718.779189 2342.411823
3828.198481 2305.979376
3893.050472 2317.844799
3887.031263 2374.450121
3821.650290 2362.000378
3933.043694 2325.162023
3999.686159 2337.355034
3994.558218 2394.925237
3927.355622 2382.128622
4040.791201 2344.875678
4109.299327 2357.410034
4105.115375 2415.977358
4036.013949 2402.819172
4151.563203 2365.142699
4222.016446 2378.032937
4218.832656 2437.631225
4147.750769 2424.095923
3613.451526 2357.882110
3675.704858 2370.032555
3667.826104 2426.391149
3605.088842 2413.663207
3714.089054 2377.524284
3778.039359 2390.005941
3770.976187 2447.317918
3706.513286 2434.239884
3817.477044 2397.703287
3883.194668 2410.529884
3876.995581 2468.826804
3810.734849 2455.384032
3923.729815 2418.441430
3991.289047 2431.627469
3986.005694 2490.942438
3917.870859 2477.119454
4032.968111 2439.762281
4102.447460 2453.323083
4098.134887 2513.690862
4028.045298 2499.471303
4145.319557 2461.690749
4216.802060 2475.642520
4213.518970 2537.099627
4141.389283 2522.466180
3599.760160 2449.206795
3662.805174 2462.307045
3654.693981 2520.328326
3591.152854 2506.619575
3701.685083 2470.385979
3766.474116 2483.848621
3759.199658 2542.875019
3693.884645 2528.783559
3806.437039 2492.152598
3873.043472 2505.992882
3866.656320 2566.058376
3799.492088 2551.567955
3914.135300 2514.531434
3982.636689 2528.765475
3977.190751 2589.905751
3908.097641 2574.999180
4024.905942 2537.548687
4095.384320 2552.193531
4090.937103 2614.446083
4019.830811 2599.105177
4138.882339 2561.232071
4211.424546 2576.305762
4208.037436 2639.710025
4134.828675 2623.915519
