4368 2912
870.079155 1434.832331
1046.252264 1434.859881
869.948677 1539.852642
1048.871651 1532.091092
884.289623 1446.306716
898.698007 1446.248688
898.733426 1456.987558
884.299835 1457.112177
912.922847 1446.191399
926.982671 1446.134774
927.066664 1456.742929
912.982846 1456.864528
940.865460 1446.078862
954.589221 1446.023591
954.719461 1456.504175
940.972853 1456.622863
968.142150 1445.969008
981.541754 1445.915042
981.716037 1456.271086
968.294673 1456.386966
994.776441 1445.861741
1007.863240 1445.809035
1008.079477 1456.043465
994.971949 1456.156635
1020.790763 1445.756971
1033.575584 1445.705481
1033.831797 1455.821119
1021.027224 1455.931674
884.310670 1468.577260
898.771007 1468.381730
898.806682 1479.198445
884.320956 1479.461536
913.046504 1468.188699
927.155778 1467.997916
927.240373 1478.682029
913.106934 1478.938722
941.086792 1467.809543
954.857635 1467.623336
954.988796 1478.178060
941.194949 1478.428585
968.456485 1467.439454
981.900930 1467.257661
982.076431 1477.686091
968.610081 1477.930669
995.179356 1467.078112
1008.308871 1466.900577
1008.526602 1477.205701
995.376223 1477.444539
1021.278067 1466.725210
1034.103589 1466.551785
1034.361551 1476.736484
1021.516152 1476.969783
884.331870 1491.010398
898.844535 1490.675363
898.880470 1501.570773
884.342231 1501.974355
913.171052 1490.344624
927.330126 1490.017751
927.415328 1500.778643
913.231919 1501.172376
941.309700 1489.695023
955.127950 1489.376018
955.260042 1500.005672
941.418630 1500.389910
968.773033 1489.061011
982.262619 1488.749594
982.439350 1499.251172
968.927713 1499.626256
995.585074 1488.442035
1008.757583 1488.137938
1008.976824 1498.514490
995.783314 1498.880743
1021.768720 1487.837566
1034.635201 1487.540534
1034.894931 1497.795001
1022.008445 1498.152731
884.353225 1513.607918
898.918599 1513.131341
898.954797 1524.106308
884.363662 1524.652434
913.296501 1512.660897
927.505728 1512.195972
927.591544 1523.034472
913.357810 1523.567222
941.534202 1511.736961
955.400186 1511.283268
955.533219 1521.988652
941.643912 1522.508510
969.091817 1510.835279
982.626847 1510.392413
982.804822 1520.967912
969.247592 1521.475341
995.993624 1509.955054
1009.209408 1509.522634
1009.430174 1519.971361
996.193250 1520.466801
1022.262757 1509.095530
1035.170459 1508.673191
1035.431975 1518.998148
1022.504140 1519.482019
