4368 2912
3388.705934 1959.943295
3936.931268 1941.630231
3437.958937 2257.243869
4044.567965 2230.573390
3427.388910 1984.564220
3480.334382 1982.749512
3487.460194 2018.303423
3433.832801 2020.209423
3515.049742 1981.559641
3567.668320 1979.756137
3575.913212 2015.159667
3522.621248 2017.053745
3602.169672 1978.573602
3654.464374 1976.781199
3663.814355 2012.035525
3610.854683 2013.917793
3688.753691 1975.605931
3740.727498 1973.824526
3751.168774 2008.930815
3698.538295 2010.801383
3774.806729 1972.656459
3826.462586 1970.885952
3837.981552 2005.845356
3785.677207 2007.704333
3860.333654 1969.725020
3911.674470 1967.965311
3924.257712 2002.778969
3872.276478 2004.626462
3438.482338 2045.928927
3492.601549 2043.955972
3500.054845 2081.143849
3445.222952 2083.215485
3528.084023 2042.662433
3581.861580 2040.701934
3590.484167 2077.727287
3536.003051 2079.785669
3617.120407 2039.416548
3670.559535 2037.468386
3680.336462 2074.332525
3626.202768 2076.377781
3705.596823 2036.191076
3758.700706 2034.255136
3769.617237 2070.959356
3715.827652 2072.991612
3793.518536 2032.985827
3846.290321 2031.061994
3858.331925 2067.607575
3804.883179 2069.626953
3880.890748 2029.800610
3933.333539 2027.888771
3946.485895 2064.276979
3893.374758 2066.283601
3450.089075 2110.133059
3505.435223 2107.988998
3513.239109 2146.926126
3457.147387 2149.177010
3541.719465 2106.583378
3596.708178 2104.453163
3605.735021 2143.214391
3550.010503 2145.450540
3632.758467 2103.056606
3687.393195 2100.940105
3697.626995 2139.526892
3642.266085 2141.748449
3723.211787 2099.552524
3777.495938 2097.449603
3788.920926 2135.863391
3733.920078 2138.070500
3813.085059 2096.070912
3867.021996 2093.981442
3879.622633 2132.223655
3824.978346 2134.416456
3902.383845 2092.611555
3955.976888 2090.535407
3969.737861 2128.607455
3915.446678 2130.786085
3462.245589 2177.378360
3518.875575 2175.049016
3527.055382 2215.861786
3469.644603 2218.306942
3555.998639 2173.522044
3612.254288 2171.208097
3621.714499 2211.830202
3564.688529 2214.258969
3649.132365 2169.691202
3705.017376 2167.392501
3715.740837 2207.825568
3659.095822 2210.238111
3741.652883 2165.885583
3797.170906 2163.601977
3809.140722 2203.847616
3752.872856 2206.244095
3833.566229 2162.104939
3888.720869 2159.836279
3901.920392 2199.896079
3846.025922 2202.276655
3924.878361 2158.349024
3979.673173 2156.095165
3994.086006 2195.970695
3938.561227 2198.335526
