2912 4368
1371.934590 3467.853182
2041.965841 3303.699437
1512.462231 4145.051717
2219.158623 3869.918324
1425.978506 3512.381344
1499.820105 3493.458878
1518.976185 3577.969294
1444.509076 3598.393037
1542.844395 3482.433578
1613.337339 3464.369230
1633.402632 3546.586092
1562.352545 3566.072664
1654.432447 3453.838299
1721.799470 3436.574991
1742.674224 3516.616688
1674.811248 3535.229146
1761.092302 3426.505906
1825.536809 3409.991515
1847.131623 3487.967650
1782.246020 3505.763519
1863.143378 3400.354548
1924.851506 3384.541374
1947.086120 3460.553601
1884.986160 3477.585464
1960.878078 3375.309294
2020.020484 3360.153606
2042.822737 3434.296371
1983.332805 3450.612395
1456.154212 3652.445222
1531.010873 3631.062434
1550.939028 3718.978997
1475.443119 3741.976817
1574.606321 3618.609405
1646.002837 3598.215006
1666.857780 3683.667434
1594.893707 3705.589374
1687.606233 3586.331006
1755.777086 3566.858017
1777.454421 3649.977111
1708.780017 3670.896940
1795.521913 3555.504918
1860.680873 3536.892276
1883.087254 3617.798879
1817.481996 3637.783776
1898.688946 3526.035278
1961.031299 3508.227200
1984.083123 3587.033175
1921.345767 3606.144442
1997.414020 3497.834484
2057.118526 3480.779905
2080.740793 3557.588989
2020.687311 3575.882684
1487.569728 3798.263817
1563.463693 3774.233756
1584.211560 3865.766619
1507.664493 3891.535892
1607.641874 3760.245760
1679.958769 3737.348296
1701.650910 3826.231118
1628.756132 3850.770862
1722.079043 3724.011889
1791.065933 3702.168792
1813.593039 3788.546234
1744.095256 3811.942394
1831.268815 3689.439483
1897.150525 3668.579570
1920.415100 3752.585001
1854.082265 3774.915693
1935.564020 3656.416830
1998.545584 3636.475180
2022.460514 3718.231808
1959.081249 3739.568192
2035.286553 3624.842006
2095.555340 3605.759294
2120.042664 3685.381156
2059.424000 3705.788194
1520.303067 3950.199226
1597.256745 3923.317746
1618.875961 4018.694717
1541.255267 4047.451186
1642.029225 3907.677810
1715.283143 3882.088730
1737.863928 3974.612738
1664.021960 4001.969286
1757.928703 3867.191771
1827.743404 3842.804080
1851.171248 3932.635292
1780.838638 3958.691713
1868.410082 3828.598384
1935.022208 3805.329418
1959.195243 3892.615182
1892.127627 3917.462008
1973.844614 3791.767963
2037.469584 3769.542471
2062.297019 3854.418628
1998.272209 3878.138171
2074.570391 3756.582407
2135.404727 3735.331739
2160.805511 3817.923767
2099.621032 3840.591041
