4368 2912
305.838676 415.107766
1018.799393 233.626495
651.903095 1037.796413
1296.922013 749.013969
379.603050 455.064935
462.504549 432.776452
509.765002 518.297222
428.002748 542.352254
507.278692 420.738700
585.029700 399.834954
630.617010 482.741707
553.926263 505.304667
627.064848 388.533594
700.130868 368.889429
744.157947 449.337162
672.081063 470.542691
739.670878 358.258900
808.462956 339.763806
851.031770 417.894128
783.164559 437.861142
845.723572 329.746103
910.606043 312.302127
951.808971 388.244764
887.793108 407.078683
945.778835 302.845746
1007.075761 286.365761
1046.996755 360.239847
986.513462 378.034459
455.853734 592.580626
536.961945 567.511802
583.973265 652.581748
503.992925 679.398132
580.771320 553.971255
656.853274 530.455940
702.207744 612.939242
627.175783 638.096498
697.989387 517.741642
769.498236 495.639776
813.307226 575.689009
742.778212 599.336485
808.198512 483.678343
875.534527 462.866212
917.898650 540.620845
851.479048 562.890486
912.009085 451.592701
975.527152 431.960617
1016.537592 507.548471
953.878428 528.557286
1009.962622 421.317344
1069.978491 402.767715
1109.718141 476.306226
1050.508866 496.158337
531.694209 729.356519
611.027027 701.537236
657.791180 786.159916
579.574992 815.707994
653.881117 686.509785
728.310176 660.410082
773.433584 742.473169
700.044368 770.197741
768.555828 646.297319
838.522147 621.762545
882.114664 701.416233
813.118981 727.481040
876.390470 608.483431
942.283726 585.376940
984.444629 662.758586
919.459425 687.308335
977.979308 572.859730
1040.145095 551.060333
1080.964392 626.295883
1019.649883 649.458939
1073.849708 539.241288
1132.595601 518.641131
1172.155142 591.846347
1114.208873 613.736968
607.127776 865.398567
684.702889 834.858350
731.221817 919.037282
654.752226 951.287754
726.611066 818.359700
799.403205 789.702473
844.297315 871.348547
772.534980 901.613768
838.766878 774.205556
907.205145 747.262387
950.582789 826.523453
883.106060 854.981252
944.249212 732.678666
1008.712870 707.300244
1050.672013 784.311581
987.108132 811.119165
1043.636484 693.551315
1104.461994 669.605180
1145.091480 744.490885
1085.109705 769.787744
1137.442146 656.621365
1194.929033 633.989598
1234.309687 706.863781
1177.615524 730.774115
