4368 2912
582.108435 1984.118037
890.454153 1911.629665
671.651676 2210.227785
983.788678 2109.327653
608.215099 1998.387424
642.033228 1990.204521
654.087366 2019.618547
620.191891 2028.204591
660.821452 1985.658373
693.429253 1977.768330
705.591053 2006.572178
672.916330 2014.848993
711.551036 1973.383440
743.012341 1965.770813
755.266706 1993.988867
723.747954 2001.972864
760.502524 1961.538749
790.876754 1954.189159
803.209952 1981.844391
772.786894 1989.550838
807.767791 1950.102069
837.110330 1943.002116
849.509864 1970.116187
820.126342 1977.559310
853.432488 1939.052677
881.795022 1932.189853
894.249509 1958.783213
865.853139 1965.976281
627.587677 2046.616985
661.529998 2037.779761
673.837731 2067.812601
639.819471 2077.069000
680.383604 2032.871035
713.098753 2024.353317
725.511734 2053.752058
692.731233 2062.671662
731.276836 2019.620470
762.830182 2011.405239
775.333094 2040.195622
743.724006 2048.796483
780.368407 2006.838986
810.820758 1998.910410
823.399690 2027.116658
792.900326 2035.415562
827.752324 1994.502106
857.160317 1986.845440
869.802622 2014.490379
840.355553 2022.502953
873.516166 1982.587030
901.932618 1975.188521
914.626797 2002.293681
886.178487 2010.034492
647.373565 2095.875514
681.437768 2086.357908
694.007185 2117.029297
659.868592 2126.982870
700.355372 2081.072292
733.175297 2071.902339
745.847322 2101.914597
712.963758 2111.502249
751.408158 2066.808042
783.050757 2057.967037
795.809855 2087.347339
764.113363 2096.588884
800.635391 2053.053855
831.162895 2044.524410
843.994977 2073.298309
813.422418 2082.212156
848.133267 2039.782854
877.603601 2031.548784
890.495877 2059.740337
860.988513 2068.343611
893.991342 2026.970017
922.458485 2019.016240
935.399342 2046.648118
906.902457 2054.956774
667.586133 2146.196295
701.769674 2135.971013
714.609209 2167.301535
680.352983 2177.980376
720.749758 2130.293523
753.671652 2120.445637
766.610915 2151.090818
733.627249 2161.372959
771.957639 2114.975771
803.686467 2105.484765
816.709707 2135.473305
784.928985 2145.380447
821.315747 2100.211340
851.915206 2091.058160
865.008159 2120.417020
834.365752 2129.969310
868.922531 2085.970779
898.451867 2077.137705
911.601603 2105.892244
882.037430 2115.108411
914.869579 2072.226694
943.383960 2063.697221
956.578756 2091.871321
928.036891 2100.768800
