2912 4368
2243.974391 2583.963773
2558.305631 2641.378882
2165.973718 2811.536122
2477.583889 2886.175862
2256.761168 2609.567814
2282.907539 2614.468300
2273.371881 2642.455454
2247.254474 2637.380843
2303.177929 2618.267480
2329.891679 2623.274306
2320.304843 2651.574528
2293.620054 2646.389674
2350.604337 2627.156379
2377.904138 2632.273046
2368.266156 2660.893411
2340.995293 2655.594682
2399.073698 2636.240753
2426.979048 2641.470916
2417.289993 2670.418741
2389.413535 2665.002346
2448.620796 2645.527122
2477.152070 2650.874599
2467.412058 2680.157458
2438.909605 2674.619432
2499.281982 2655.022300
2528.460477 2660.491082
2518.669672 2690.116812
2489.519899 2684.453011
2239.741897 2659.359829
2265.836326 2664.572304
2256.263115 2692.669678
2230.197989 2687.281728
2286.066873 2668.613444
2312.728684 2673.939255
2303.103683 2702.352139
2276.471181 2696.846907
2333.401514 2678.068742
2360.649413 2683.511628
2350.972642 2712.247181
2323.754035 2706.620795
2381.779189 2687.732393
2409.632718 2693.296255
2399.904234 2722.361881
2372.079961 2716.610297
2431.234760 2697.611356
2459.714336 2703.300274
2449.934243 2732.703635
2421.483860 2726.822628
2481.804657 2707.712912
2510.931627 2713.531150
2501.100074 2743.280177
2472.002205 2737.265327
2222.655977 2709.346834
2248.697855 2714.873714
2239.086868 2743.081959
2213.074637 2737.378245
2268.888086 2719.158696
2295.497333 2724.805989
2285.833939 2753.332210
2259.254352 2747.504092
2316.129852 2729.184838
2343.325213 2734.956521
2333.609416 2763.807961
2306.443708 2757.851323
2364.414712 2739.432356
2392.215768 2745.332587
2382.447614 2774.516734
2354.676181 2768.427279
2413.777599 2749.908665
2442.204812 2755.941785
2432.384391 2785.466393
2403.986745 2779.239629
2464.255025 2760.621512
2493.329791 2766.792063
2483.457235 2796.665159
2454.411954 2790.296387
2205.503015 2759.529976
2231.491726 2765.373698
2221.842739 2793.693472
2195.884022 2787.671545
2251.641163 2769.904423
2278.197218 2775.875716
2268.495200 2804.515953
2241.969161 2798.362417
2298.788936 2780.505890
2325.931115 2786.608976
2316.176057 2815.577002
2289.063894 2809.287498
2346.979839 2791.341911
2374.727764 2797.581203
2364.919697 2826.884597
2337.201765 2820.454566
2396.248875 2802.420358
2424.623054 2808.800466
2414.762053 2838.447073
2386.417821 2831.871751
2446.632638 2813.749456
2475.654512 2820.275204
2465.740696 2850.273146
2436.748694 2843.547554
