4368 2912
2664.155268 887.379820
4350.688961 1137.830747
2446.084051 1916.490476
4079.622834 2369.980452
2743.881369 1001.902420
2872.363688 1022.334089
2844.610723 1152.578547
2716.620561 1130.212251
2972.942066 1038.328384
3108.530530 1059.890095
3079.866816 1193.689576
2944.802198 1170.087018
3214.749570 1076.781387
3358.050460 1099.569552
3328.415920 1237.123559
3185.673660 1212.179334
3470.398338 1117.435471
3622.088922 1141.557793
3591.417465 1283.083110
3440.323800 1256.679474
3741.111815 1160.485193
3901.951046 1186.062362
3870.169750 1331.795103
3709.969709 1303.800128
4028.262010 1206.148735
4199.103225 1233.316452
4166.131380 1383.514432
3995.976172 1353.779790
2695.276127 1230.675183
2822.881297 1254.554574
2795.188726 1384.515602
2668.073757 1358.709963
2922.770126 1273.247268
3057.424985 1298.445902
3028.825359 1431.946229
2894.692210 1404.715827
3162.909413 1318.185729
3305.214729 1344.816031
3275.648318 1482.053813
3133.899293 1453.277311
3416.778463 1365.693509
3567.405264 1393.881053
3536.806365 1535.071569
3386.773917 1504.613447
3685.589412 1415.997441
3845.289555 1445.882925
3813.585691 1591.260603
3654.521913 1558.969029
3970.701400 1469.351868
4140.320131 1501.093465
4107.431094 1650.914226
3938.495255 1616.618522
2646.775054 1458.957653
2773.506562 1486.269837
2745.874188 1615.948360
2619.630933 1586.718267
2872.708616 1507.649088
3006.433676 1536.468467
2977.897923 1669.670641
2844.692447 1638.828530
3111.186524 1559.043982
3252.500433 1589.498851
3223.001914 1726.421497
3082.241972 1693.830240
3363.283347 1613.373919
3512.850934 1645.607557
3482.324337 1786.464458
3333.348550 1751.970921
3630.199990 1670.897707
3788.766077 1705.070631
3757.139361 1850.094542
3599.206833 1813.527181
3913.282830 1731.905508
4081.684628 1768.198146
4048.878088 1917.643105
3881.156082 1878.809109
2598.377814 1686.751406
2724.239129 1717.481525
2696.666757 1846.878464
2571.291756 1814.238731
2822.757172 1741.535549
2955.556220 1773.959577
2927.084126 1906.864595
2794.802547 1872.426826
3059.580508 1799.357998
3199.907154 1833.619952
3170.476293 1970.228545
3030.701299 1933.839964
3309.912554 1860.478714
3458.425477 1896.739417
3427.970925 2037.263886
3280.047263 1998.753906
3574.943075 1925.188188
3732.380108 1963.627790
3700.830260 2108.299225
3544.023991 2067.476775
3856.005774 1993.812056
4023.196161 2034.633023
3990.471809 2183.703592
3823.958130 2140.353947
