4368 2912
3505.527858 2008.939740
3886.836064 2048.627557
3475.143613 2244.127869
3876.266639 2295.881666
3524.789777 2030.587426
3561.280258 2034.456368
3557.679105 2065.857601
3520.948307 2061.843061
3583.175674 2036.777852
3620.108240 2040.693668
3616.898568 2072.330070
3579.719643 2068.266550
3642.269725 2043.043362
3679.652458 2047.006906
3676.844132 2078.881898
3639.208829 2074.768499
3702.084892 2049.385329
3739.926074 2053.397480
3737.529232 2085.514554
3699.429097 2081.350351
3762.634456 2055.805161
3800.942570 2059.866819
3798.967641 2092.229545
3760.394008 2088.013590
3823.932025 2062.304300
3862.715767 2066.416388
3861.173472 2099.028412
3822.117458 2094.759734
3518.555127 2081.314861
3555.435544 2085.420939
3551.751985 2117.540739
3514.626089 2113.282990
3577.566440 2087.884881
3614.898767 2092.041273
3611.615194 2124.406093
3574.031142 2120.095802
3637.301674 2094.535499
3675.094269 2098.743134
3672.220881 2131.356598
3634.170139 2126.992786
3697.774234 2101.268206
3736.035662 2105.528039
3733.582944 2138.393848
3695.056767 2133.975511
3758.997855 2108.084532
3797.736893 2112.397541
3795.715634 2145.519476
3756.705053 2141.045585
3820.986616 2114.986046
3860.212265 2119.353230
3858.633558 2152.735158
3819.129382 2148.204660
3512.178043 2133.201205
3549.456789 2137.554324
3545.687962 2170.417639
3508.158406 2165.906472
3571.828269 2140.166690
3609.569082 2144.573765
3606.209025 2177.692454
3568.210943 2173.124970
3632.218715 2147.218611
3670.430242 2151.680653
3667.489502 2185.058555
3629.014067 2180.433691
3693.363250 2154.358590
3732.054350 2158.876632
3729.543779 2192.517668
3690.581938 2187.834336
3755.276085 2161.588284
3794.455843 2166.163388
3792.386604 2200.071567
3752.929074 2195.328651
3817.971791 2168.909395
3857.649525 2173.542650
3856.033104 2207.722069
3816.070364 2202.918426
3505.653585 2186.286630
3543.339327 2190.897196
3539.482236 2224.530145
3501.540181 2219.754828
3565.956662 2193.664255
3604.114975 2198.332637
3600.675730 2232.231845
3562.254423 2227.396210
3627.016817 2201.134503
3665.656646 2205.861795
3662.646160 2240.031329
3623.736465 2235.134227
3688.848398 2208.699130
3727.978916 2213.486453
3725.408419 2247.930471
3686.000963 2242.970721
3751.466118 2216.359935
3791.096731 2221.208441
3788.977782 2255.931193
3749.062952 2250.907586
3814.885065 2224.118764
3855.025420 2229.029632
3853.369916 2264.035469
3812.937850 2258.946764
