4368 2912
2882.915374 365.795337
4189.626603 485.470027
2761.962732 1173.519284
3968.894023 1391.691112
2944.457420 443.807988
3057.770697 454.966959
3038.783041 570.518926
2926.604094 558.088380
3129.461556 462.026998
3247.293244 473.630937
3226.359936 591.304317
3109.745041 578.382223
3321.871519 480.975326
3444.497370 493.051390
3421.475240 612.925037
3300.155975 599.481654
3522.141081 500.697659
3649.859751 513.275257
3624.592704 635.432478
3498.278546 621.435610
3730.761859 521.242412
3863.897336 534.353452
3836.214916 658.882329
3704.590919 644.297077
3948.267343 542.662120
4087.171691 556.341272
4056.887454 683.335046
3919.611624 668.123516
2915.320951 630.312567
3026.784902 643.535228
3008.295880 756.052683
2897.931035 741.626644
3097.287587 651.898766
3213.135844 665.641524
3192.762922 780.164785
3078.092646 765.175975
3286.439146 674.337292
3406.935574 688.631449
3384.541928 805.232652
3265.309275 789.647483
3483.209746 697.679643
3608.639810 712.559065
3584.076439 831.314257
3460.003605 815.096418
3688.069190 721.981553
3818.742222 737.482933
3791.846610 858.472366
3662.632770 841.582533
3901.526719 747.303429
4037.778462 763.466596
4008.373070 886.775027
3873.691941 869.170553
2886.938872 811.988250
2996.610768 827.164025
2978.600994 936.764951
2869.994554 920.450023
3065.962567 836.760534
3179.890483 852.525233
3160.055741 964.023198
3047.268773 947.080268
3251.959911 862.497792
3370.396487 878.886374
3348.605937 992.347326
3231.392334 974.739425
3445.346473 889.257529
3568.564750 906.307776
3544.676064 1021.801105
3422.770010 1003.488301
3646.571509 917.101909
3774.867028 934.854716
3748.725151 1052.453487
3621.839115 1033.392587
3856.121450 946.098242
3989.814619 964.597945
3961.250362 1084.379158
3829.072833 1064.523367
2859.282258 989.020179
2967.216815 1006.044924
2949.667894 1112.841267
2842.766627 1094.737892
3035.453334 1016.808013
3147.521110 1034.484699
3128.203502 1143.075678
3017.241314 1124.284601
3218.395862 1045.663922
3334.838903 1064.030726
3313.627408 1174.476600
3198.368428 1154.957875
3408.507903 1075.650692
3529.587527 1094.748836
3506.346105 1207.112871
3386.535832 1186.823400
3606.219337 1106.836131
3732.218096 1126.710180
3706.798706 1241.058852
3582.162139 1219.952064
3811.995116 1139.293577
3943.218998 1159.991795
3915.460296 1276.395000
3785.699819 1254.420494
