4368 2912
3591.519377 2194.751749
3861.942354 2248.005679
3533.200794 2378.719039
3804.404330 2442.958378
3603.573287 2215.881133
3626.391302 2220.451667
3619.338790 2242.944745
3596.514083 2238.262578
3644.036637 2223.986094
3667.231519 2228.632118
3660.191890 2251.325184
3636.989548 2246.565550
3685.169495 2232.225162
3708.750658 2236.948558
3701.725320 2259.845183
3678.135892 2255.006144
3726.988617 2240.601690
3750.965792 2245.404409
3743.956215 2268.508257
3719.969935 2263.587809
3769.511321 2249.119148
3793.894569 2254.003205
3786.902295 2277.318041
3762.509063 2272.314112
3812.755515 2257.781125
3837.555238 2262.748602
3830.581882 2286.278293
3805.771251 2281.188741
3590.929350 2255.969168
3613.759270 2260.739904
3606.663017 2283.372489
3583.826565 2278.488785
3631.414258 2264.429243
3654.622420 2269.279020
3647.538768 2292.114000
3624.323305 2287.149242
3672.571128 2273.029736
3696.167011 2277.960535
3689.097371 2301.001543
3665.493381 2295.953697
3714.416831 2281.774174
3738.410232 2286.788042
3731.356081 2310.038808
3707.353729 2304.905769
3756.968804 2290.666200
3781.369854 2295.765254
3774.332739 2319.229610
3749.921854 2314.009203
3800.245081 2299.709584
3825.064259 2304.896012
3818.045798 2328.577895
3793.215860 2323.267872
3578.207301 2296.304855
3601.048838 2301.278189
3593.908435 2324.051584
3571.060533 2318.963928
3618.713257 2305.124299
3641.934415 2310.180289
3634.806325 2333.158519
3611.578029 2327.986160
3659.893637 2314.090587
3683.503958 2319.231310
3676.389596 2342.418072
3652.771328 2337.158875
3701.765424 2323.207415
3725.774774 2328.435019
3718.675622 2351.834111
3694.657479 2346.485872
3744.346179 2332.478609
3768.764760 2337.795316
3761.682371 2361.410637
3737.254108 2355.971074
3787.654063 2341.908122
3812.492427 2347.316230
3805.428424 2371.151786
3780.579449 2365.618543
3565.406416 2336.890497
3588.259273 2342.068857
3581.074307 2364.984379
3558.215253 2359.690325
3605.932899 2346.073626
3629.166759 2351.338320
3621.993813 2374.461152
3598.752981 2369.078679
3647.136272 2355.410134
3670.760744 2360.763339
3663.601235 2384.097244
3639.968981 2378.624120
3689.033637 2364.903900
3713.058654 2370.347866
3705.914069 2393.896705
3681.880420 2388.330621
3731.642677 2374.558926
3756.078511 2380.095983
3748.950408 2403.863727
3724.505050 2398.202293
3774.981677 2384.379359
3799.838959 2390.011914
3792.728968 2414.002645
3767.861231 2408.243389
