4368 2912
3335.264297 1446.292371
4144.589130 1575.477528
3255.924483 1917.830601
4120.494425 2064.881359
3380.345562 1497.359485
3453.067765 1509.031063
3444.577294 1566.191608
3371.267033 1554.332999
3505.561754 1517.456105
3578.678639 1529.191027
3571.208395 1586.675353
3497.496954 1574.751850
3631.457914 1537.661857
3704.972703 1549.460641
3698.533972 1607.271436
3624.418048 1595.282504
3758.039595 1557.977631
3831.955546 1569.840800
3826.559755 1627.980784
3752.036008 1615.925882
3885.312413 1578.404330
3959.632817 1590.332412
3955.291533 1648.804333
3880.356589 1636.682917
4013.282043 1598.942864
4088.010230 1610.936392
4084.735163 1669.743030
4009.385610 1657.554547
3364.442367 1597.162102
3438.194547 1609.162288
3429.454808 1668.000982
3355.097735 1655.805578
3491.434107 1617.824875
3565.592388 1629.891138
3557.902218 1689.067816
3483.132261 1676.804694
3619.125503 1638.601489
3693.693248 1650.734376
3687.064431 1710.251885
3611.878141 1697.920479
3747.522355 1659.492887
3822.502964 1671.692950
3816.947430 1731.554171
3741.341319 1719.153911
3876.630524 1680.500024
3952.027435 1692.767823
3947.557265 1752.975666
3871.527810 1740.505973
4006.455936 1701.623863
4082.272628 1713.959965
4078.900057 1774.517375
4002.443689 1761.977663
3348.071554 1699.899310
3422.883289 1712.242535
3413.883143 1772.834380
3338.448947 1760.287264
3476.889892 1721.153111
3552.119649 1733.565305
3544.199697 1794.510185
3468.340394 1781.892360
3606.428444 1742.525740
3682.079735 1755.007484
3675.252287 1816.308416
3598.964273 1803.619283
3736.693265 1764.018197
3812.769643 1776.570076
3807.047167 1838.230115
3730.326797 1825.469067
3867.690481 1785.631491
3944.195540 1798.254099
3939.590659 1860.276330
3862.434249 1847.442755
3999.426285 1807.366647
4076.363658 1820.060582
4072.889163 1882.448129
3995.292983 1869.541407
3331.212192 1805.702475
3407.114352 1818.404030
3397.841983 1880.828565
3321.299018 1867.913920
3461.910412 1827.573666
3538.243046 1840.347257
3530.082856 1903.140791
3453.102011 1890.152264
3593.350319 1849.568972
3670.117101 1862.415214
3663.081959 1925.580948
3585.659464 1912.517905
3725.538247 1871.689452
3802.742889 1884.608966
3796.845830 1948.150140
3718.977875 1935.011937
3858.480597 1893.936179
3936.126858 1906.929594
3931.381085 1970.849484
3853.063814 1957.635471
3992.183849 1916.310235
4070.275528 1929.378187
4066.694417 1993.680109
3987.923928 1980.389626
