4368 2912
3236.991735 1939.324520
3976.318151 1988.928685
3219.824606 2432.997783
4005.526964 2511.214930
3283.891195 1988.971730
3346.861842 1993.370754
3345.671819 2051.880800
3282.254258 2047.207051
3395.515934 1996.769647
3459.416921 2001.233663
3459.035118 2060.235451
3394.673802 2055.492150
3508.792500 2004.682957
3573.644597 2009.213417
3574.095344 2068.715162
3508.769049 2063.900743
3623.757832 2012.714242
3689.582431 2017.312639
3690.890888 2077.322762
3624.577747 2072.435615
3740.449977 2020.866160
3807.269120 2025.534033
3809.461303 2086.061166
3742.138787 2081.099630
3858.908136 2029.141448
3926.744536 2033.880385
3929.847360 2094.933381
3861.492245 2089.895744
3280.946540 2093.730093
3344.721083 2098.625814
3343.499895 2158.668166
3279.266914 2153.484087
3394.000974 2102.408838
3458.730057 2107.377835
3458.338180 2167.936471
3393.136715 2162.674228
3508.750310 2111.217694
3574.455526 2116.261625
3574.918257 2177.345350
3508.726238 2172.003162
3625.232951 2120.159609
3691.936546 2125.280181
3693.280057 2186.898029
3626.074738 2181.474059
3743.488468 2129.237620
3811.213374 2134.436595
3813.464740 2196.597827
3745.222674 2191.090184
3863.557646 2138.454859
3932.327499 2143.734051
3935.514744 2206.448170
3866.211754 2200.854904
3277.924872 2201.228322
3342.524096 2206.645436
3341.270503 2268.281087
3276.200866 2262.561179
3392.446094 2210.831759
3458.025016 2216.331029
3457.622661 2278.508954
3391.558824 2272.701652
3508.707000 2220.581082
3575.288079 2226.164390
3575.763278 2288.894035
3508.682283 2282.997320
3626.747537 2230.479639
3694.353919 2236.148926
3695.733912 2299.439983
3627.612082 2293.451774
3746.608880 2240.530885
3815.264433 2246.288152
3817.577414 2310.150564
3748.390337 2304.068715
3868.333486 2250.738378
3938.062824 2256.585691
3941.337984 2321.029663
3871.060478 2314.851960
3274.823127 2311.575328
3340.268637 2317.539988
3338.981330 2380.833209
3273.052957 2374.550463
3390.849692 2322.149912
3457.301067 2328.206246
3456.887807 2392.069289
3389.938482 2385.689250
3508.662525 2332.887295
3576.143133 2339.037433
3576.631312 2403.480431
3508.637135 2397.000821
3628.303194 2343.791266
3696.837134 2350.037403
3698.255116 2415.070759
3629.191434 2408.489229
3749.814571 2354.865732
3819.426699 2361.210134
3821.803857 2426.844527
3751.645237 2420.158653
3873.240875 2366.114723
3943.956837 2372.559728
3947.323599 2438.806125
3876.043794 2432.013406
