2912 4368
238.465164 3294.577857
762.058385 3207.852402
327.919373 3723.235014
879.549364 3579.070614
275.736904 3322.329838
335.114965 3312.066158
348.157469 3369.133833
288.288512 3380.240507
365.892274 3306.746206
423.054489 3296.865542
436.793617 3352.690372
379.182712 3363.378141
452.693910 3291.742278
507.762040 3282.223582
522.137891 3336.857608
466.659656 3347.149732
536.325529 3277.286296
589.412575 3268.110038
604.370335 3321.602141
550.908501 3331.520188
616.957673 3263.348783
668.168649 3254.496809
683.658094 3306.892960
632.104695 3316.456962
694.748864 3249.902337
744.181491 3241.357756
760.156560 3292.701240
710.411199 3301.929820
295.273839 3412.469446
355.414433 3400.886790
368.907164 3459.924438
308.264379 3472.405261
386.576804 3394.885135
444.435755 3383.741907
458.640005 3441.456623
400.322929 3453.458795
474.427012 3377.965801
530.131741 3367.237461
544.985058 3423.686046
488.862420 3435.236582
559.016684 3361.674423
612.685303 3351.338224
628.130624 3406.573950
574.080850 3417.697873
640.524034 3345.976679
692.266173 3336.011506
708.251301 3390.084404
656.161636 3400.804920
719.114520 3330.840702
769.032077 3321.226930
785.509213 3374.184040
735.274931 3384.522702
315.496134 3505.771167
376.416813 3492.783023
390.383493 3553.894441
328.949040 3567.840246
407.972726 3486.055378
466.543060 3473.568323
481.236459 3533.270546
422.198380 3546.672367
496.893197 3467.097746
553.246625 3455.083330
568.601595 3513.438398
511.822363 3526.327454
582.458799 3448.855365
636.718847 3437.287251
652.675964 3494.353265
598.028375 3506.758431
664.855880 3431.288503
717.137065 3420.142279
733.642058 3475.973719
681.008286 3487.921743
744.257238 3414.360323
794.665873 3403.613322
811.669120 3458.261342
760.939865 3469.777035
336.440495 3602.404361
398.159260 3587.917423
412.625306 3651.213828
350.380898 3666.722659
430.117381 3580.416053
489.414027 3566.497646
504.622284 3628.291838
444.848103 3643.185187
520.130193 3559.287794
577.144557 3545.905096
593.027030 3606.264891
535.578890 3620.578683
606.689781 3538.970093
661.551138 3526.092760
678.045915 3585.081565
622.790638 3598.848983
689.991123 3519.417184
742.819165 3507.017121
759.869800 3564.694305
706.684182 3577.946047
770.214789 3500.586682
821.120498 3488.637839
838.675464 3545.059068
787.445362 3557.823571
