4368 2912
3826.186685 1579.778035
4023.033742 1578.576334
3819.502391 1690.833314
4019.374330 1688.118785
3841.946125 1592.773059
3855.813706 1592.677951
3855.231634 1603.039370
3841.343288 1603.144660
3872.355234 1592.564504
3886.164096 1592.469799
3885.627334 1602.808935
3871.797881 1602.913778
3902.635657 1592.356832
3916.386171 1592.262527
3915.894342 1602.579475
3902.123407 1602.683875
3932.788207 1592.150038
3946.480743 1592.056130
3946.033473 1602.350985
3932.320686 1602.454944
3962.813695 1591.944114
3976.448618 1591.850602
3976.045536 1602.123459
3962.390530 1602.226980
3992.712920 1591.739057
4006.290594 1591.645937
4005.931332 1601.896889
3992.333742 1601.999975
3840.581965 1616.242949
3854.496538 1616.124758
3853.910623 1626.554585
3839.975143 1626.683091
3871.094004 1615.983779
3884.949465 1615.866090
3884.409167 1626.273341
3870.532975 1626.401301
3901.476497 1615.725709
3915.273222 1615.608520
3914.778160 1625.993292
3900.960877 1626.120708
3931.730267 1615.468733
3945.468629 1615.352039
3945.018424 1625.714429
3931.259676 1625.841306
3961.856130 1615.212843
3975.536498 1615.096642
3975.130777 1625.436747
3961.430192 1625.563087
3991.854896 1614.958033
4005.477637 1614.842321
4005.116028 1625.160236
3991.473239 1625.286044
3839.208781 1639.868084
3853.170665 1639.726507
3852.580869 1650.225420
3838.597936 1650.377449
3869.824449 1639.557633
3883.726825 1639.416659
3883.182956 1649.892700
3869.259707 1650.044080
3900.309702 1639.248504
3914.152950 1639.108130
3913.654623 1649.561397
3899.790678 1649.712133
3930.665373 1638.940690
3944.449869 1638.800911
3943.996701 1649.231504
3930.191682 1649.381598
3960.892285 1638.634181
3974.618402 1638.494994
3974.210016 1648.903010
3960.463548 1649.052468
3990.991257 1638.328969
4004.659365 1638.190371
4004.295386 1648.575908
3990.607096 1648.724733
3837.826483 1663.650009
3851.836003 1663.484738
3851.242287 1674.053427
3837.211575 1674.229288
3868.546486 1663.287602
3882.496096 1663.123037
3881.948620 1673.668552
3867.977996 1673.843660
3899.135197 1662.926743
3913.025282 1662.762881
3912.523657 1673.285323
3898.612735 1673.459683
3929.593457 1662.567424
3943.424397 1662.404259
3942.968237 1672.903729
3929.116635 1673.077345
3959.922098 1662.209633
3973.694271 1662.047162
3973.283194 1672.523759
3959.490533 1672.696637
3990.121947 1661.853362
4003.835725 1661.691579
4003.469353 1672.145404
3989.735258 1672.317548
