4368 2912
872.070477 2118.858031
1786.929505 2006.173690
720.309330 2683.830575
1814.859340 2523.924484
914.883551 2155.985672
1008.965184 2144.228725
994.495665 2211.767713
898.161809 2224.073237
1064.725300 2137.260641
1157.627527 2125.651081
1146.680628 2192.327861
1051.582239 2204.475569
1212.690821 2118.770076
1304.435684 2107.305145
1296.923959 2173.136030
1203.037419 2185.128939
1358.815137 2100.509597
1449.424129 2089.186610
1445.262578 2154.187504
1352.564870 2166.028554
1503.132402 2082.474936
1592.626485 2071.291275
1591.732478 2135.477685
1500.201165 2147.169741
1645.675929 2064.661931
1734.075558 2053.615039
1736.368751 2117.002091
1645.981955 2128.547948
887.466990 2267.620385
985.242712 2254.957472
969.636775 2327.800888
869.426358 2341.078207
1043.178281 2247.454248
1139.681990 2234.956074
1127.881109 2306.834399
1029.005581 2319.934853
1196.866291 2227.550147
1292.122649 2215.213516
1284.028833 2286.145700
1186.461698 2299.072798
1348.570201 2207.903005
1442.603236 2195.724807
1438.121340 2265.729305
1341.836800 2278.486468
1498.328188 2188.507880
1591.161315 2176.485081
1590.198943 2245.579873
1495.171869 2258.170429
1646.177452 2169.359953
1737.833493 2157.489599
1740.300902 2225.692204
1646.506823 2238.119394
857.871125 2388.128787
959.642624 2374.450320
942.760929 2453.248554
838.349173 2467.618240
1019.930163 2366.347451
1120.325691 2352.853920
1107.566850 2430.567110
1004.601908 2444.737678
1179.800878 2344.860234
1278.848151 2331.547913
1270.101863 2408.198200
1168.553871 2422.173760
1337.527295 2323.661219
1435.253292 2310.526483
1430.412585 2386.135409
1330.252492 2399.919959
1493.152270 2302.744645
1589.583254 2289.783964
1588.544363 2364.372495
1489.743911 2377.969924
1646.717522 2282.104906
1741.879066 2269.314842
1744.541324 2342.903386
1647.073014 2356.317479
825.825356 2518.612701
931.932815 2503.790651
913.612276 2589.304946
804.631845 2604.908407
994.771218 2495.012814
1099.385464 2480.399349
1085.547094 2564.687879
978.140090 2580.066063
1161.342667 2471.744606
1264.495000 2457.335354
1255.014036 2540.424155
1149.146629 2555.581905
1325.589409 2448.801134
1427.310259 2434.591845
1422.065858 2516.506221
1317.705179 2531.448242
1487.559774 2426.175647
1587.878734 2412.162186
1586.753822 2492.926735
1483.867933 2507.657601
1647.300759 2403.861580
1746.246612 2390.039927
1749.127749 2469.678566
1647.685608 2484.202720
