4368 2912
3802.209323 1965.799878
4353.823178 2153.363335
3571.739386 2350.683607
4057.026568 2615.989413
3810.309933 2007.675337
3857.134494 2024.267649
3823.522691 2079.804637
3777.473875 2062.255419
3884.412641 2033.933677
3934.072234 2051.530584
3899.172894 2108.634952
3850.346180 2090.027077
3963.027232 2061.790806
4015.787355 2080.486388
3979.502964 2139.248765
3927.639182 2119.483463
4046.578716 2091.397326
4102.739087 2111.297788
4064.961019 2171.816856
4009.767726 2150.782675
4135.547214 2122.923369
4195.447464 2144.149059
4156.054278 2206.532524
4097.200241 2184.103233
4230.477190 2156.561864
4294.503738 2179.249711
4253.359133 2243.615433
4190.467677 2219.647481
3757.520593 2095.421756
3803.100137 2113.548949
3769.867184 2168.459962
3725.047926 2149.397810
3829.648626 2124.107405
3877.971646 2143.325691
3843.477389 2199.767239
3795.970197 2179.561877
3906.142422 2154.529338
3957.464290 2174.940279
3921.613992 2232.999645
3871.169598 2211.545057
3987.410728 2186.850114
4042.019524 2208.568283
4004.707739 2268.340383
3951.045072 2245.517026
4073.914958 2221.253242
4132.136881 2244.408367
4093.245821 2305.996660
4036.046770 2281.669238
4166.177963 2257.946662
4228.383846 2282.686226
4187.781433 2346.203756
4126.684534 2320.218534
3705.314854 2182.198114
3749.674171 2201.825000
3716.813699 2256.120561
3673.199580 2235.580111
3775.507727 2213.255119
3822.521514 2234.056483
3788.425327 2289.846684
3742.210736 2268.081518
3849.924332 2246.180925
3899.838194 2268.265433
3864.414245 2325.634329
3815.359468 2302.531553
3928.957730 2281.149442
3982.048532 2304.639595
3945.194449 2363.678473
3893.029378 2339.110876
4013.051313 2318.356850
4069.632318 2343.391252
4031.233845 2404.199479
3975.653000 2378.023194
4102.707127 2358.025281
4163.134182 2384.761377
4123.063313 2447.447370
4063.719861 2419.499052
3653.683093 2268.020408
3696.846380 2289.112685
3664.352161 2342.803083
3621.919343 2320.818101
3721.979368 2301.394232
3767.710591 2323.741363
3734.005624 2378.891428
3689.057373 2355.603168
3794.361308 2336.764567
3842.896647 2360.481963
3807.891486 2417.172633
3760.197307 2392.461672
3871.206842 2374.316092
3922.812351 2399.533766
3886.407600 2457.852830
3835.707951 2431.584697
3952.941992 2414.256989
4007.918481 2441.121934
3970.003295 2501.164823
3916.004862 2473.187548
4040.048775 2456.822802
4098.737677 2485.501864
4059.187983 2547.372543
4001.558004 2517.513718
