2912 4368
123.239772 3260.799852
833.783715 3224.454358
120.254144 3774.255644
848.902347 3711.819746
165.870523 3301.532526
238.558158 3297.614610
238.602704 3366.188027
165.658977 3370.456035
281.576063 3295.295913
353.145425 3291.438272
353.588603 3359.460093
281.770991 3363.662210
395.504053 3289.155111
465.980751 3285.356366
466.810392 3352.835377
396.093017 3356.973119
507.695142 3283.107930
577.104009 3279.366741
578.308359 3346.311526
508.666131 3350.386359
618.188750 3277.152243
686.553873 3273.467312
688.121576 3339.886249
619.530159 3343.899599
727.023114 3271.285991
794.367859 3267.656060
796.287941 3333.557332
728.723731 3337.510578
165.527915 3413.157314
238.630302 3408.671231
238.675356 3478.027638
165.313942 3482.871695
281.891752 3406.016400
353.863153 3401.599721
354.311353 3470.392189
282.088899 3475.161040
396.457875 3398.985805
467.324335 3394.636933
468.163303 3462.874540
397.053493 3467.569923
509.267624 3392.062994
579.054393 3387.780380
580.272179 3455.471986
510.249497 3460.095587
620.361081 3385.245507
689.092648 3381.027648
690.677707 3448.181905
621.717411 3452.735356
729.777116 3378.530959
797.477234 3374.376397
799.418412 3441.001751
731.496508 3445.486637
165.181371 3526.064366
238.703270 3520.997314
238.748843 3591.150198
164.964928 3596.583311
282.211040 3517.998804
354.589022 3513.010589
355.042328 3582.586874
282.410444 3587.935157
397.422485 3510.058552
468.683039 3505.147349
469.531493 3574.156413
398.024869 3579.421836
510.857752 3502.240712
581.026558 3497.404751
582.258007 3565.855744
511.850693 3571.040219
622.557601 3494.542475
691.659559 3489.780041
693.262263 3557.681896
623.929103 3562.787274
732.561554 3486.961118
800.620809 3482.270545
802.583434 3549.631982
734.300033 3554.660061
164.830822 3640.275903
238.777077 3634.614750
238.823176 3705.577912
164.611867 3711.613421
282.533987 3631.264823
355.323170 3625.692253
355.781670 3696.065830
282.735688 3702.006564
398.398065 3622.394540
470.057122 3616.908489
470.915222 3686.702168
399.007331 3692.550343
512.465824 3613.661778
583.020873 3608.260248
584.266213 3677.483480
513.470022 3683.241242
624.778718 3605.063365
694.255076 3599.744416
695.875724 3668.406425
626.165649 3674.075853
735.376935 3596.596223
803.799151 3591.357977
805.783580 3659.467762
737.134819 3665.050876
