4368 2912
3139.892289 1542.267327
4099.823302 1608.465195
2924.261875 2181.487964
3876.929595 2346.067275
3175.000574 1603.606550
3256.170343 1609.866354
3228.597119 1692.938690
3147.527019 1685.642078
3310.661230 1614.068685
3395.244934 1620.591771
3367.514640 1705.441785
3283.024403 1697.837348
3452.051964 1624.972723
3540.269607 1631.776058
3512.393951 1718.481465
3424.262489 1710.549304
3599.543655 1636.347266
3691.634557 1643.449306
3663.627252 1732.093027
3571.614003 1723.811491
3753.539889 1648.223439
3849.764856 1655.644298
3821.641919 1746.314937
3725.484651 1737.660424
3914.480656 1660.635173
4015.124446 1668.396811
3986.904529 1761.189190
3886.316849 1752.135923
3128.044748 1743.815778
3209.042957 1751.851279
3181.188373 1835.771294
3100.294308 1826.678080
3263.424317 1757.246231
3347.846993 1765.621460
3319.827755 1851.355595
3235.503146 1841.876758
3404.552012 1771.246933
3492.621011 1779.983898
3464.448623 1867.612269
3376.470526 1857.722747
3551.801865 1785.854988
3643.758630 1794.977643
3615.446612 1884.585789
3523.572337 1874.258301
3705.581080 1801.110795
3801.688850 1810.645254
3773.253035 1902.324636
3677.217910 1891.529433
3866.333793 1817.058414
3966.880119 1827.033204
3938.338996 1920.881769
3837.853823 1909.586340
3080.615194 1885.439550
3161.434168 1895.286570
3133.293896 1980.067305
3052.583661 1969.141188
3215.700883 1901.898451
3299.954640 1912.163968
3271.641917 1998.796115
3187.490956 1987.404211
3356.552387 1919.059863
3444.464642 1929.771132
3415.990759 2018.337284
3328.174264 2006.449160
3503.546907 1936.969742
3595.361234 1948.156441
3566.739502 2038.744837
3475.012647 2026.327349
3657.095279 1955.678145
3753.077362 1967.372646
3724.323419 2060.077699
3628.419079 2047.094686
3817.645809 1975.239695
3918.086014 1987.477375
3889.218169 2082.400262
3788.844321 2068.812191
3032.704706 2028.499380
3113.336562 2040.194565
3084.906183 2125.849330
3004.387789 2113.053173
3167.483371 2048.048246
3251.560098 2060.243089
3222.949255 2147.787432
3138.980186 2134.442887
3308.045164 2068.435921
3395.792340 2081.163142
3367.012096 2170.682209
3279.365678 2156.753252
3454.770463 2089.717577
3546.433802 2103.012814
3517.497246 2194.597634
3425.926510 2180.045015
3608.073751 2111.953332
3703.921397 2125.855479
3674.843957 2219.603512
3579.079310 2204.384388
3768.407529 2135.208819
3868.732677 2149.760402
3839.532468 2245.776165
3739.279048 2229.843676
