4368 2912
3230.414873 1616.489595
3917.512532 1734.525496
3080.461139 2058.503046
3759.050747 2265.749160
3254.531393 1660.445228
3312.449421 1670.971703
3292.359991 1731.305148
3234.559174 1719.809703
3349.309062 1677.670864
3410.259358 1688.748448
3389.985740 1750.720986
3329.148192 1738.621596
3449.074277 1695.802975
3513.301362 1707.476109
3492.852396 1771.179139
3428.732356 1758.426925
3554.231372 1714.915050
3622.006784 1727.233085
3601.393626 1792.765852
3533.718078 1779.306519
3665.229600 1735.088738
3736.855727 1748.106631
3716.092302 1815.577161
3644.557092 1801.350216
3782.569544 1756.415019
3858.384141 1770.194158
3837.487678 1839.720311
3761.752943 1824.658163
3221.698842 1758.035145
3279.423071 1770.157865
3259.108244 1831.168233
3201.506033 1818.055297
3316.164555 1777.873979
3376.928309 1790.635032
3356.421240 1853.321186
3295.775243 1839.515343
3415.630176 1798.762849
3479.680010 1812.214015
3458.989208 1876.670414
3395.051632 1862.115256
3520.503451 1820.787385
3588.113328 1834.986200
3567.249621 1901.315508
3499.745022 1885.948330
3631.237700 1844.042790
3702.712906 1859.053366
3681.689894 1927.367424
3610.311220 1911.118326
3748.338369 1868.635213
3824.020121 1884.529209
3802.854722 1954.950160
3727.258637 1937.740984
3188.503266 1856.704104
3246.025767 1870.458092
3225.481727 1932.156841
3168.086189 1917.390856
3282.644071 1879.213756
3343.213018 1893.696169
3322.468442 1957.108334
3262.022411 1941.557558
3381.796600 1902.921744
3445.660581 1918.192019
3424.723628 1983.415233
3360.977280 1967.015393
3486.372009 1927.926375
3553.807412 1944.050600
3532.688560 2011.191060
3465.364027 1993.870671
3596.827688 1954.337016
3668.142703 1971.388879
3646.855203 2040.562385
3575.642526 2022.241703
3713.673958 1982.275686
3789.213278 2000.337608
3767.773718 2071.670743
3692.326072 2052.260544
3154.938609 1956.470102
3212.251224 1971.891262
3191.474070 2034.290108
3134.293509 2017.834620
3248.741175 1981.709647
3309.106804 1997.952285
3288.120570 2062.103149
3227.883173 2044.767961
3347.566707 2008.300728
3411.235963 2025.432276
3390.048441 2091.436069
3326.502362 2073.148705
3451.829761 2036.354889
3519.081460 2054.450368
3497.702753 2122.416951
3430.567698 2103.096748
3561.991802 2065.996294
3633.137040 2085.139412
3611.580031 2155.188685
3540.543131 2134.745604
3678.568034 2097.363573
3753.954999 2117.648017
3732.235914 2189.911175
3656.946846 2168.244400
