4368 2912
3187.635592 2180.761821
3692.307696 2220.671107
3160.130983 2511.409274
3695.719366 2566.230121
3214.903690 2210.864946
3262.610821 2214.725455
3259.692507 2257.861664
3211.621345 2253.827709
3292.372078 2217.133766
3340.593484 2221.035892
3338.275580 2264.456064
3289.682120 2260.378281
3370.676428 2223.470234
3419.420468 2227.414652
3417.716235 2271.122431
3368.591920 2267.000100
3449.830344 2229.875451
3499.105562 2233.862851
3498.028589 2277.861946
3448.364670 2273.694334
3529.847727 2236.350539
3579.662852 2240.381630
3579.227068 2284.675823
3529.014607 2280.462179
3610.742784 2242.896649
3661.106740 2246.972153
3661.326419 2291.565297
3610.556275 2287.304854
3209.492217 2281.695969
3257.799432 2285.843624
3254.804690 2330.109521
3206.124201 2325.780085
3287.937129 2288.431245
3336.771878 2292.624195
3334.392937 2337.187760
3285.176575 2332.810666
3367.239592 2295.240151
3416.610564 2299.479140
3414.861206 2344.344265
3365.100076 2339.918722
3447.413746 2302.123901
3497.329821 2306.409692
3496.224174 2351.580341
3445.909179 2347.105539
3528.474041 2309.083733
3578.944299 2313.417108
3578.496846 2358.897322
3527.618690 2354.372436
3610.435251 2316.120919
3661.468972 2320.502673
3661.694566 2366.296573
3610.243738 2361.720755
3203.939136 2354.380492
3252.861710 2358.829119
3249.787501 2404.269670
3200.482051 2399.630443
3283.385487 2361.604707
3332.849376 2366.102556
3330.406953 2411.855280
3280.551523 2407.164305
3363.711825 2368.908940
3413.726063 2373.456833
3411.929760 2419.525888
3361.515094 2414.782294
3444.932853 2376.294529
3495.506676 2380.893307
3494.371190 2427.282932
3443.387826 2422.485827
3527.063603 2383.762841
3578.206455 2388.413362
3577.746857 2435.127878
3526.185118 2430.276353
3610.119444 2391.315273
3661.840983 2396.018415
3662.072734 2443.062231
3609.922722 2438.155355
3198.238818 2428.992234
3247.792617 2433.756464
3244.635732 2480.419054
3194.689082 2475.454886
3278.712485 2436.729178
3328.821927 2441.546828
3326.313448 2488.536953
3275.802142 2483.516664
3360.089470 2444.552970
3410.763950 2449.424945
3408.918790 2496.747049
3357.833198 2491.669682
3442.385066 2452.465079
3493.634199 2457.392302
3492.467651 2505.050919
3440.797924 2499.915497
3525.614918 2460.467011
3577.448532 2465.450426
3576.976290 2513.450182
3524.712350 2508.255701
3609.795024 2468.560301
3662.223175 2473.600878
3662.461339 2521.946491
3609.592878 2516.691925
