4368 2912
3545.459372 1581.811906
3921.994320 1605.610012
3533.999944 1814.168835
3925.848200 1840.862585
3564.915162 1601.081307
3603.617270 1603.541738
3602.379349 1636.214342
3563.461935 1633.713772
3624.090319 1604.843283
3662.887650 1607.309769
3661.980137 1640.043886
3622.966434 1637.537129
3683.411103 1608.614517
3722.304009 1611.087079
3721.728540 1643.882914
3682.618190 1641.369947
3742.878050 1612.395044
3781.866885 1614.873705
3781.625107 1647.731461
3742.417751 1645.212262
3802.491704 1616.184898
3841.576823 1618.669679
3841.670391 1651.589566
3802.365666 1649.064110
3862.252606 1619.984113
3901.434366 1622.475037
3901.864945 1655.457261
3862.462489 1652.925525
3562.659982 1651.721767
3601.696205 1654.244613
3600.436639 1687.488506
3561.181365 1684.924355
3622.346219 1655.579188
3661.479323 1658.108295
3660.555921 1691.415492
3621.202674 1688.844941
3682.180617 1659.446185
3721.410962 1661.981576
3720.825406 1695.352289
3681.373817 1692.775314
3742.163729 1663.322792
3781.491678 1665.864491
3781.245658 1699.298934
3741.695358 1696.715513
3802.296111 1667.209047
3841.722029 1669.757077
3841.817240 1703.255465
3802.167859 1700.665570
3862.578318 1671.104984
3902.102571 1673.659369
3902.540726 1707.221917
3862.791890 1704.625526
3560.365340 1703.248345
3599.741498 1705.835423
3598.459714 1739.665721
3558.860662 1737.036127
3620.571562 1707.203991
3660.046301 1709.797546
3659.106591 1743.693004
3619.407836 1741.056791
3680.928547 1711.169542
3720.502238 1713.769598
3719.906327 1747.730438
3680.107491 1745.087578
3741.436861 1715.145035
3781.109876 1717.751617
3780.859499 1751.778062
3740.960203 1749.128531
3802.097076 1719.130509
3841.869790 1721.743641
3841.966690 1755.835913
3801.966553 1753.179685
3862.909764 1723.126001
3902.782551 1725.745707
3903.228484 1759.904030
3863.127124 1757.241081
3558.030190 1755.684505
3597.752257 1758.337700
3596.447660 1792.770056
3556.498758 1790.073090
3618.765538 1759.741259
3658.587931 1762.401154
3657.631475 1796.900599
3617.581093 1794.196783
3679.654318 1763.808262
3719.577418 1766.474883
3718.970875 1801.041646
3678.818626 1798.330952
3740.697115 1767.885551
3780.721303 1770.558925
3780.466454 1805.193235
3740.211948 1802.475639
3801.894512 1771.973167
3842.020175 1774.653318
3842.118808 1809.355410
3801.761656 1806.630884
3863.247098 1776.071149
3903.474622 1778.758103
3903.928541 1813.528209
3863.468347 1810.796726
