4368 2912
1243.312683 1735.653640
1782.472311 1631.989625
1303.280293 2119.348012
1867.104703 1986.644973
1285.243099 1764.138029
1336.812297 1754.033132
1344.528453 1799.379853
1292.659817 1809.810508
1373.308198 1746.881823
1423.893254 1736.969767
1432.106220 1781.768180
1381.233918 1791.998475
1459.695980 1729.954284
1509.324800 1720.229601
1518.014391 1764.492258
1468.109989 1774.527910
1544.453914 1713.346111
1593.153357 1703.803538
1602.300259 1747.542577
1553.336395 1757.389090
1627.627693 1697.048351
1675.423624 1687.682820
1685.009349 1730.909983
1636.959682 1740.572653
1709.261318 1681.052381
1756.178650 1671.859010
1766.185497 1714.585659
1719.024660 1724.069588
1298.393770 1845.120448
1350.493508 1834.435614
1358.392526 1880.856986
1305.987269 1891.881557
1387.360692 1826.874737
1438.454627 1816.396178
1446.860328 1862.245885
1395.473471 1873.056214
1474.613498 1808.980565
1524.730477 1798.702364
1533.622018 1843.993702
1483.224161 1854.595973
1560.201254 1791.427868
1609.369032 1781.344334
1618.726477 1826.090153
1569.289340 1836.490315
1644.171172 1774.206965
1692.416462 1764.312618
1702.220738 1808.525343
1653.717110 1818.729122
1726.568693 1757.308534
1773.917216 1747.598100
1784.150071 1791.289749
1736.553759 1801.302655
1311.858712 1928.038170
1364.499786 1916.748465
1372.588243 1964.283147
1319.635390 1975.927299
1401.745704 1908.760493
1453.358593 1897.691298
1461.963895 1944.629745
1410.052245 1956.044941
1489.880563 1889.858589
1540.495100 1879.003507
1549.595713 1925.359807
1498.694855 1936.552732
1576.314024 1871.321576
1625.958899 1860.674453
1635.534239 1906.462217
1585.614936 1917.439302
1661.094885 1853.138989
1709.797697 1842.693906
1719.828084 1887.926288
1670.862215 1898.693716
1744.270093 1835.300760
1792.057405 1825.052021
1802.524014 1869.741734
1754.484522 1880.305455
1325.649329 2012.961407
1378.842855 2001.040588
1387.127650 2049.729116
1333.615895 2062.019873
1416.475179 1992.607078
1468.617388 1980.921862
1477.429485 2028.988294
1424.982506 2041.034489
1505.509606 1972.654212
1556.631361 1961.197682
1565.948507 2008.656953
1514.534837 2020.465814
1592.805094 1953.091046
1642.936060 1941.856555
1652.736997 1988.723087
1602.326396 2000.301560
1678.412095 1933.906275
1727.580800 1922.887430
1737.845211 1969.175152
1688.408609 1980.529914
1762.379129 1915.089026
1810.613014 1904.279676
1821.321478 1950.002048
1772.830917 1961.139520
