4368 2912
3505.474034 1546.774429
4303.889416 1820.060972
3235.300968 2068.826141
3943.701174 2460.627410
3523.468941 1606.361085
3587.616099 1629.273117
3548.829482 1703.285313
3485.655211 1679.013514
3628.718185 1643.953929
3697.163710 1668.401248
3656.695791 1744.727966
3589.303681 1718.835657
3741.066693 1684.082481
3814.257572 1710.224743
3771.964856 1789.014786
3699.917939 1761.334082
3861.257825 1727.012256
3939.705240 1755.032043
3895.425821 1836.448965
3818.224614 1806.787964
3990.142474 1773.047176
4074.433761 1803.154272
4027.984128 1887.378379
3945.055039 1855.516703
4128.699248 1822.536777
4219.512616 1854.973425
4170.683761 1942.204129
4081.364820 1907.887447
3461.575145 1725.279125
3524.132622 1750.411592
3485.786544 1823.583156
3424.182614 1797.122294
3564.208810 1766.512200
3630.933278 1793.318755
3590.940138 1868.749993
3525.247512 1840.532906
3673.723988 1810.509922
3745.046113 1839.163585
3703.266486 1916.997760
3633.064167 1886.843614
3790.836787 1857.559988
3867.248695 1888.258472
3823.525411 1968.652822
3748.332547 1936.355077
3916.366242 1907.991446
3998.432890 1940.961722
3952.587977 2024.089330
3871.852843 1989.411002
4051.253507 1962.182405
4139.626669 1997.686321
4091.457628 2083.738295
4004.544066 2046.406134
3400.370026 1842.873992
3461.369398 1870.175689
3423.456397 1942.520863
3363.391696 1913.921347
3500.440366 1887.662815
3565.478991 1916.772374
3525.952320 1991.323800
3461.924501 1960.837264
3607.180533 1935.436875
3676.673330 1966.540002
3635.397512 2043.435597
3567.000980 2010.868920
3721.280345 1986.504916
3795.701074 2019.813655
3752.523515 2099.204576
3679.295384 2064.337357
3843.528141 2041.219778
3923.420213 2076.977344
3878.168289 2159.029726
3799.577886 2121.609287
3974.829024 2099.986560
4060.818791 2138.473293
4013.296281 2223.370266
3928.732273 2183.105522
3339.842154 1959.167649
3399.314237 1988.588667
3361.827016 2060.121371
3303.271182 2029.432339
3437.400159 2007.429887
3500.787282 2038.787687
3461.718969 2112.474604
3399.322131 2079.772508
3541.422181 2058.889893
3609.124069 2092.382221
3568.343001 2168.356112
3501.714439 2133.436175
3652.572674 2113.876377
3725.045380 2149.728843
3682.403393 2228.135005
3611.097534 2190.763705
3771.610392 2172.764693
3849.376582 2211.235861
3804.706212 2292.233745
3728.212660 2252.143580
3899.405730 2235.985431
3983.067305 2277.373063
3936.178396 2361.138134
3853.909693 2318.021221
