4368 2912
321.535861 2015.332320
950.747601 1918.296455
377.918616 2454.424277
1028.890024 2307.461698
372.185368 2049.660800
432.432322 2039.996911
439.610348 2090.966338
379.086955 2101.186505
477.858666 2032.710316
536.088490 2023.369984
543.726361 2073.384988
485.240670 2083.261061
580.006552 2016.325325
636.318882 2007.292568
644.382429 2056.387893
587.833237 2065.936965
678.802553 2000.477992
733.290566 1991.737863
741.748203 2039.946409
687.040900 2049.184453
774.408989 1985.142279
827.159922 1976.680787
835.982418 2024.033729
783.028459 2032.975698
866.977863 1970.293805
918.073481 1962.097833
927.233767 2008.624745
875.950190 2017.284648
384.586557 2142.245302
445.329662 2131.577796
452.655968 2183.600124
391.632132 2194.845987
491.122065 2123.535883
549.811022 2113.229119
557.603973 2164.259633
498.655421 2175.123050
594.067862 2105.456877
650.805133 2095.492862
659.029650 2145.568261
602.052290 2156.068413
693.602371 2087.976950
748.483718 2078.338865
757.107398 2127.493866
702.003985 2137.648675
789.892390 2071.066809
843.007408 2061.738922
852.000294 2110.006396
798.679875 2119.832624
883.094011 2054.699044
934.526623 2045.666615
943.860990 2093.077719
892.238406 2102.591059
397.247074 2236.765881
458.494041 2225.054865
465.973271 2278.163058
404.441190 2290.475539
504.658021 2216.227862
563.812807 2204.916891
571.765611 2256.994163
512.347430 2268.883656
608.413205 2196.388860
665.581211 2185.457782
673.971566 2236.542898
616.560193 2248.030831
708.696138 2177.213787
763.975800 2166.643777
772.770464 2216.773380
717.265922 2227.879759
805.678256 2158.669862
859.161616 2148.443323
868.329875 2197.652078
814.638718 2208.395602
899.519888 2140.726428
951.293101 2130.826885
960.806557 2179.147626
908.841348 2189.545790
410.175137 2333.283907
471.933841 2320.487623
479.570832 2374.716039
417.522542 2388.137983
518.475021 2310.844382
578.102459 2298.489693
586.220084 2351.646263
526.325382 2364.602353
623.051277 2289.176385
680.655900 2277.240820
689.217161 2329.366504
631.365841 2341.880582
724.092701 2268.240800
779.775725 2256.703386
788.746506 2307.836865
732.835754 2319.931170
821.775539 2248.001106
875.631536 2236.842248
884.980350 2287.020092
830.914136 2298.715396
916.264510 2228.423176
968.381949 2217.624544
978.079701 2266.881355
925.768229 2278.197083
