2912 4368
233.702151 2403.132940
674.196003 2351.792376
285.954422 2709.871866
739.497890 2630.864381
262.931406 2424.044107
311.505106 2418.169809
319.195290 2460.436991
270.404263 2466.722280
336.825965 2415.107610
384.116860 2409.388448
392.122526 2451.042461
344.627441 2457.160806
408.773405 2406.406589
454.831651 2400.836498
463.133735 2441.894755
416.883637 2447.852721
478.849684 2397.931859
523.722855 2392.505086
532.303451 2432.984272
487.250019 2438.788082
547.126863 2389.674704
590.860114 2384.385788
599.702385 2424.301902
555.799770 2429.957463
613.673346 2381.626852
656.309569 2376.470607
665.397678 2415.838996
622.602344 2421.351916
274.529986 2490.284655
323.440657 2483.770591
331.271107 2526.808702
282.140373 2533.748259
348.934066 2480.375306
396.541525 2474.034807
404.691245 2516.438344
356.877169 2523.191928
421.360172 2470.729389
467.715818 2464.555610
476.165308 2506.342863
429.615664 2512.917850
491.886143 2461.336536
537.038710 2455.322987
545.769660 2496.511473
500.434946 2502.914856
560.585788 2452.186919
604.581511 2446.327443
613.576718 2486.933945
569.409983 2493.172355
627.529142 2443.271211
670.411917 2437.559959
679.655208 2477.600572
636.611890 2483.680302
286.342374 2557.746268
335.594260 2550.569839
343.568846 2594.400163
294.094119 2602.017186
361.262333 2546.829778
409.190118 2539.846282
417.487816 2583.019756
369.350954 2590.430804
434.172738 2536.206097
480.829109 2529.407857
489.429965 2571.943696
442.577428 2579.157012
505.153373 2525.863599
550.588259 2519.243341
559.473550 2561.159935
513.854615 2568.183329
574.279852 2515.791270
618.540601 2509.342092
627.692745 2550.657053
583.259326 2557.497928
641.623889 2505.978657
684.755433 2499.694015
694.157914 2540.424218
650.864390 2547.089596
298.374533 2626.463023
347.971945 2618.600696
356.094686 2663.245310
306.271613 2671.563958
373.816822 2614.503691
422.068748 2606.854655
430.518490 2650.819229
382.054999 2658.910878
447.217234 2602.868045
494.177690 2595.423737
502.934015 2638.728459
455.775204 2646.602273
518.657556 2591.543118
564.377707 2584.295426
573.421468 2626.959607
527.515351 2634.624266
588.215268 2580.516626
632.743612 2573.457864
642.056838 2615.499986
597.354158 2622.963715
655.963819 2569.776929
699.346356 2562.899804
708.912177 2604.337566
665.366222 2611.608163
