4368 2912
1686.804602 1642.123630
1879.502421 2178.095691
1374.471585 1755.604197
1595.428965 2333.928944
1669.476511 1694.597952
1685.579098 1739.128916
1653.847342 1751.552735
1637.501439 1706.641437
1700.352511 1779.984112
1716.277697 1824.024481
1685.007364 1837.166665
1668.843211 1792.754737
1730.888799 1864.430813
1746.639499 1907.988649
1715.822373 1921.832654
1699.836956 1877.911812
1761.090950 1947.953475
1776.670016 1991.036666
1746.298069 2005.566358
1730.488439 1962.128501
1790.964420 2030.567183
1806.374642 2073.183445
1776.440024 2088.383091
1760.803297 2045.420297
1820.514544 2112.286693
1835.758653 2154.443576
1806.253691 2170.297834
1790.787047 2127.802353
1605.643251 1718.640897
1622.233285 1763.930471
1589.302978 1776.823554
1572.456828 1731.140641
1637.452337 1805.477364
1653.856219 1850.258758
1621.411492 1863.894513
1604.756151 1818.729030
1668.904980 1891.340771
1685.125826 1935.622491
1653.157883 1949.983478
1636.690127 1905.326685
1700.007139 1976.247383
1716.047996 2020.037745
1684.548243 2035.106969
1668.264922 1990.950319
1730.764640 2060.213103
1746.628487 2103.520241
1715.588529 2119.281136
1699.486560 2075.616274
1761.183181 2143.253486
1776.872932 2186.085353
1746.284563 2202.521772
1730.360934 2159.340528
1539.380178 1743.599037
1556.483433 1789.673270
1522.285363 1803.062715
1504.912238 1756.581467
1572.171612 1831.935446
1589.079341 1877.482954
1555.392796 1891.640616
1538.220193 1845.695855
1604.588682 1919.263363
1621.304219 1964.293127
1588.119770 1979.200607
1571.144236 1933.783098
1636.637764 2005.599960
1653.164367 2050.120758
1620.472804 2065.760134
1603.690966 2020.860855
1668.325087 2090.962020
1684.665942 2134.982434
1652.458271 2151.336249
1635.866833 2106.946378
1699.656743 2175.365953
1715.814964 2218.894371
1684.082400 2235.945613
1667.678140 2192.056531
1470.545864 1769.525642
1488.190042 1816.411931
1452.649563 1830.326965
1434.720718 1783.019266
1504.372588 1859.414188
1521.811183 1905.754177
1486.810135 1920.464293
1469.092239 1873.713208
1537.805723 1948.256843
1555.042308 1994.060024
1520.570568 2009.545794
1503.059917 1963.341557
1570.852101 2036.071756
1587.890164 2081.347403
1553.937848 2097.589913
1536.630830 2051.922985
1603.518392 2122.876658
1620.361345 2167.633831
1586.918806 2184.614664
1569.811887 2139.475728
1635.811117 2208.688873
1652.462291 2252.936429
1619.520111 2270.637650
1602.609842 2226.017600
