4368 2912
1800.024182 2462.476123
2119.804451 2392.446621
1915.565038 2780.376786
2246.078013 2666.147592
1834.276765 2487.343019
1865.205297 2480.236822
1878.552126 2515.341293
1847.469736 2522.917861
1888.573144 2474.867782
1918.308255 2468.035788
1931.903250 2502.336553
1902.031669 2509.617977
1940.783046 2462.871938
1969.392503 2456.298577
1983.207153 2489.830838
1954.476983 2496.834034
1991.024472 2451.328375
2018.571005 2444.999233
2032.579452 2477.795966
2004.926501 2484.536582
2039.406688 2440.211988
2065.948452 2434.113703
2080.127221 2466.205837
2053.492020 2472.698369
2086.031022 2429.499494
2111.622004 2423.619663
2125.949760 2455.036246
2100.277139 2461.294142
1858.508330 2552.683426
1889.717189 2544.707343
1903.550268 2581.090736
1872.187546 2589.569429
1913.288445 2538.683211
1943.271955 2531.020292
1957.352342 2566.545721
1927.232976 2574.688281
1965.926743 2525.230383
1994.755678 2517.862540
2009.053897 2552.568566
1980.105388 2560.394594
2016.546425 2512.293454
2044.286213 2505.203966
2058.775589 2539.126653
2030.930967 2546.654253
2065.261426 2499.843307
2091.972643 2493.016691
2106.629009 2526.189815
2079.826313 2533.435737
2112.177262 2487.852975
2137.916074 2481.274878
2152.717512 2513.730109
2126.899338 2520.709873
1883.636763 2620.442239
1915.125831 2611.536471
1929.472225 2649.269971
1897.829611 2658.713249
1938.899949 2604.812653
1969.130604 2596.262791
1983.722849 2633.079662
1953.357294 2642.141820
1991.964035 2589.805018
2021.010232 2581.590146
2035.817862 2617.532663
2006.653585 2626.236317
2042.957722 2575.382936
2070.887735 2567.483744
2085.883237 2602.591380
2057.850339 2610.957391
2091.999864 2561.512791
2118.876817 2553.911426
2134.035323 2588.221091
2107.069222 2596.268732
2139.200386 2548.163496
2165.082733 2540.843426
2180.381739 2574.389678
2154.422678 2582.136782
1909.712796 2690.756253
1941.481350 2680.856048
1956.370170 2720.016223
1924.448757 2730.491768
1965.457301 2673.384293
1995.933206 2663.886923
2011.065737 2702.066960
1980.456278 2712.111965
2018.943421 2656.716126
2048.203997 2647.597495
2063.548754 2684.843781
2034.171998 2694.484254
2070.305673 2640.709831
2098.422195 2631.947727
2113.950814 2668.303503
2085.733768 2677.563398
2119.668097 2625.326753
2146.706375 2616.900668
2162.393276 2652.406300
2135.268596 2661.307717
2167.145261 2610.531188
2193.166150 2602.422158
2208.988242 2637.115384
2182.893702 2645.678743
