4368 2912
3979.222420 1527.362800
4259.196454 1536.548234
3970.970168 1677.278433
4262.244900 1687.950055
3995.599494 1540.908022
4022.157440 1541.787564
4021.335352 1561.164494
3994.640900 1560.267292
4039.314465 1542.355767
4065.931411 1543.237262
4065.334721 1562.643318
4038.580660 1561.744112
4083.126573 1543.806728
4109.802717 1544.690183
4109.432433 1564.125447
4082.618562 1563.224230
4127.036141 1545.260916
4153.771679 1546.146338
4153.628815 1565.610892
4126.754934 1564.707658
4171.043497 1546.718343
4197.838628 1547.605740
4197.924201 1567.099664
4170.990107 1566.194407
4215.148965 1548.179020
4242.003889 1549.068396
4242.318922 1568.591775
4215.324412 1567.684487
3993.997455 1573.261971
4020.783530 1574.171106
4019.947152 1593.884839
3993.022210 1592.957506
4038.088097 1574.758432
4064.934195 1575.669604
4064.327121 1595.413350
4037.341532 1594.483927
4082.277559 1576.258247
4109.183879 1577.171462
4108.807145 1596.945305
4081.760703 1596.013787
4126.566170 1577.761427
4153.532916 1578.676694
4153.387561 1598.480719
4126.280061 1597.547098
4170.954267 1579.267984
4197.981643 1580.185308
4198.068709 1600.019603
4170.899945 1599.083871
4215.442184 1580.777929
4242.530395 1581.697317
4242.850934 1601.561967
4215.620696 1600.624118
3992.367541 1606.178882
4019.385698 1607.118512
4018.534654 1627.177906
3991.375208 1626.219520
4036.840367 1607.725544
4063.919594 1608.667298
4063.301864 1628.757624
4036.080705 1627.797060
4081.413738 1609.275704
4108.554241 1610.219588
4108.170886 1630.340935
4080.887806 1629.378186
4126.087993 1610.829371
4153.289981 1611.775393
4153.142068 1631.927850
4125.796854 1630.962910
4170.863478 1612.386559
4198.127160 1613.334727
4198.215759 1633.518384
4170.808200 1632.551242
4215.740535 1613.947280
4243.066120 1614.897600
4243.392312 1635.112547
4215.922192 1634.143198
3990.709016 1639.673579
4017.963313 1640.644638
4017.097216 1661.058865
3989.699142 1660.068470
4035.570710 1641.271982
4062.887152 1642.245256
4062.258482 1662.691370
4034.797604 1661.698705
4080.534719 1642.874031
4107.913519 1643.849527
4107.523367 1664.327620
4079.999469 1663.332678
4125.601395 1644.479739
4153.042765 1645.457464
4152.892226 1665.967630
4125.305091 1664.970400
4170.771088 1646.089116
4198.275244 1647.069079
4198.365418 1667.611410
4170.714828 1666.611888
4216.044153 1647.702178
4243.611309 1648.684384
4243.943304 1669.258976
4216.229040 1668.257151
