4368 2912
775.639388 1730.305098
1947.687251 1645.036581
901.154927 2587.792621
2151.497117 2406.609502
853.685310 1791.520168
984.087534 1781.315260
1003.226148 1894.849927
871.546221 1906.409065
1053.263448 1775.901749
1179.465185 1766.025559
1200.458241 1877.536483
1073.066864 1888.719163
1246.430662 1760.785031
1368.631651 1751.221928
1391.351766 1860.779452
1268.042797 1871.603770
1433.490971 1746.146222
1551.878483 1736.881551
1576.207454 1844.552435
1456.787751 1855.035345
1614.729470 1731.963011
1729.479269 1722.983018
1755.307302 1828.830677
1639.595719 1838.988081
1790.413779 1718.214456
1901.690990 1709.506217
1928.916020 1813.590942
1816.742485 1823.437769
881.693932 1971.683416
1014.097717 1959.342575
1033.923025 2076.950862
900.202829 2090.740426
1084.314933 1952.797901
1212.379809 1940.861472
1234.113538 2056.306711
1104.824701 2069.639302
1280.314729 1934.529523
1404.250535 1922.977949
1427.759115 2036.337490
1302.684955 2049.235453
1470.012653 1916.848518
1590.015912 1905.663480
1615.175561 2017.010632
1494.113292 2029.494879
1653.707826 1899.727006
1769.962786 1888.891333
1796.658682 1998.295634
1679.418326 2010.385756
1831.680734 1883.138843
1944.360311 1872.636418
1972.485846 1980.163893
1858.889232 1991.878263
910.722055 2158.404518
1045.188186 2143.778394
1065.737819 2265.683546
929.914851 2281.860654
1116.477568 2136.024120
1246.459454 2121.885756
1268.973761 2241.477260
1137.732164 2257.108706
1315.391147 2114.387931
1441.109423 2100.713328
1465.448237 2218.076292
1338.560060 2233.189227
1507.798481 2093.459439
1629.459538 2080.226146
1655.493147 2195.441115
1532.745317 2210.060916
1694.013653 2073.204479
1811.810773 2060.391474
1839.419018 2173.534741
1720.612141 2187.685158
1874.330848 2053.591053
1988.445228 2041.178626
2017.516699 2152.322530
1902.463983 2166.025810
940.826375 2352.048165
1077.418341 2334.975096
1098.732734 2461.416972
960.741686 2480.151833
1149.812080 2325.926370
1281.767093 2309.432889
1305.104796 2433.398110
1171.852827 2451.489554
1351.723979 2300.688752
1479.274214 2284.745838
1504.488031 2406.328112
1375.735131 2423.808723
1546.915250 2276.291167
1670.277635 2260.871706
1697.231545 2380.159582
1572.753641 2397.059781
1735.715942 2252.692362
1855.093394 2237.770990
1883.661572 2354.848224
1763.249230 2371.196448
1918.434843 2229.853738
2034.017376 2215.406706
2064.083319 2330.352602
1947.540564 2346.175458
