2912 4368
14.904706 3219.137913
1278.492450 2773.107911
304.252091 4223.720216
1593.839142 3601.452859
132.098480 3278.300549
261.026547 3231.397673
296.676700 3348.544450
167.296967 3397.584589
352.071393 3198.276375
474.606054 3153.699364
510.939488 3267.330209
388.022716 3313.920624
561.191471 3122.200365
677.796769 3079.780404
714.705109 3190.094818
597.778846 3234.414590
760.242552 3049.787367
871.338682 3009.371591
908.726536 3116.552870
797.363278 3158.764037
949.934761 2980.779042
1055.903135 2942.228699
1093.686405 3046.445618
987.498382 3086.695162
1130.912985 2914.940787
1232.100599 2878.129641
1270.205046 2979.537932
1168.839708 3017.959484
193.897561 3487.731260
323.613237 3437.058195
360.222343 3557.356103
230.057445 3610.273378
415.182971 3401.286735
538.383194 3353.158913
575.669030 3469.768344
452.090831 3520.007862
625.410645 3319.161883
742.574266 3273.392243
780.426014 3386.526382
662.946909 3434.286371
825.389219 3241.040814
936.949290 3197.460185
975.269613 3307.314610
863.448967 3352.774207
1015.850359 3166.637703
1122.199478 3125.092718
1160.902750 3231.847260
1054.341376 3275.168752
1197.457707 3095.693302
1298.952637 3056.044592
1337.963430 3159.864962
1236.298822 3201.195720
257.389589 3702.899190
387.888346 3648.266881
425.495626 3771.844797
294.550804 3828.834717
479.978557 3609.714018
603.836854 3557.861687
642.113037 3677.568376
517.881641 3731.636475
691.300009 3521.245906
809.012106 3471.966635
847.843899 3588.030010
729.822561 3639.395361
892.188372 3437.145526
1004.200665 3390.252435
1043.488781 3502.881272
931.223230 3551.741584
1083.397667 3357.097215
1190.114349 3312.421091
1229.771638 3421.807083
1122.850854 3468.341241
1265.610964 3280.815009
1367.398892 3238.202271
1407.348756 3344.521813
1305.399941 3388.892066
322.645094 3924.043367
453.921135 3865.251317
492.567974 3992.245240
360.849818 4053.515235
546.526461 3823.777969
671.034021 3768.017188
710.340540 3890.946191
585.465573 3949.033009
758.925576 3728.654905
877.174951 3675.696855
917.025351 3794.804720
798.473807 3849.950136
960.703695 3638.288459
1073.155136 3587.927018
1113.448176 3703.436713
1000.751623 3755.858622
1152.638036 3552.330556
1259.707749 3504.379324
1300.354769 3616.495274
1193.089925 3666.390570
1335.431793 3470.466268
1437.497077 3424.756272
1478.420334 3533.666327
1376.203758 3581.213372
