4368 2912
934.425220 1462.935940
2081.737735 1541.019403
825.976366 2304.527936
2108.919735 2315.945094
1003.256693 1542.244252
1115.988837 1549.352374
1106.218651 1646.882435
991.837763 1640.470218
1195.028512 1554.336076
1304.734986 1561.253420
1297.668446 1657.615151
1186.399166 1651.377371
1381.667432 1566.104255
1488.468432 1572.838399
1483.965426 1668.058999
1375.682489 1661.988635
1563.376811 1577.561611
1667.386249 1584.119737
1665.314860 1678.225488
1559.899632 1672.315887
1740.349401 1588.720297
1841.675315 1595.109218
1841.911253 1688.125518
1739.251303 1682.370380
1912.768037 1599.591841
2011.512958 1605.818023
2013.939050 1697.769433
1913.927750 1692.162778
983.278305 1714.098923
1098.896487 1719.975307
1088.645211 1822.307798
971.292382 1817.202179
1179.932875 1724.094045
1292.374224 1729.808964
1284.964610 1830.848980
1170.881116 1825.885599
1371.199188 1733.815304
1480.592860 1739.375323
1475.874265 1839.154803
1364.925366 1834.327798
1557.295704 1743.273805
1663.763951 1748.685137
1661.594744 1847.234863
1553.653000 1842.538689
1738.429231 1752.480059
1842.087854 1757.748589
1842.334784 1855.098242
1737.279571 1850.527650
1914.795695 1761.444021
2015.754458 1766.575329
2018.292071 1862.753539
1916.009135 1858.303559
962.302583 1894.532689
1080.958016 1899.044567
1070.189222 2006.543139
949.706363 2002.885734
1164.094380 1902.205832
1279.410204 1906.590723
1271.631911 2012.658178
1154.588412 2009.105179
1360.223028 1909.663635
1472.338279 1913.926823
1467.388230 2018.600601
1353.638895 2015.147600
1550.923626 1916.915036
1659.969724 1921.061520
1657.695603 2024.377613
1547.103291 2021.020448
1736.418439 1923.968487
1842.519709 1928.002993
1842.778416 2029.996028
1735.213498 2026.730764
1916.917759 1930.831983
2020.191899 1934.758988
2022.848904 2035.462288
1918.188748 2032.285201
940.252934 2084.204405
1062.109002 2087.203248
1050.782487 2200.269216
926.998589 2198.218661
1147.456808 2089.303634
1265.797662 2092.215969
1257.622471 2203.695647
1137.461567 2201.705108
1348.701067 2094.256199
1463.676650 2097.085716
1458.477693 2207.022936
1341.783018 2205.089817
1544.239183 2099.068337
1655.991028 2101.818519
1653.604194 2210.255324
1540.227900 2208.377177
1734.310455 2103.745938
1842.972268 2106.420075
1843.243617 2213.396817
1733.046145 2211.571329
1919.140981 2108.294565
2024.839178 2110.895769
2027.624205 2216.451193
1920.473713 2214.676181
