4368 2912
3189.575899 2132.061278
3908.980823 2116.955695
3298.047358 2555.441227
4124.222760 2515.024416
3247.449183 2168.395438
3316.185079 2166.790701
3330.456161 2213.724382
3260.532544 2215.575244
3364.923029 2165.652846
3432.604065 2164.072737
3448.860531 2210.590245
3380.029299 2212.412192
3480.596916 2162.952276
3547.247190 2161.396232
3565.426472 2207.504772
3497.662225 2209.298476
3594.511898 2160.292771
3660.154778 2158.760246
3680.196472 2204.466836
3613.474591 2206.232949
3706.707789 2157.673400
3771.365945 2156.163865
3793.211718 2201.475349
3727.508336 2203.214502
3817.223214 2155.093263
3880.918637 2153.606203
3904.512150 2198.529252
3839.804122 2200.242059
3270.855599 2252.801134
3341.714695 2250.750616
3356.936782 2300.811891
3284.815008 2303.140050
3391.945471 2249.297039
3461.682144 2247.279001
3479.013104 2296.871152
3408.054971 2299.161747
3511.120395 2245.848359
3579.761105 2243.862036
3599.132276 2292.993591
3529.309847 2295.247525
3628.425439 2242.453789
3695.995820 2240.498439
3717.340989 2289.177702
3648.627216 2291.395848
3743.904271 2239.112066
3810.429164 2237.186970
3833.684462 2285.422025
3766.053147 2287.605227
3857.599205 2235.821965
3923.102689 2233.926427
3948.206498 2281.725145
3881.632263 2283.874224
3295.841023 2342.900879
3368.958249 2340.347202
3385.229672 2393.859453
3310.767511 2396.727168
3420.775844 2338.537432
3492.696385 2336.025550
3511.212004 2389.007574
3437.991940 2391.827453
3543.669357 2334.245279
3614.422354 2331.774175
3635.106595 2384.236099
3563.097806 2387.009329
3664.571188 2330.022687
3734.184842 2327.591376
3756.964915 2379.543045
3686.137591 2382.270774
3783.529364 2325.867979
3852.030976 2323.475507
3876.836755 2374.926495
3807.162056 2377.609834
3900.590382 2321.779531
3968.006387 2319.424974
3994.770297 2370.384594
3926.220313 2373.024617
3322.570814 2439.290970
3398.094335 2436.167806
3415.527462 2493.500585
3338.568474 2496.980006
3451.601867 2433.955081
3525.846827 2430.884790
3545.672860 2487.616534
3470.042627 2491.035880
3578.452334 2428.709366
3651.450929 2425.690617
3673.586423 2481.833387
3599.250827 2485.194201
3703.177030 2423.551560
3774.960384 2420.583066
3799.325072 2476.148571
3726.251154 2479.452343
3825.828947 2418.479471
3896.427154 2415.559986
3922.943811 2470.559599
3851.099719 2473.807768
3946.459329 2413.490979
4015.901499 2410.619301
4044.495802 2465.064067
3973.850749 2468.258027
