4368 2912
3575.348828 1291.263275
3936.252934 1339.107283
3543.798497 1527.850150
3908.662730 1578.771788
3595.659712 1316.183858
3628.305629 1320.530754
3624.416899 1350.362825
3591.726241 1345.981158
3651.547032 1323.625413
3684.299139 1327.986450
3680.487363 1357.878184
3647.690210 1353.482244
3707.616203 1331.091183
3740.475020 1335.466428
3736.740720 1365.418058
3703.836552 1361.007774
3763.868115 1338.581285
3796.834164 1342.970809
3793.177866 1372.982565
3760.166158 1368.557867
3820.303663 1346.095839
3853.377469 1350.499710
3849.799705 1380.571828
3816.679928 1376.132646
3876.923747 1353.634965
3910.105839 1358.053254
3906.607143 1388.185967
3873.378766 1383.732228
3588.840463 1367.841853
3621.563938 1372.249081
3617.655145 1402.235065
3584.886717 1397.792742
3644.860654 1375.386704
3677.690847 1379.808304
3673.859372 1409.854513
3640.983920 1405.397681
3701.063600 1382.956168
3734.001032 1387.392212
3730.247402 1417.498878
3697.264403 1413.027467
3757.450195 1390.550367
3790.495394 1395.000924
3786.820140 1425.168285
3753.729063 1420.682221
3814.021342 1398.169421
3847.174838 1402.634564
3843.578493 1432.862854
3810.378807 1428.362066
3870.777949 1405.813454
3904.040274 1410.293254
3900.523378 1440.582710
3867.214547 1436.067126
3581.986046 1419.766262
3614.787446 1424.234386
3610.858433 1454.375480
3578.011867 1449.871930
3638.139737 1427.415376
3671.048385 1431.898110
3667.197059 1462.099994
3634.242936 1457.581698
3694.477092 1435.089510
3727.493516 1439.586924
3723.720405 1469.849835
3690.658197 1465.316720
3750.999014 1442.788784
3784.123743 1447.300951
3780.429383 1477.625128
3747.258557 1473.077119
3807.706410 1450.513323
3840.939978 1455.040317
3837.324908 1485.425998
3804.044927 1480.863023
3864.600195 1458.263252
3897.943140 1462.805144
3894.407902 1493.252571
3861.018227 1488.674557
3575.096186 1471.959150
3607.975881 1476.488744
3604.026492 1506.786153
3571.101417 1502.220803
3631.384011 1479.713509
3664.371489 1484.257951
3660.500157 1514.616723
3627.466988 1510.036384
3687.856417 1487.493296
3720.952208 1492.052659
3717.159465 1522.473033
3684.017670 1517.877632
3744.514311 1495.298636
3777.718951 1499.872994
3774.005338 1530.355213
3740.754378 1525.744676
3801.358611 1503.129656
3834.672636 1507.719084
3831.038694 1538.263389
3797.678031 1533.637640
3858.390236 1510.986483
3891.814189 1515.591054
3888.260465 1546.197690
3854.789555 1541.556654
