4368 2912
3587.918917 1056.374482
4259.836011 1348.163243
3310.449302 1484.439813
3905.492729 1837.343532
3599.261117 1106.361904
3658.332561 1132.666301
3616.525775 1196.027720
3558.408652 1168.898371
3692.093242 1147.699866
3754.114045 1175.317606
3710.739245 1240.007016
3649.736680 1211.530728
3789.581580 1191.111229
3854.778275 1220.143189
3809.728037 1286.215453
3745.619679 1256.289367
3892.085456 1236.756003
3960.708385 1267.313658
3913.864655 1334.826920
3846.407131 1303.337428
4000.002145 1284.811092
4072.328673 1317.017951
4023.561382 1386.033873
3952.485210 1352.855178
4113.772018 1335.472591
4190.110272 1369.465865
4139.275735 1440.049881
4064.281724 1405.042322
3535.035850 1204.677180
3592.610120 1232.273746
3551.514424 1294.557452
3494.867755 1266.166023
3625.508342 1248.042561
3685.931885 1277.004845
3643.312894 1340.567038
3583.878436 1310.778362
3720.478519 1293.563778
3783.968206 1323.995730
3739.722655 1388.887812
3677.289427 1357.596146
3820.290321 1341.405689
3887.085602 1373.422081
3841.100115 1439.698407
3775.435295 1406.787061
3925.323676 1391.750399
3995.689601 1425.478278
3947.839383 1493.196351
3878.685410 1458.536236
4035.999330 1444.799584
4110.230062 1480.379945
4060.377389 1549.600637
3987.448586 1513.048568
3471.884865 1301.347959
3528.003826 1330.189584
3487.601232 1391.422839
3432.384086 1361.815282
3560.063974 1346.666489
3618.935926 1376.922977
3577.053159 1439.387162
3519.142183 1408.335168
3652.588288 1394.218180
3714.420897 1425.996261
3670.958663 1489.739502
3610.151802 1457.134728
3749.787096 1444.172268
3814.809450 1477.589678
3769.658833 1542.662753
3705.733307 1508.385744
3852.023826 1496.715532
3920.489275 1531.902477
3873.530501 1598.358972
3806.240080 1562.277699
3959.700579 1552.054628
4031.890032 1589.155477
3982.991050 1657.051963
3912.062880 1619.020121
3409.781431 1396.415159
3464.485486 1426.456541
3424.758607 1486.665700
3370.931476 1455.886210
3495.731083 1443.615433
3553.095480 1475.117773
3511.930023 1536.512157
3455.499492 1504.243987
3585.879233 1493.121362
3646.102867 1526.193887
3603.403333 1588.818528
3544.175854 1554.951004
3680.541220 1545.106117
3743.843318 1579.869218
3699.505039 1643.771513
3637.267391 1608.182711
3780.064766 1599.760656
3846.687558 1636.347355
3800.595545 1701.577199
3735.112268 1664.132478
3884.834259 1657.296069
3955.046065 1695.853718
3907.073666 1762.463638
3838.084089 1723.013941
