4368 2912
353.204610 1315.157987
1073.363465 1238.502883
436.387780 1797.376352
1169.133977 1669.799625
411.110080 1354.289109
481.703798 1346.369822
492.250003 1404.592440
421.481229 1413.116457
531.997521 1340.727813
600.272968 1333.068592
611.100976 1390.276981
542.665131 1398.519998
648.928532 1327.610354
714.998060 1320.198595
726.084149 1376.427392
659.867745 1384.403080
762.094217 1314.915292
826.063031 1307.739195
837.385304 1363.021299
773.282098 1370.742454
871.673566 1302.622551
933.640288 1295.671051
945.178514 1350.037733
883.088938 1357.516349
977.834402 1290.713303
1037.891574 1283.976018
1049.627049 1337.457030
989.457692 1344.704358
429.268032 1457.284858
500.167711 1448.303866
510.859184 1507.328461
439.783455 1516.930560
550.673601 1441.906192
619.229335 1433.222111
630.204004 1491.205365
561.487111 1500.488793
668.079202 1427.034209
734.405334 1418.632556
745.639116 1475.610457
679.165552 1484.590819
781.679313 1412.644274
845.882869 1404.511491
857.353547 1460.518202
793.015225 1469.210100
891.656004 1398.713324
953.837269 1390.836709
965.524330 1445.904682
903.219995 1454.321794
998.179915 1385.219745
1058.432955 1377.587381
1070.317443 1431.747474
1009.952143 1439.902629
447.678960 1561.715537
518.886330 1551.644060
529.726093 1611.487316
458.341688 1622.196790
569.605488 1544.470409
638.442831 1534.734146
649.567162 1593.508114
580.567911 1603.859754
687.487829 1527.797286
754.071530 1518.379775
765.455978 1576.121851
698.724304 1586.133295
801.523912 1511.668172
865.962860 1502.554011
877.584882 1559.299669
813.010812 1568.987419
911.898961 1496.056870
974.295139 1487.231637
986.133932 1543.014556
923.614492 1552.394059
1018.786490 1480.938839
1079.235518 1472.389007
1091.271874 1527.241196
1030.710537 1536.326934
466.348187 1667.611343
537.864961 1656.419704
548.856117 1717.098773
477.161338 1728.945826
588.798472 1648.449133
657.918725 1637.632526
669.195800 1697.213495
599.912906 1708.662001
707.159659 1629.926826
774.001865 1619.466709
785.540030 1677.988437
718.549330 1689.058175
821.633208 1612.012895
886.308160 1601.891930
898.084540 1659.391256
833.274132 1670.100716
932.407565 1594.677847
995.018983 1584.879806
1007.012484 1641.391686
944.277633 1651.758175
1039.659183 1577.894073
1100.304276 1568.403740
1112.495431 1623.961379
1051.738005 1634.001112
