4368 2912
523.431773 2061.095949
1225.371681 1951.738598
585.849220 2567.840838
1312.706342 2398.349943
580.042877 2100.835976
647.525844 2089.870899
655.487651 2148.573826
587.685421 2160.210297
698.364095 2081.610366
763.475851 2071.030579
771.967081 2128.583193
706.561005 2139.808427
812.543325 2063.057774
875.406690 2052.843320
884.386046 2109.289431
821.251310 2120.124849
922.794320 2045.143466
983.523776 2035.275746
992.953229 2090.656727
931.973541 2101.122288
1029.316373 2027.835062
1088.018758 2018.296713
1097.863255 2072.651677
1038.930127 2082.766001
1132.295520 2011.102334
1189.070658 2001.877136
1199.297855 2055.243094
1142.309960 2065.023569
593.777537 2207.539463
661.833572 2195.362718
669.965280 2255.318330
601.584875 2268.194051
713.093781 2186.191123
778.733714 2174.446674
787.402886 2233.205360
721.464231 2245.621311
828.190127 2165.597817
891.540375 2154.263043
900.704582 2211.871163
837.079185 2223.851538
939.286555 2145.720185
1000.464868 2134.774019
1010.085071 2191.275312
948.653305 2202.842636
1046.588018 2126.521558
1105.704207 2115.944352
1115.744456 2171.380128
1056.394797 2182.555400
1150.285699 2107.967728
1207.442295 2097.741137
1217.869444 2152.150455
1160.497807 2162.953274
607.809064 2316.549286
676.447345 2303.111021
684.754449 2364.359846
615.786582 2378.525999
728.136048 2292.991209
794.312066 2280.035015
803.164834 2340.038088
736.685607 2353.693070
844.163040 2270.275001
908.006952 2257.775397
917.361776 2316.581782
853.238877 2329.752768
956.116488 2248.356328
1017.749437 2236.289594
1027.566237 2293.945539
965.676572 2306.657815
1064.207220 2227.193912
1123.742097 2215.537946
1133.983994 2272.087094
1074.212895 2284.364212
1168.631753 2206.749278
1226.173898 2195.483458
1236.806922 2250.967037
1179.047439 2262.830963
622.147188 2427.941034
691.377087 2413.188987
699.865325 2475.773322
630.300513 2491.283579
743.500953 2402.082026
810.221115 2387.864773
819.263372 2449.152185
752.235432 2464.096818
860.472366 2377.156844
924.816832 2363.445823
934.368284 2423.488252
869.740932 2437.897646
973.294599 2353.115802
1035.388034 2339.884448
1045.407521 2398.730806
983.054065 2412.633209
1082.184573 2329.912677
1142.143071 2317.136252
1152.592754 2374.832654
1092.395260 2388.254361
1187.344347 2307.504411
1245.276152 2295.159849
1256.121208 2351.749821
1197.969761 2364.715339
