4368 2912
3260.625943 2082.991401
3943.339681 2138.701792
3256.128554 2552.532594
4001.964183 2623.480580
3300.142276 2124.753064
3366.140870 2130.208857
3366.899326 2190.721809
3300.142746 2185.088333
3406.414889 2133.538120
3472.815065 2139.027110
3474.804761 2199.827766
3407.637304 2194.159617
3513.334513 2142.376662
3580.139948 2147.899152
3583.376001 2208.989909
3515.793862 2203.286767
3620.907076 2151.269179
3688.121492 2156.825478
3692.619227 2218.208761
3624.618554 2212.470299
3729.138577 2160.216167
3796.765741 2165.806586
3802.540697 2227.484847
3734.117590 2221.710737
3838.035088 2169.218128
3906.078814 2174.842983
3913.146748 2236.818705
3844.297257 2231.008612
3300.143046 2223.698416
3367.384697 2229.446966
3368.172163 2292.274449
3300.143532 2286.336930
3408.419603 2232.955077
3476.078136 2238.739268
3478.144175 2301.872774
3409.688830 2295.898012
3517.367843 2242.269162
3585.447146 2248.089324
3588.807753 2311.531458
3519.921667 2305.519102
3626.994033 2251.641205
3695.498042 2257.497676
3700.169444 2321.251075
3630.848536 2315.200766
3737.304522 2261.071750
3806.237225 2266.964870
3812.235871 2331.032199
3742.476014 2324.943580
3848.305737 2270.561345
3917.671171 2276.491459
3925.013748 2340.875420
3854.810758 2334.748123
3300.143845 2326.435086
3368.676279 2332.495054
3369.494451 2397.772445
3300.144350 2391.511295
3410.501375 2336.193431
3479.466880 2342.291691
3481.613740 2407.894936
3411.820155 2401.593746
3521.556696 2346.013475
3590.959389 2352.150395
3594.451884 2418.082327
3524.210545 2411.740712
3633.316445 2355.895810
3703.160496 2362.071757
3708.015818 2428.335244
3637.322403 2421.952815
3745.787345 2365.841028
3816.076979 2372.056376
3822.312567 2438.654322
3751.162698 2432.230683
3858.976208 2375.849732
3929.715701 2382.104858
3937.349247 2449.040204
3865.738488 2442.574955
3300.144674 2433.185244
3370.018417 2439.576826
3370.869127 2507.450271
3300.145201 2500.844268
3412.664735 2443.477826
3482.988699 2449.910593
3485.221219 2518.131384
3414.036026 2511.482296
3525.910244 2453.836770
3596.688795 2460.311119
3600.321098 2528.882344
3528.670113 2522.189749
3639.888243 2464.262715
3711.125801 2470.779052
3716.176125 2539.703840
3644.054761 2532.967308
3754.605858 2474.756316
3826.306905 2481.315049
3832.793758 2550.596566
3760.197366 2543.815665
3870.070314 2485.318234
3942.239388 2491.919778
3950.181548 2561.561230
3877.105422 2554.735519
