2912 4368
603.426625 2065.145210
983.306140 2038.525868
661.127586 2318.383479
1055.501911 2271.289137
629.456860 2083.215794
671.085083 2080.143285
679.515451 2114.867242
637.651318 2118.237560
692.817408 2078.539258
733.465096 2075.539120
742.240068 2109.817530
701.369044 2113.107895
754.688527 2073.972655
794.389920 2071.042362
803.491147 2104.886445
763.578308 2108.099671
815.122125 2069.512152
853.909888 2066.649293
863.320010 2100.069858
824.332050 2103.208626
874.167727 2065.154096
912.073039 2062.356368
921.775623 2095.363826
883.680764 2098.430693
931.872607 2060.894996
968.925244 2058.160202
978.904730 2090.764586
941.672632 2093.761996
642.185138 2137.614362
684.179383 2134.077579
692.800493 2169.587189
650.566491 2173.434888
706.099847 2132.231422
747.094003 2128.778866
756.065125 2163.823508
714.844157 2167.578915
768.495529 2126.976416
808.524903 2123.605114
817.827150 2158.196720
777.583202 2161.863118
829.425702 2121.844835
868.523954 2118.551954
878.139475 2152.702007
838.838216 2156.282521
888.941397 2116.832383
927.140642 2113.615216
937.052548 2147.334771
898.661240 2150.832386
947.091304 2111.934958
984.422196 2108.790925
994.614505 2142.090628
957.101908 2145.508188
655.204308 2193.256158
697.570550 2189.234639
706.388949 2225.556869
663.779024 2229.903086
719.682152 2187.135745
761.028170 2183.211069
770.202091 2219.047924
728.625722 2223.288717
782.610495 2181.162415
822.972704 2177.331125
832.482707 2212.695295
791.902740 2216.834455
844.044530 2175.330929
883.457631 2171.589731
893.285351 2206.493420
853.666391 2210.534558
904.036858 2169.636294
942.533939 2165.982046
952.662014 2200.436995
913.970324 2204.383550
962.637641 2164.073748
1000.250268 2160.503455
1010.662281 2194.520962
972.865684 2198.376219
668.524459 2250.184294
711.268794 2245.656526
720.291334 2282.819595
677.299307 2287.686555
733.574593 2243.293747
775.277968 2238.876244
784.661644 2275.532483
742.724313 2280.280045
797.043843 2236.570656
837.743826 2232.259441
847.468622 2268.422350
806.547648 2273.054854
858.989147 2230.008994
898.721520 2225.800273
908.768541 2261.482824
868.827418 2266.004404
919.464740 2223.603012
958.263603 2219.493175
968.614998 2254.707840
929.618950 2259.122431
978.522313 2217.347237
1016.420184 2213.332840
1027.059082 2248.091613
988.974958 2252.402968
