4368 2912
948.783777 2438.908421
1571.594150 2391.451483
973.180325 2866.634461
1643.212275 2776.336181
991.695580 2473.257067
1055.026838 2468.122154
1059.104703 2519.368761
995.146256 2525.009034
1096.087273 2464.792965
1157.633945 2459.802748
1162.703386 2510.232753
1100.565585 2515.712470
1197.545459 2456.566714
1257.381925 2451.715160
1263.386194 2501.353887
1202.992391 2506.679806
1296.192075 2448.568425
1354.388641 2443.849835
1361.274522 2492.721456
1302.552313 2497.899963
1392.142393 2440.788752
1448.765563 2436.197733
1456.483122 2484.325340
1399.364053 2489.362472
1485.505470 2433.218854
1540.618199 2428.750302
1549.120545 2476.155968
1493.539852 2481.057436
997.624813 2562.181509
1062.033302 2556.172520
1066.258689 2609.273046
1001.201447 2615.822537
1103.781449 2552.277627
1166.343188 2546.440931
1171.593350 2598.668716
1108.420825 2605.028468
1206.902844 2542.656918
1267.696136 2536.985209
1273.911375 2588.368079
1212.542837 2594.546218
1307.117339 2533.307409
1366.216121 2527.793789
1373.340523 2578.358273
1313.699789 2584.362470
1404.546141 2524.217791
1462.020286 2518.855741
1470.001440 2568.627153
1412.016554 2574.464651
1499.303808 2515.377376
1555.219400 2510.160732
1564.008144 2559.163239
1507.611092 2564.840886
1003.771308 2654.364366
1069.294200 2647.420365
1073.675263 2702.477264
1007.480924 2709.999809
1111.753396 2642.920615
1175.364072 2636.179267
1180.804793 2690.302708
1116.562684 2697.603395
1216.593130 2631.809885
1278.374094 2625.262447
1284.811621 2678.483027
1222.436633 2685.571528
1318.425709 2621.017848
1378.454787 2614.656072
1385.830320 2667.002926
1325.242222 2673.888359
1417.378688 2610.530986
1475.729352 2604.347085
1483.987839 2655.847979
1425.110931 2662.538947
1513.572506 2600.336535
1570.314179 2594.323152
1579.404040 2645.004565
1522.166838 2651.509191
1010.147230 2749.988075
1076.823648 2742.043083
1081.369150 2799.166499
1013.997384 2807.731269
1120.018432 2736.896102
1184.713629 2729.187187
1190.355476 2785.311397
1125.007140 2793.618933
1226.634402 2724.192015
1289.435387 2716.708809
1296.107345 2771.867480
1232.692633 2779.929202
1330.137694 2711.858826
1391.126459 2704.591560
1398.766639 2758.816714
1337.200980 2766.643371
1430.662661 2699.880527
1489.916530 2692.819986
1498.467061 2746.142100
1438.670746 2753.743826
1528.336032 2688.242016
1585.927993 2681.379505
1595.334715 2733.827608
1537.232550 2741.213961
