4368 2912
590.327948 1545.004823
1427.191063 1540.550164
697.626716 2123.936048
1582.810250 2042.548279
652.036615 1591.971448
743.539514 1590.858662
758.807249 1664.154858
666.521226 1666.291527
796.950702 1590.209117
884.615911 1589.143001
901.038143 1660.861830
812.663074 1662.907951
935.810302 1588.520415
1019.874290 1587.498095
1037.343181 1657.706003
952.635620 1659.667210
1068.987087 1586.900825
1149.667285 1585.919655
1168.085147 1654.678974
1086.821441 1656.560447
1196.822911 1585.346186
1274.319595 1584.403732
1293.597802 1651.773018
1215.572118 1653.579523
1319.632754 1583.852670
1394.130698 1582.946684
1414.188729 1648.981014
1339.211321 1650.716943
675.601829 1712.883814
768.376526 1710.094321
784.184052 1785.981904
690.605762 1789.868522
822.509665 1708.466679
911.327240 1705.796167
928.317475 1779.995563
838.772980 1783.714644
963.175863 1704.237214
1048.284201 1701.678229
1066.344456 1774.262843
980.578442 1777.824992
1097.989929 1700.183708
1179.616630 1697.729405
1198.645008 1768.767961
1116.423264 1772.182904
1227.309620 1696.295402
1305.664041 1693.939489
1325.568257 1763.496416
1246.675532 1766.773093
1351.464115 1692.562401
1426.739155 1690.299077
1447.435506 1758.434863
1371.673640 1761.581506
700.014874 1838.146377
794.094660 1833.560010
810.471118 1912.178877
715.566569 1917.941631
848.967881 1830.884954
938.965544 1826.497588
956.553767 1903.308511
865.811633 1908.818515
991.483433 1823.937354
1077.659010 1819.736315
1096.341175 1894.820399
1009.493500 1900.093927
1127.970024 1817.283666
1210.561926 1813.257330
1230.231687 1886.690359
1147.033031 1891.742311
1258.802302 1810.905623
1338.029515 1807.043316
1358.590734 1878.896196
1278.815855 1883.740251
1384.324504 1804.786446
1460.388530 1801.078343
1481.754164 1871.417520
1405.195986 1876.066252
725.322345 1967.998204
820.741653 1961.484890
837.718320 2042.985196
741.452355 2050.760774
876.373658 1957.687454
967.579925 1951.461721
985.798273 2031.024508
893.829485 2038.452995
1020.782505 1947.830118
1108.048724 1941.873332
1127.385485 2019.588251
1039.432433 2026.692380
1158.977611 1938.396931
1242.553690 1932.692034
1262.897819 2008.642673
1178.703114 2015.443232
1291.351585 1929.361094
1371.466734 1923.892439
1392.718031 1998.156857
1312.045819 2004.672899
1418.264640 1920.698019
1495.129472 1915.451231
1517.197388 1988.102433
1439.831144 1994.351445
