4368 2912
3639.045109 1820.761262
4251.025383 1844.188550
3564.950808 2171.664448
4185.323368 2204.681063
3669.506460 1852.888618
3726.612461 1855.143415
3717.077811 1901.347454
3659.871867 1898.977334
3763.608545 1856.604183
3821.166094 1858.876807
3811.798218 1905.271848
3754.138957 1902.882947
3858.455292 1860.349148
3916.469765 1862.639815
3907.271618 1909.227439
3849.153629 1906.819533
3954.055574 1864.123868
4012.532433 1866.432791
4003.507024 1913.214601
3944.924814 1910.787461
4050.418407 1867.928696
4109.363204 1870.256095
4100.513599 1917.233714
4041.461582 1914.787109
4147.552952 1871.763994
4206.971325 1874.110093
4198.300647 1921.285163
4138.773148 1918.818858
3653.437077 1929.759245
3710.709717 1932.206651
3701.106344 1978.743714
3643.733207 1976.179355
3747.814281 1933.792224
3805.541421 1936.259053
3796.105756 1982.989822
3738.276333 1980.405069
3842.941023 1937.857233
3901.128095 1940.343716
3891.863121 1987.269808
3833.571946 1984.664417
3938.826266 1941.954655
3997.478788 1944.461027
3988.387545 1991.584079
3929.629066 1988.957801
4035.479119 1946.084879
4094.602700 1948.611381
4085.688283 1995.933048
4026.456857 1993.285631
4132.908838 1950.248300
4192.509173 1952.795175
4183.774736 2000.317135
4124.064631 1997.648324
3637.252066 2007.182996
3694.692268 2009.825735
3685.019427 2056.699433
3627.478171 2053.938086
3731.905919 2011.537880
3789.803602 2014.201667
3780.299410 2061.271823
3722.298868 2058.488436
3827.314232 2015.927475
3885.674884 2018.612562
3876.342352 2065.880826
3817.877004 2063.075133
3923.486061 2020.352198
3982.315257 2023.058843
3973.157456 2070.526884
3914.221691 2067.698616
4020.430608 2024.812474
4079.734014 2027.540935
4070.754071 2075.210446
4011.342189 2072.359331
4118.157225 2029.308731
4177.940598 2032.059276
4169.141697 2079.931968
4109.247907 2077.057726
3620.950176 2085.165864
3678.558869 2088.006701
3668.815803 2135.220701
3611.105493 2132.259575
3715.882216 2089.847214
3773.951402 2092.710758
3764.377933 2140.124011
3706.205309 2137.139163
3811.573688 2094.566013
3870.108910 2097.452539
3860.708079 2145.066729
3802.067564 2142.057873
3908.033741 2099.322712
3967.040631 2102.232497
3957.815539 2150.049330
3898.701464 2147.016176
4005.271672 2104.117771
4064.755955 2107.051098
4055.709760 2155.072300
3996.116366 2152.014552
4103.296929 2108.951656
4163.264421 2111.908811
4154.400341 2160.136131
4094.321774 2157.053489
