4368 2912
515.545024 535.185531
1199.813833 414.533976
701.252091 1020.114804
1381.913623 846.997826
577.540502 570.865462
647.561697 558.069206
671.076389 618.408071
601.081024 631.876792
692.832042 549.796127
760.502105 537.429537
783.965531 596.685600
716.327609 609.700694
804.265063 529.431929
869.700453 517.473722
893.103043 575.685028
827.705438 588.269034
912.030078 509.738054
975.339690 498.168329
998.672882 555.370960
935.406104 567.544945
1016.305263 490.681939
1077.591029 479.482069
1100.847175 535.710272
1039.608753 547.493955
1117.257437 472.233099
1176.614875 461.385627
1199.787151 516.671941
1140.481080 528.083796
617.780327 675.157337
687.756440 661.209198
711.522754 722.193728
641.575404 736.828412
732.993494 652.192226
800.607724 638.714874
824.317955 698.594233
756.738764 712.733440
844.330703 629.999697
909.700644 616.969693
933.345282 675.783068
868.015988 689.451543
951.984310 608.541411
1015.219876 595.936846
1038.790430 653.721383
975.600517 666.942247
1056.134147 587.781521
1117.338192 575.581893
1140.827089 632.372836
1079.673161 645.167723
1156.948530 567.686477
1216.217403 555.872582
1239.617898 611.703400
1180.403117 624.092570
658.455774 780.578239
728.381770 765.454082
752.403767 827.094695
682.509557 842.919817
773.582240 755.677761
841.135663 741.066764
865.096613 801.579305
797.581217 816.865827
884.815412 731.619357
950.114994 717.495839
974.005456 776.920671
908.749465 791.695629
992.349496 708.361021
1055.506182 694.700986
1079.317738 753.076354
1016.209604 767.365004
1096.365996 685.863497
1157.483564 672.644498
1181.208724 730.006671
1120.144122 743.832634
1197.034732 664.090053
1256.210367 651.291072
1279.842469 707.674477
1220.723723 721.059868
699.573954 887.146600
769.444645 870.821708
793.726473 933.129049
723.890686 950.169677
814.605138 860.270214
882.092627 844.502144
906.308294 905.657963
838.861908 922.115553
925.725798 834.307500
990.949970 819.068241
1015.090108 879.114117
949.912559 895.018088
1033.132009 809.212646
1096.204841 794.476035
1120.261116 853.451343
1057.239817 868.829168
1137.006956 784.942852
1198.033159 770.684425
1221.998164 828.626490
1161.027856 843.503852
1237.521971 761.458087
1296.599570 747.654940
1320.466734 804.599177
1261.448899 819.000117
