4368 2912
714.555846 2074.216355
1332.218767 1987.418799
746.147501 2516.967958
1390.614801 2390.737989
754.700999 2106.069361
820.002543 2096.602198
824.827857 2153.781739
759.132275 2163.777247
857.716525 2091.134572
921.382035 2081.904594
926.805227 2138.266000
862.766223 2148.009461
958.157038 2076.573098
1020.247236 2067.571503
1026.237248 2123.137532
963.792943 2132.638361
1056.117897 2062.371114
1116.690535 2053.589529
1123.218042 2108.382016
1062.309603 2117.649165
1151.689808 2048.515471
1210.799851 2039.945928
1217.837148 2093.985827
1158.408600 2103.027813
1244.959105 2034.993652
1302.658894 2026.628562
1310.179796 2079.936000
1252.177852 2088.760929
761.957484 2200.569534
827.904020 2190.233997
832.834261 2248.656919
766.485914 2259.542638
865.985270 2184.265676
930.262073 2174.191830
935.801685 2231.763138
871.144252 2242.371430
967.385200 2168.373671
1030.054891 2158.551701
1036.171865 2215.295485
973.141521 2225.636822
1066.255604 2152.878108
1127.377714 2143.298685
1134.041848 2199.238036
1072.577938 2209.322370
1162.689970 2137.764336
1222.321122 2128.418584
1229.503902 2183.575655
1169.548750 2193.412448
1256.777233 2123.018416
1314.971324 2113.897889
1322.645813 2168.293938
1264.144539 2177.892194
769.373404 2297.146020
835.977681 2285.906166
841.016310 2345.613469
774.002219 2357.426412
874.433344 2279.416552
939.333138 2268.464339
944.992958 2327.284932
879.705196 2338.793566
976.810942 2262.139745
1040.070857 2251.464271
1046.318872 2309.423655
982.691580 2320.639588
1076.607630 2245.298481
1138.289044 2234.889388
1145.094140 2292.011994
1083.064769 2302.946253
1173.919789 2228.876496
1234.081055 2218.723937
1241.413876 2275.033183
1180.922977 2285.696248
1268.839061 2212.858324
1327.535691 2202.952931
1335.368520 2258.471280
1276.359559 2268.873115
776.954074 2395.868008
844.229217 2383.686131
849.379847 2444.720641
781.686648 2457.499645
883.066642 2376.653627
948.601461 2364.786880
954.385445 2424.897868
888.455110 2437.344081
986.440677 2357.935127
1050.301839 2346.371439
1056.685153 2405.585907
992.449705 2417.712163
1087.180842 2339.693557
1149.431652 2328.421463
1156.382232 2386.765267
1093.777144 2398.583746
1185.386532 2321.910917
1246.087142 2310.919527
1253.574755 2368.417432
1192.538736 2379.939705
1281.152206 2304.570105
1340.359809 2293.849062
1348.355930 2350.524807
1288.830723 2361.761872
