2912 4368
317.743360 2686.880909
841.413230 2668.566852
324.653000 3023.131278
884.055919 2975.789131
348.055201 2711.598146
405.820883 2709.359191
407.732800 2754.788137
349.401914 2757.439540
435.949605 2708.191424
492.249734 2706.009273
494.988832 2750.821955
438.152388 2753.405428
521.618897 2704.870946
576.508550 2702.743465
580.032742 2746.956323
524.634036 2749.474446
605.146521 2701.633478
658.678043 2699.558637
662.947601 2743.187467
608.932761 2745.642687
686.611791 2698.475945
738.834973 2696.451813
743.812372 2739.511796
691.130184 2741.906441
766.090159 2695.395422
817.052387 2693.420165
822.702159 2735.925898
771.303906 2738.262181
350.150237 2782.912096
408.795049 2780.028178
410.767114 2826.886296
351.539687 2830.208246
439.376156 2778.524321
496.510357 2775.714688
499.334497 2821.918725
441.647921 2825.154253
526.308785 2774.249321
581.989998 2771.511140
585.622199 2817.079018
529.417116 2820.231450
611.035416 2770.082802
665.318373 2767.413383
669.717117 2812.362299
614.937181 2815.434797
693.638966 2766.020688
746.575682 2763.417472
751.701789 2807.763939
698.293474 2810.759506
774.198249 2762.059103
825.838190 2759.519657
831.654661 2803.279539
779.567089 2806.201029
352.311948 2856.495612
411.863046 2852.926656
413.898142 2901.282464
353.746202 2905.316880
442.910315 2851.065963
500.903632 2847.590367
503.816840 2895.251579
445.254355 2899.179390
531.144031 2845.778030
587.639903 2842.392178
591.385154 2889.378334
534.349945 2893.203710
617.104483 2840.626337
672.160166 2837.326796
676.694049 2883.656630
621.127141 2887.383526
700.878404 2835.605685
754.548277 2832.389196
759.829857 2878.080676
705.675271 2881.712847
782.548174 2830.711135
834.883909 2827.574604
840.874566 2872.644973
788.079134 2876.185985
354.543567 2932.458785
415.029383 2928.161821
417.130583 2978.088290
356.024829 2982.880152
446.557232 2925.922055
505.435854 2921.739268
508.442412 2970.927692
448.977051 2975.590916
536.131503 2919.558623
593.466149 2915.485519
597.329813 2963.957217
539.439667 2968.496913
623.362118 2913.361684
679.212733 2909.394008
683.888078 2957.169389
627.511376 2961.590403
708.339870 2907.324791
762.763336 2903.458501
768.207570 2950.557125
713.285728 2954.864050
791.150920 2901.441823
844.201249 2897.673082
850.374037 2944.113699
796.851455 2948.310896
