4368 2912
3428.546764 1570.707363
3620.174178 1581.935198
3432.359139 1691.420622
3630.484931 1697.647046
3442.254744 1583.165604
3459.715387 1584.146954
3460.292973 1598.168379
3442.760233 1597.239052
3473.076831 1584.897914
3490.293741 1585.865565
3490.996156 1599.795808
3473.709186 1598.879508
3503.469321 1586.606079
3520.447566 1587.560316
3521.271294 1601.400549
3504.224961 1600.497004
3533.441135 1588.290600
3550.185643 1589.231700
3551.127276 1602.983072
3534.316591 1602.092018
3563.000945 1589.951965
3579.516511 1590.880198
3580.572747 1604.543836
3563.992857 1603.665016
3592.157191 1591.590649
3608.448477 1592.506276
3609.616115 1606.083287
3593.262299 1605.216449
3443.178866 1608.894310
3460.771299 1609.780194
3461.357903 1624.020542
3443.692279 1623.188382
3474.232857 1610.458063
3491.577828 1611.331486
3492.291133 1625.477687
3474.875055 1624.657283
3504.850695 1611.999853
3521.953389 1612.861076
3522.789797 1626.914362
3505.618013 1626.105465
3535.041504 1613.520140
3551.906962 1614.369416
3552.862989 1628.330994
3535.930395 1627.533365
3564.814156 1615.019370
3581.447280 1615.856947
3582.519549 1629.728001
3565.821183 1628.941405
3594.177278 1616.497978
3610.582837 1617.324095
3611.768077 1631.105786
3595.299112 1630.329997
3444.117501 1635.027074
3461.843727 1635.814367
3462.439562 1650.278806
3444.639026 1649.547000
3475.406909 1636.416763
3492.881858 1637.192896
3493.606307 1651.560116
3476.059181 1650.838728
3506.253455 1637.786782
3523.482433 1638.551990
3524.331816 1652.823287
3507.032725 1652.112096
3536.666476 1639.137547
3553.654639 1639.892059
3554.625392 1654.068700
3537.569115 1653.367492
3566.655047 1640.469460
3583.407409 1641.213499
3584.496080 1655.296728
3567.677539 1654.605293
3596.227991 1641.782913
3612.749428 1642.516697
3613.952673 1656.507732
3597.366933 1655.825868
3445.070993 1661.573491
3462.933061 1662.258955
3463.538346 1676.952816
3445.600824 1676.324665
3476.599411 1662.783408
3494.206298 1663.459080
3494.942155 1678.052540
3477.261996 1677.433402
3507.678103 1663.976066
3525.035238 1664.642154
3525.897901 1679.136574
3508.469606 1678.526256
3538.316623 1665.151833
3555.429284 1665.808539
3556.415106 1680.205251
3539.233330 1679.603565
3568.524257 1666.311065
3585.397572 1666.958585
3586.503024 1681.258894
3569.562574 1680.665660
3598.310031 1667.454107
3614.948987 1668.092634
3616.170648 1682.297820
3599.466475 1681.712859
