4368 2912
881.791470 2173.367610
1345.424941 2109.380608
932.914295 2519.978966
1421.434169 2417.389955
918.508674 2200.757483
964.216596 2194.168345
970.849463 2234.462194
924.820095 2241.488399
996.360770 2189.534522
1040.637754 2183.151664
1047.791978 2222.717217
1003.215382 2229.521662
1071.783443 2178.661780
1114.695648 2172.475665
1122.335909 2211.338375
1079.144376 2217.931395
1144.888663 2168.123117
1186.498233 2162.124786
1194.591693 2200.308809
1152.721657 2206.700108
1215.781626 2157.903366
1256.146986 2152.084398
1264.663091 2189.612681
1224.054818 2195.811377
1284.561252 2147.988270
1323.737386 2142.340737
1332.647683 2179.235096
1293.244985 2185.249766
929.714571 2273.075028
975.992506 2265.705541
982.823810 2307.204873
936.216634 2315.036257
1008.529843 2260.524162
1053.337986 2253.388730
1060.702796 2294.118901
1015.588137 2301.699498
1084.850086 2248.370614
1128.257363 2241.458261
1136.118949 2281.446757
1092.426244 2288.788424
1158.791930 2236.595812
1200.863024 2229.896238
1209.187277 2269.169118
1166.850343 2276.282974
1230.464848 2225.182322
1271.260519 2218.685853
1280.015736 2257.267842
1238.972434 2264.164330
1299.971696 2214.113767
1339.549076 2207.811303
1348.705765 2245.725886
1308.897697 2252.414819
941.260076 2347.584241
988.121877 2339.389973
995.160660 2382.149708
947.961551 2390.832380
1021.061695 2333.630108
1066.413261 2325.699920
1073.998094 2367.646899
1028.332885 2376.047398
1098.300010 2320.124195
1142.213189 2312.445524
1150.305858 2353.609444
1106.100971 2361.741305
1173.096571 2307.045248
1215.638724 2299.606315
1224.203785 2340.015299
1181.390275 2347.891204
1245.565365 2294.373334
1286.799713 2287.163085
1295.804256 2326.843791
1254.317449 2334.475638
1315.813392 2282.089745
1355.799326 2275.097794
1365.212771 2314.075511
1324.991941 2321.474471
953.160864 2424.386284
1000.620867 2415.319792
1007.876725 2459.398233
960.071068 2468.981459
1033.972793 2408.948427
1079.880440 2400.178488
1087.695304 2443.397627
1041.466659 2452.664722
1112.150328 2394.013830
1156.580557 2385.526129
1164.914651 2427.918070
1120.186250 2436.884422
1187.820221 2379.558279
1230.843222 2371.339406
1239.659693 2412.934517
1196.359674 2421.614532
1261.101222 2365.559088
1302.782807 2357.596472
1312.047480 2398.423504
1270.108497 2406.830683
1332.104699 2351.994983
1372.506640 2344.276823
1382.187794 2384.363025
1341.546668 2392.510033
