2912 4368
2052.562769 3651.402197
2335.409352 3656.310070
2051.913498 3853.479605
2348.424168 3860.189034
2071.526134 3670.810896
2096.361664 3671.253082
2096.545562 3695.227300
2071.568487 3694.766875
2115.432829 3671.592636
2140.325708 3672.035842
2140.760627 3696.042358
2115.725546 3695.580863
2159.440936 3672.376180
2184.391363 3672.820412
2185.078466 3696.859309
2159.985179 3696.396742
2203.550807 3673.161538
2228.558980 3673.606797
2229.499438 3697.678162
2204.347741 3697.214517
2247.762795 3673.948712
2272.828916 3674.395003
2274.023905 3698.498922
2248.813593 3698.034197
2292.077256 3674.737712
2317.201527 3675.185038
2318.652227 3699.321597
2293.383097 3698.855787
2071.602232 3713.854259
2096.692088 3714.329345
2096.879783 3738.798419
2071.645459 3738.304389
2115.958778 3714.694167
2141.107163 3715.170361
2141.551071 3739.672981
2116.257541 3739.177792
2160.418825 3715.536034
2185.625946 3716.013340
2186.327266 3740.549596
2160.974320 3740.053243
2204.982736 3716.379868
2230.248798 3716.858291
2231.208737 3741.428272
2205.796167 3740.930752
2249.650877 3717.225676
2274.976086 3717.705218
2276.195857 3742.309017
2250.723453 3741.810325
2294.423612 3718.073464
2319.808178 3718.554130
2321.289000 3743.191837
2295.756547 3742.691970
2071.679904 3757.787538
2097.029349 3758.296796
2097.220958 3783.276208
2071.724031 3782.747267
2116.495613 3758.687865
2141.904806 3759.198324
2142.357982 3784.212588
2116.800610 3783.682394
2161.416979 3759.590314
2186.886131 3760.101979
2187.602113 3785.151190
2161.984079 3784.619737
2206.444375 3760.494895
2231.973700 3761.007767
2232.953730 3786.092021
2207.274820 3785.559305
2251.578178 3761.401613
2277.167888 3761.915699
2278.413220 3787.035090
2252.673215 3786.501107
2296.818766 3762.310476
2322.469076 3762.825778
2323.980967 3787.980406
2298.179649 3787.445150
2071.759198 3802.638617
2097.373660 3803.183381
2097.569308 3828.689263
2071.804255 3828.124046
2117.043677 3803.601719
2142.719142 3804.147781
2143.181882 3829.689883
2117.355105 3829.123311
2162.436034 3804.567117
2188.172723 3805.114480
2188.903831 3830.692902
2163.015108 3830.124972
2207.936658 3805.534816
2233.734789 3806.083487
2234.735550 3831.698330
2208.784657 3831.129035
2253.545935 3806.504827
2279.405729 3807.054809
2280.677434 3832.706173
2254.664147 3832.135510
2299.264255 3807.477157
2325.185933 3808.028455
2326.729880 3833.716443
2300.653974 3833.144406
