4368 2912
3486.269315 2031.852476
3900.824098 2091.302201
3424.295499 2287.270584
3849.265725 2362.106256
3505.451606 2057.495161
3543.545774 2063.057221
3535.689672 2096.624044
3497.477076 2090.883516
3568.155451 2066.650435
3606.835825 2072.298085
3599.179673 2106.161898
3560.376624 2100.332668
3631.825666 2075.946806
3671.105881 2081.682039
3663.656853 2115.848051
3624.249560 2109.928048
3696.484762 2085.387564
3736.378881 2091.212432
3729.144417 2125.685990
3689.118655 2119.673077
3762.155958 2094.976095
3802.678486 2100.892715
3795.666301 2135.679311
3755.007396 2129.571283
3828.863205 2104.715899
3870.029107 2110.726457
3863.247206 2145.831724
3821.940014 2139.626307
3492.168118 2113.111455
3530.459392 2118.971500
3522.495780 2152.997678
3484.084969 2146.954585
3555.197685 2122.757415
3594.082245 2128.708255
3586.320505 2163.039090
3547.312084 2156.901976
3619.205323 2132.553056
3658.697064 2138.596818
3651.144500 2173.237715
3611.524415 2167.004369
3684.213974 2142.501892
3724.327230 2148.640770
3716.991418 2183.597274
3676.745169 2177.265415
3750.247307 2152.607544
3790.996867 2158.843800
3783.885666 2194.121607
3742.998290 2187.688881
3817.329742 2162.873747
3858.730867 2169.209719
3851.852430 2204.814678
3810.308484 2198.278654
3478.703452 2169.486318
3517.193679 2175.652003
3509.120337 2210.147031
3470.509448 2203.793577
3542.061813 2179.635588
3581.152533 2185.897464
3573.283006 2220.705051
3534.067225 2214.252062
3606.410157 2189.943441
3646.115532 2196.303777
3638.457257 2231.429529
3598.622257 2224.874646
3671.771868 2200.413623
3712.106510 2206.874760
3704.667205 2242.324430
3664.198201 2235.665222
3738.171074 2211.049999
3779.150063 2217.614354
3771.937732 2253.393851
3730.819468 2246.627807
3805.632677 2221.856559
3847.271576 2228.526624
3840.294530 2264.642019
3798.511256 2257.766546
3465.053876 2226.635377
3503.744926 2233.114590
3495.559568 2268.088224
3456.746724 2261.416378
3528.744139 2237.300964
3568.043017 2243.881964
3560.063442 2279.176304
3520.638289 2272.399203
3593.436510 2248.134366
3633.357654 2254.819571
3625.591434 2290.440428
3585.539368 2283.555562
3659.154830 2259.139573
3699.713137 2265.931477
3692.168131 2301.884822
3651.474078 2294.889600
3725.923697 2270.320704
3767.134544 2277.221883
3759.818910 2313.513848
3718.467310 2306.405595
3793.768505 2281.682013
3835.647767 2288.695125
3828.569975 2325.332012
3786.544761 2318.107966
