2912 4368
2425.179143 2007.776555
2741.674324 2029.785786
2428.797448 2237.236611
2759.757527 2252.005569
2443.804761 2027.962358
2476.573708 2030.176456
2477.405119 2060.612509
2444.433779 2058.493095
2495.013455 2031.422374
2527.422288 2033.612140
2528.564870 2063.901085
2495.958115 2061.805106
2545.659948 2034.844404
2577.714572 2037.010237
2579.161463 2067.153460
2546.913279 2065.080530
2595.753448 2038.229069
2627.459639 2040.371360
2629.204147 2070.370229
2597.308651 2068.319971
2645.302964 2041.576979
2676.666371 2043.696109
2678.701967 2073.551975
2647.153406 2071.524017
2694.317308 2044.888729
2725.343461 2046.985072
2727.663775 2076.699265
2696.456518 2074.693247
2444.822043 2077.338296
2477.918292 2079.398594
2478.766635 2110.454455
2445.463916 2108.493012
2496.541177 2080.557901
2529.270068 2082.595331
2530.435787 2113.497633
2497.505035 2111.558098
2547.686816 2083.741806
2580.054431 2085.756746
2581.530458 2116.506975
2548.965477 2114.588983
2598.268447 2086.890600
2630.280734 2088.883420
2632.060177 2119.483043
2599.854905 2117.586237
2648.295347 2090.004860
2679.958126 2091.975923
2682.034262 2122.426385
2650.182772 2120.550416
2697.776592 2093.085153
2729.095556 2095.034813
2731.461827 2125.337539
2699.958321 2123.482066
2445.860156 2127.725343
2479.290311 2129.625060
2480.156107 2161.319856
2446.515283 2159.523366
2498.100007 2130.693948
2531.155338 2132.572365
2532.344904 2164.106846
2499.083655 2162.330626
2549.754726 2133.629303
2582.441499 2135.486776
2583.947552 2166.862534
2551.059491 2165.106243
2600.834086 2136.531961
2633.158433 2138.368839
2634.973871 2169.587444
2602.452751 2167.850749
2651.347649 2139.402468
2683.315563 2141.219091
2685.433462 2172.282091
2653.273177 2170.564665
2701.304763 2142.241353
2732.922107 2144.038055
2735.335715 2174.946974
2703.530292 2173.248499
2446.919747 2179.154879
2480.690614 2180.886908
2481.574407 2213.240562
2447.588543 2211.616343
2499.690906 2181.861389
2533.079251 2183.573800
2534.293404 2215.760058
2500.694959 2214.154353
2551.864935 2184.537274
2584.877220 2186.230397
2586.414225 2218.250966
2553.196612 2216.663462
2603.451912 2187.183050
2636.094455 2188.857210
2637.946992 2220.713770
2605.103774 2219.144159
2654.461689 2189.799223
2686.740668 2191.454736
2688.901603 2223.148944
2656.426485 2221.596925
2704.903901 2192.386286
2736.825354 2194.023463
2739.287732 2225.556950
2707.174561 2224.022228
