4368 2912
3350.119692 1722.046473
4029.883372 1768.430565
3328.294450 2158.046320
4045.942292 2227.442980
3388.653770 1762.179458
3451.577051 1766.616354
3449.545894 1822.979477
3386.192289 1818.282008
3492.188068 1769.479951
3555.957135 1773.976486
3554.647733 1830.772445
3490.436549 1826.011390
3597.115866 1776.878703
3661.747888 1781.436088
3661.180072 1838.671480
3596.093778 1833.845538
3703.465487 1784.377713
3768.978099 1788.997190
3769.172315 1846.678763
3703.192899 1841.786598
3811.266030 1791.979031
3877.677352 1796.661879
3878.654678 1854.796533
3811.763630 1849.836774
3920.547389 1799.684764
3987.876043 1804.432296
3989.658219 1863.027093
3921.836512 1857.998330
3384.545674 1855.811969
3448.187081 1860.685531
3446.108025 1918.377824
3382.026386 1913.232079
3489.264775 1863.831198
3553.771694 1868.771040
3552.431203 1926.915557
3487.471842 1921.699332
3595.409943 1871.959632
3660.800152 1876.967115
3660.218760 1935.570881
3594.363521 1930.282716
3703.010507 1880.199520
3769.302272 1885.276041
3769.501162 1944.346240
3702.731383 1938.984637
3812.096606 1888.553166
3879.308703 1893.700165
3880.309721 1953.244149
3812.606218 1947.807568
3922.699220 1897.022946
3990.850947 1902.241900
3992.676632 1962.267193
3924.019681 1956.754051
3380.340872 1951.648624
3444.716979 1956.978339
3442.588309 2016.047379
3377.761715 2010.433257
3486.272196 1960.418707
3551.534240 1965.821768
3550.161537 2025.363453
3484.436362 2019.671511
3593.663308 1969.309645
3659.829703 1974.787578
3659.234245 2034.809383
3592.591674 2029.037993
3702.544592 1978.323956
3769.634267 1983.878328
3769.838004 2044.387906
3702.258697 2038.535393
3812.947281 1987.464224
3880.979698 1993.096645
3882.005281 2054.101834
3813.469345 2048.166474
3924.903489 1996.733108
3993.898658 2002.445236
3995.769464 2063.954056
3926.256443 2057.934079
3376.035909 2049.768177
3441.163869 2055.574565
3438.983787 2116.070229
3373.394724 2109.966558
3483.207838 2059.322933
3549.242890 2065.210190
3547.836801 2126.200011
3481.327544 2120.010708
3591.874487 2069.010948
3658.835716 2074.980778
3658.225672 2136.472719
3590.776718 2130.195969
3702.067345 2078.835029
3769.974372 2084.889181
3770.183136 2146.891400
3701.774427 2140.525334
3813.818793 2088.798066
3882.691800 2094.938337
3883.742864 2157.459185
3814.353771 2151.001887
3927.162133 2098.903024
3997.021880 2105.131267
3998.939502 2168.179300
3928.548796 2161.628793
