4368 2912
3599.708769 1870.004363
4071.525085 2028.327002
3434.229137 2198.057479
3863.211716 2407.776530
3610.697668 1906.720307
3650.885003 1920.653421
3627.095403 1967.189014
3587.402502 1952.626877
3675.924731 1929.334797
3718.092209 1943.954435
3693.466098 1991.538433
3651.824879 1976.261517
3744.381053 1953.068885
3788.678715 1968.427066
3763.161037 2017.107419
3719.424447 2001.061774
3816.312532 1978.007824
3862.905974 1994.161961
3836.436386 2043.989949
3790.442191 2027.116056
3891.990684 2004.245750
3941.063117 2021.259363
3913.575319 2072.289913
3865.144094 2054.521947
3971.716062 2031.886865
4023.470727 2049.830420
3994.891683 2102.122451
3943.824474 2083.387422
3572.857239 1981.290468
3612.242734 1996.242794
3588.738328 2042.220509
3549.837288 2026.654687
3636.779335 2005.557879
3678.093436 2021.242381
3653.769707 2068.242100
3612.971007 2051.916950
3703.846377 2031.019238
3747.234292 2047.491044
3722.037731 2095.558799
3679.199049 2078.417371
3774.296312 2057.764881
3819.918205 2075.084794
3793.790203 2124.269760
3748.754616 2106.249266
3848.391717 2085.894490
3896.424674 2104.129742
3869.300881 2154.484526
3821.894952 2135.515565
3926.423061 2115.518342
3977.063398 2134.743461
3948.872972 2186.324423
3898.904514 2166.330094
3535.463360 2054.980638
3574.063181 2070.927029
3550.838871 2116.356839
3512.713775 2099.812058
3598.106913 2080.859997
3638.585226 2097.582433
3614.558343 2144.008568
3574.584852 2126.661655
3663.813434 2108.004732
3706.310781 2125.561273
3681.429314 2173.027920
3639.469669 2154.819096
3732.813197 2136.509974
3777.484501 2154.964623
3751.691515 2203.518932
3707.593922 2184.382324
3805.360157 2166.480638
3852.376602 2185.904113
3825.609629 2235.596466
3779.206422 2215.459312
3881.735064 2198.032706
3931.286294 2218.503354
3903.476614 2269.387653
3854.582124 2248.169381
3498.508173 2127.806298
3536.338085 2144.722288
3513.388894 2189.613930
3476.024219 2172.114254
3559.898945 2155.257741
3599.558610 2172.991921
3575.823173 2218.854908
3536.658017 2200.511980
3624.272966 2184.043170
3665.898422 2202.656371
3641.326174 2249.533116
3600.227191 2230.284484
3691.853105 2214.262243
3735.594218 2233.821480
3710.129846 2281.757187
3666.950185 2261.534073
3762.884998 2246.024800
3808.907262 2266.604075
3782.490116 2315.646984
3737.067674 2294.373468
3837.640029 2279.452193
3886.126666 2301.133434
3858.690070 2351.335089
3810.845458 2328.927155
