2912 4368
233.518898 3070.506591
776.539632 2793.364810
468.277374 3554.789439
997.869057 3194.691687
282.277717 3091.146696
346.700096 3057.483022
380.041678 3124.519397
315.781862 3159.556427
377.880593 3041.189770
439.144129 3009.176736
472.228160 3074.255628
411.138504 3107.564160
468.814332 2993.672682
527.145793 2963.191794
559.958073 3026.421759
501.809637 3058.126620
555.412835 2948.420956
611.017790 2919.364794
643.546955 2980.845747
588.132327 3011.060026
637.978904 2905.276364
691.044144 2877.547320
723.281244 2937.371413
670.412064 2966.197812
716.787785 2864.095076
767.483422 2837.604260
799.421556 2895.856661
748.926379 2923.388658
333.197621 3195.116428
397.370088 3159.359787
431.355625 3227.690893
367.360161 3264.870489
428.422052 3142.057757
489.418659 3108.070693
523.125669 3174.375031
462.316873 3209.703262
518.952736 3091.614424
577.003544 3059.268747
610.418590 3123.660256
552.564230 3157.272041
605.128370 3043.597706
660.441739 3012.777320
693.554220 3075.360753
638.444092 3107.378214
687.255827 2997.836618
740.020921 2968.436119
772.822635 3029.307993
720.266016 3059.841937
765.613810 2954.175864
816.002759 2926.099344
848.487538 2985.348775
798.310975 3014.499971
385.119848 3301.132729
449.020334 3263.207444
483.668662 3332.871155
419.960383 3372.271139
479.933003 3244.860607
540.641398 3208.829847
574.989148 3276.394576
514.483208 3313.814093
570.028977 3191.388160
627.778631 3157.113428
661.813206 3222.698784
604.274082 3258.283493
655.751261 3140.511521
710.753324 3107.867499
744.464951 3171.583334
689.679659 3205.464953
737.410788 3092.046149
789.856785 3060.919167
823.238074 3122.866593
771.013541 3155.164526
815.289699 3045.824595
865.353758 3016.111304
898.399336 3076.383584
848.560126 3107.206330
438.074284 3409.256627
501.679557 3369.083745
537.010257 3440.119428
473.613201 3481.821011
532.441613 3349.654531
592.839423 3311.507471
627.846361 3380.368871
567.666396 3419.954303
622.069615 3293.045777
679.496607 3256.775075
714.168103 3323.587791
656.966419 3361.214157
707.306575 3239.210391
761.976673 3204.680935
796.303857 3269.560188
741.864707 3305.369403
788.467465 3187.949438
840.574535 3155.038782
874.550899 3218.090520
822.678883 3252.211113
865.837836 3139.082564
915.557985 3107.679479
949.179010 3169.001326
899.696732 3201.549987
