4368 2912
1262.894509 2141.520684
1714.160248 2133.899322
1279.121326 2455.435493
1759.638628 2418.537388
1293.890086 2168.661037
1339.778171 2167.656469
1342.461744 2205.608203
1296.181630 2206.960337
1369.523735 2167.005288
1414.101828 2166.029399
1417.404767 2203.418644
1372.457502 2204.731837
1443.004254 2165.396676
1486.327660 2164.448253
1490.214021 2201.291426
1446.542844 2202.567337
1514.422296 2163.833214
1556.543250 2162.911115
1560.979353 2199.223923
1518.530682 2200.464117
1583.863494 2162.313029
1624.831372 2161.416173
1629.785640 2197.213657
1588.508851 2198.419613
1651.408805 2160.834348
1691.270317 2159.961712
1696.713122 2195.258282
1656.560348 2196.431399
1297.823672 2234.404305
1344.384438 2232.799410
1347.151803 2271.936154
1300.187417 2273.910336
1374.559267 2231.759318
1419.770696 2230.200933
1423.175250 2268.740454
1377.584099 2270.656911
1449.077353 2229.190766
1492.997263 2227.676898
1497.001454 2265.637116
1452.724176 2267.498343
1521.472684 2226.695383
1564.155635 2225.224151
1568.724314 2262.622194
1525.704921 2264.430545
1591.834691 2224.270086
1633.332213 2222.839715
1638.432457 2259.691962
1596.618096 2261.449659
1660.247850 2221.911964
1700.608651 2220.520774
1706.209598 2256.842901
1665.550337 2258.552042
1301.881607 2302.225860
1349.135003 2299.983053
1351.990147 2340.361189
1304.321021 2342.996565
1379.751613 2298.529884
1425.614530 2296.353074
1429.125461 2336.096782
1382.871817 2338.653903
1455.336803 2294.942354
1499.869724 2292.828669
1503.997187 2331.957516
1459.096901 2334.439818
1528.736283 2291.458564
1571.996235 2289.405300
1576.703524 2327.937964
1533.098055 2330.348682
1600.043509 2288.074080
1642.084303 2286.078681
1647.337072 2324.033005
1604.971208 2326.375192
1669.346683 2284.784715
1710.219140 2282.844769
1715.985225 2320.237809
1674.806849 2322.514345
1306.069882 2372.225833
1354.036755 2369.304818
1356.983921 2410.984360
1308.588658 2414.322926
1385.108214 2367.412674
1431.641556 2364.578955
1435.263929 2405.584182
1388.328372 2408.822050
1461.791314 2362.742940
1506.954443 2359.992662
1511.210958 2400.344946
1465.670048 2403.486604
1536.222913 2358.210314
1580.075469 2355.539846
1584.927773 2395.259562
1540.720260 2398.309235
1608.500735 2353.808846
1651.098949 2351.214763
1656.511187 2390.321351
1613.579356 2393.283021
1678.716930 2349.532924
1720.113860 2347.011995
1726.052494 2385.524016
1684.341912 2388.401437
