4368 2912
2653.381960 2188.274269
3026.089116 2216.095678
2625.706617 2449.325533
3015.783566 2475.314747
2672.771125 2211.792716
2710.160142 2214.559738
2706.913111 2248.890970
2669.295712 2246.146466
2731.991219 2216.175374
2769.246340 2218.932487
2766.359179 2253.228057
2728.877301 2250.493441
2790.999306 2220.542343
2828.121248 2223.289600
2825.591399 2257.549542
2788.244312 2254.824760
2849.796521 2224.893706
2886.785997 2227.631159
2884.610923 2261.855509
2847.397901 2259.140508
2908.383993 2229.229546
2945.241711 2231.957249
2943.418894 2266.146041
2906.339216 2263.440769
2966.762843 2233.549947
3003.489505 2236.267951
3002.016447 2270.421222
2965.069398 2267.725626
2667.082182 2268.026759
2704.845063 2270.756677
2701.533717 2305.767920
2663.537850 2303.061752
2726.894047 2272.350620
2764.520367 2275.070666
2761.576123 2310.044302
2723.718492 2307.347979
2786.489687 2276.658850
2823.980185 2279.369077
2821.400409 2314.305149
2783.680260 2311.618618
2845.870272 2280.951534
2883.225682 2283.651995
2881.007760 2318.550545
2843.424346 2315.873753
2905.036965 2285.228755
2942.258015 2287.919503
2940.399355 2322.780574
2902.951933 2320.113468
2963.990919 2289.490597
3001.078333 2292.171684
2999.576363 2326.995320
2962.264197 2324.337847
2661.280207 2325.378095
2699.424503 2328.068882
2696.046911 2363.780542
2657.664887 2361.114797
2721.695786 2329.639950
2759.700775 2332.320909
2756.697739 2367.992922
2718.456746 2365.336972
2781.890795 2333.886245
2819.757239 2336.557431
2817.126043 2372.189847
2779.025306 2369.543638
2841.866441 2338.117066
2879.595096 2340.778532
2877.333048 2376.371402
2839.371795 2373.734881
2901.623920 2342.332496
2939.215537 2344.984296
2937.319965 2380.537672
2899.497434 2377.910785
2961.164420 2346.532621
2998.619744 2349.174806
2997.088001 2384.688739
2959.403431 2382.071434
2655.361799 2383.880356
2693.895289 2386.529886
2690.449445 2422.963194
2651.673336 2420.340062
2716.393399 2388.076837
2754.784754 2390.716593
2751.721147 2427.108112
2713.088950 2424.494715
2777.199953 2392.257843
2815.449958 2394.887880
2812.765790 2431.237669
2774.276706 2428.633954
2837.782704 2396.423461
2875.892138 2399.043832
2873.584633 2435.351951
2835.237869 2432.757864
2898.142885 2400.573775
2936.112520 2403.184534
2934.178927 2439.451044
2895.973695 2436.866530
2958.281719 2404.708869
2996.112325 2407.310069
2994.549915 2443.535029
2956.485432 2440.960037
