3071.486610 1909.579835
3804.869862 1824.280046
3144.239158 2474.198819
3916.563034 2375.635780
3121.356639 1951.545395
3193.962583 1943.035490
3204.389402 2016.771727
3131.277764 2025.448404
3238.033586 1937.870072
3310.308335 1929.398985
3321.542383 2002.868351
3248.766628 2011.505166
3354.178535 1924.257102
3426.124351 1915.824569
3438.158150 1989.028730
3365.715969 1997.625958
3469.795118 1910.706061
3541.414241 1902.311818
3554.240390 1975.252426
3482.129494 1983.810338
3584.886932 1897.216526
3656.181581 1888.860313
3669.792756 1961.539006
3598.010879 1970.057871
3699.457540 1883.788080
3770.429916 1875.469640
3784.818869 1947.888041
3713.363763 1956.368125
3137.582484 2072.412610
3211.015372 2063.629171
3221.688732 2139.108894
3147.738535 2148.065590
3255.587126 2058.297863
3328.681134 2049.554957
3340.180191 2124.757451
3266.573726 2133.672515
3373.047435 2044.248225
3445.804905 2035.545573
3458.121919 2110.472591
3384.856794 2119.346313
3489.967170 2030.263245
3562.390421 2021.600570
3575.517733 2096.253851
3502.591580 2105.086517
3606.350054 2016.342479
3678.441383 2007.719506
3692.371414 2082.100773
3619.781887 2090.892667
3722.199776 2002.485486
3793.961460 1993.901942
3808.686710 2068.012903
3736.431482 2076.764308
3154.193434 2196.148489
3228.472303 2187.080857
3239.401053 2264.366642
3164.592854 2273.614341
3273.556307 2181.577203
3347.488342 2172.551911
3359.261897 2249.549590
3284.805557 2258.753793
3392.362079 2167.073925
3465.949704 2158.090677
3478.560050 2234.802098
3404.453093 2243.963110
3510.614642 2152.638181
3583.860258 2143.696684
3597.299466 2220.123675
3523.539437 2229.241800
3628.317850 2138.269500
3701.223836 2129.369463
3715.484060 2205.513839
3642.068530 2214.589378
3745.475523 2123.967415
3818.044236 2115.108551
3833.117713 2190.972110
3760.044274 2200.005360
3171.203363 2322.856385
3246.347915 2313.493366
3257.541332 2392.650822
3181.855007 2402.201062
3291.956069 2307.810586
3366.745549 2298.491809
3378.803550 2377.349731
3303.477502 2386.854511
3412.138451 2292.835849
3486.575371 2283.561001
3499.489653 2362.121335
3424.521317 2371.580978
3531.754541 2277.931672
3605.841386 2268.700443
3619.603739 2346.965118
3544.990572 2356.379945
3650.808330 2263.097558
3724.547566 2253.909641
3739.149864 2331.880566
3664.889348 2341.250896
3769.303776 2248.333013
3842.697843 2239.188105
3858.132048 2316.867174
3784.221689 2326.193320
