4368 2912
3457.885225 2051.721919
4050.589342 2157.585352
3371.360815 2424.371914
3974.563458 2573.062087
3487.259848 2093.986161
3535.610753 2102.896677
3525.408706 2148.325961
3476.966897 2139.005530
3573.247237 2109.832649
3623.050879 2119.010887
3613.020691 2165.182916
3563.117984 2155.581402
3661.826727 2126.156829
3713.149575 2135.615040
3703.306530 2182.554333
3651.875828 2172.658826
3753.117319 2142.980637
3806.029964 2152.731828
3796.390528 2200.464129
3743.360560 2190.260915
3847.245415 2160.327362
3901.822885 2170.385362
3892.404811 2218.937726
3837.699807 2208.412227
3944.345397 2178.221772
4000.667520 2188.601292
3991.489962 2238.002172
3935.029285 2227.138873
3468.795940 2174.743715
3517.309470 2184.391514
3506.972621 2230.421068
3458.368125 2220.352955
3555.076198 2191.902116
3605.057108 2201.841730
3594.892380 2248.633089
3544.812232 2238.259304
3643.974853 2209.581233
3695.490739 2219.826106
3685.513632 2267.404707
3633.889594 2256.711115
3735.612934 2227.805136
3788.735609 2238.369548
3778.962833 2286.762117
3725.722396 2275.733698
3830.119047 2246.599398
3884.924875 2257.498536
3875.374455 2306.733173
3820.440495 2295.353951
3927.629975 2265.991223
3984.200236 2277.241250
3974.891633 2327.347525
3918.182041 2315.600493
3450.089755 2256.560941
3498.766013 2266.964745
3488.291670 2313.606546
3439.524407 2302.771723
3536.663138 2275.064675
3586.821618 2285.785281
3576.519625 2333.208515
3526.261751 2322.042516
3625.881576 2294.133749
3677.591026 2305.185851
3667.477102 2353.416912
3615.659217 2341.904319
3717.868173 2313.794475
3771.201659 2325.193690
3761.292757 2374.260322
3707.841083 2362.384744
3812.753787 2334.074820
3867.789038 2345.837762
3858.103462 2395.769155
3802.939493 2383.513149
3910.677660 2355.004547
3967.497444 2367.148905
3958.054968 2417.975792
3901.095087 2405.320782
3431.136491 2339.458837
3479.975541 2350.637919
3469.360945 2397.904264
3420.430873 2386.283139
3518.003186 2359.342310
3568.339505 2370.864113
3557.897447 2418.932107
3507.461604 2406.953353
3607.541966 2379.837415
3659.445477 2391.717942
3649.191899 2440.614975
3597.179693 2428.261828
3699.878049 2400.972812
3753.423100 2413.229082
3743.375208 2462.983961
3689.711563 2450.238589
3795.144603 2422.778984
3850.410317 2435.429106
3840.586697 2486.072154
3785.191692 2472.915575
3893.483382 2445.288376
3950.554054 2458.351649
3940.974795 2509.914806
3883.763271 2496.326796
