4368 2912
3148.454987 1967.686104
3600.955997 1973.084864
3170.096774 2275.571752
3649.489130 2278.611831
3177.173891 1993.609808
3221.773125 1994.122164
3225.206651 2034.312233
3180.263093 2033.828511
3248.871262 1994.433466
3293.355220 1994.944497
3297.340213 2035.088598
3252.513722 2034.606136
3320.383362 1995.254997
3364.752490 1995.764709
3369.286083 2035.862944
3324.576202 2035.381736
3391.710908 1996.074407
3435.965652 1996.582805
3441.044991 2036.635276
3396.451267 2036.155319
3462.854615 1996.891705
3506.995414 1997.398794
3512.617665 2037.405605
3468.139645 2036.926893
3533.815191 1997.706899
3577.842487 1998.212685
3584.004831 2038.173937
3539.642065 2037.696466
3182.228184 2059.412279
3227.390750 2059.877526
3230.912553 2101.100886
3185.396874 2100.665861
3254.830712 2060.160200
3299.875064 2060.624230
3303.962377 2101.799074
3258.566774 2101.365197
3327.243248 2060.906165
3372.169849 2061.368981
3376.819693 2102.495422
3331.543690 2102.062688
3399.466536 2061.650180
3444.275848 2062.111787
3449.485261 2103.189937
3404.328387 2102.758341
3471.501318 2062.392253
3516.193800 2062.852657
3521.959837 2103.882628
3476.921624 2103.452166
3543.348332 2063.132392
3587.924437 2063.591597
3594.244174 2104.573499
3549.324152 2104.144167
3187.412856 2126.912188
3233.153168 2127.327711
3236.766696 2169.624730
3190.664144 2169.241114
3260.943688 2127.580169
3306.562733 2127.994590
3310.756357 2170.240393
3264.777005 2169.857802
3334.279623 2128.246380
3379.777883 2128.659703
3384.548506 2170.854413
3338.691863 2170.472843
3407.421435 2128.910828
3452.799388 2129.323058
3458.143935 2171.466795
3412.409509 2171.086243
3480.369894 2129.573518
3525.628017 2129.984660
3531.543429 2172.077548
3485.930733 2171.698008
3553.125765 2130.234460
3598.264533 2130.644516
3604.747769 2172.686677
3559.256317 2172.308145
3192.733020 2196.176076
3239.066050 2196.539100
3242.774933 2239.952276
3196.070177 2239.622945
3267.216199 2196.759659
3313.424790 2197.121707
3317.728927 2240.480803
3271.150621 2240.152363
3341.499386 2197.341674
3387.584037 2197.702752
3392.480209 2241.007900
3346.027841 2240.680349
3415.583383 2197.922130
3461.544593 2198.282240
3467.029602 2241.533574
3420.702662 2241.206906
3489.468991 2198.501031
3535.307254 2198.860178
3541.377922 2242.057829
3495.175901 2241.732043
3563.157005 2199.078383
3608.872816 2199.436571
3615.525981 2242.580673
3569.448376 2242.255765
