4368 2912
3315.833268 1411.272255
3210.936047 383.010406
4118.688589 1281.452094
3956.845911 142.585345
3376.343936 1335.385818
3365.539781 1232.723054
3462.810302 1214.323444
3474.269733 1318.391319
3358.625142 1167.019089
3347.997561 1066.034162
3444.207716 1045.385600
3455.477170 1147.728209
3341.195469 1001.399635
3330.740168 902.051747
3425.911491 879.229946
3436.995652 979.889839
3324.047898 838.460760
3313.760722 740.710423
3407.914120 715.788315
3418.817522 814.806654
3307.175635 678.137907
3297.052562 581.946897
3390.208341 554.994747
3400.935369 652.411363
3290.572103 520.368577
3280.609237 425.699875
3372.787124 396.785406
3383.342024 492.638850
3541.039764 1306.803736
3529.125369 1201.779341
3631.243692 1182.462723
3643.871727 1288.957799
3521.501719 1134.577513
3509.786754 1031.311069
3610.750882 1009.642212
3623.164426 1114.328447
3502.290182 965.229407
3490.769679 863.677145
3590.603788 839.737222
3602.808263 942.660313
3483.397032 798.687875
3472.066191 698.807463
3570.793738 672.674590
3582.794379 773.878708
3464.814421 634.883718
3453.668597 536.634209
3551.312344 508.383585
3563.114216 607.911437
3446.534755 473.749999
3435.569452 377.091769
3532.151493 346.795799
3543.759493 444.688690
3714.029315 1276.782324
3700.905383 1169.285576
3808.243167 1148.981651
3822.145611 1258.019318
3692.509571 1100.516357
3679.610760 994.863549
3785.690131 972.096863
3799.350496 1079.235900
3671.358349 927.268918
3658.678916 823.413008
3763.527075 798.270731
3776.951631 903.560300
3650.566264 756.963126
3638.100659 654.858660
3741.743974 627.424599
3754.938773 730.912179
3630.124245 589.524691
3617.867104 489.127734
3720.331139 459.482487
3733.302031 561.213946
3610.023525 424.881802
3597.969663 326.149876
3699.279210 294.370976
3712.031845 394.390639
3895.955252 1245.210049
3881.511362 1135.122300
3994.479252 1113.753388
4009.773933 1225.457424
3872.273190 1064.711238
3858.083361 956.559874
3969.676801 932.609762
3984.698287 1042.318532
3849.006970 887.381879
3835.064557 781.116256
3945.314220 754.678713
3960.069766 862.445204
3826.145737 713.139216
3812.444322 608.710438
3921.379910 579.875530
3935.876517 685.750867
3803.679004 541.903351
3790.212397 439.264203
3897.862679 408.118454
3912.107103 512.151984
3781.596650 373.597120
3768.358863 272.701988
3874.751716 239.328551
3888.750482 341.567919
