4368 2912
3848.503934 1076.275825
4193.789395 1257.628543
3587.390111 1376.511372
3851.733868 1599.392418
3844.189130 1109.311816
3874.298171 1125.717656
3832.772116 1172.417515
3803.737672 1155.377861
3890.650673 1134.627822
3922.482565 1151.972413
3879.211795 1199.671903
3848.535958 1181.668953
3939.784282 1161.399787
3973.491248 1179.766068
3928.339986 1228.504117
3895.879525 1209.453813
3991.827293 1189.757030
4027.580032 1209.238014
3980.397117 1259.055259
3945.991639 1238.863468
4047.046008 1219.844652
4085.036583 1240.544991
4035.653163 1291.483772
3999.122458 1270.044735
4105.740247 1251.826022
4146.185545 1273.863892
4094.412332 1325.968188
4055.553221 1303.162663
3781.995769 1180.137500
3810.459743 1197.509826
3770.397859 1242.563090
3742.946020 1224.607282
3825.911202 1206.940266
3855.973804 1225.288278
3814.270723 1271.259627
3785.295295 1252.307265
3872.305370 1235.255871
3904.105164 1254.664138
3860.636029 1301.586432
3830.006555 1281.552184
3921.394233 1265.216120
3955.086268 1285.779273
3909.712382 1333.686489
3877.283078 1312.475000
3973.419582 1296.968586
4009.177928 1318.792863
3961.744721 1367.720008
3927.352151 1345.224379
4028.653035 1330.679043
4066.673782 1353.884124
4017.008408 1403.867101
3980.468732 1379.967084
3721.951023 1248.516346
3748.865307 1266.778420
3710.191498 1310.270666
3684.231367 1291.471420
3763.468605 1276.687155
3791.867061 1295.956282
3751.647991 1340.291733
3724.272894 1320.467827
3807.286857 1306.419033
3837.295730 1326.780869
3795.416440 1371.987022
3766.507456 1351.052339
3853.602467 1337.845435
3885.362731 1359.395637
3841.695791 1405.500603
3811.120289 1383.359097
3902.635196 1371.115476
3936.304775 1393.961201
3890.708496 1440.993563
3858.318100 1417.537787
3954.631369 1406.396294
3990.387764 1430.657981
3942.704077 1478.646599
3908.332260 1453.755960
3663.945438 1314.572998
3689.398589 1333.654201
3652.041943 1375.665176
3627.489058 1356.089457
3703.202778 1344.002645
3730.034520 1364.117321
3691.221633 1406.902669
3665.354056 1386.278763
3744.596588 1375.033919
3772.922036 1396.268366
3732.546938 1439.850835
3705.256176 1418.092241
3788.306156 1407.801222
3818.253606 1430.251620
3776.199074 1474.654155
3747.364358 1451.664585
3834.531406 1442.454431
3866.244280 1466.228296
3822.380251 1511.473850
3791.866751 1487.145804
3883.495954 1479.161181
3917.135096 1504.379092
3871.316812 1550.490379
3838.973526 1524.703467
