4368 2912
487.101422 350.106824
1115.426592 300.992208
603.859672 759.432650
1236.141161 672.307005
535.807720 381.349457
602.164253 375.849865
618.036073 430.128206
551.606406 436.156434
641.158448 372.618048
705.582566 367.278613
721.560131 420.733808
657.071318 426.585912
743.449408 364.140231
806.024311 358.954058
822.094973 411.610670
759.463181 417.294257
842.811991 355.905116
903.616171 350.865701
919.768223 402.747211
858.914380 408.269455
939.370171 347.902430
998.477741 343.003627
1014.700345 394.132497
955.549805 399.500174
1033.241024 340.122466
1090.722017 335.358474
1107.005134 385.756205
1049.487370 390.975713
561.391643 470.102248
627.866111 463.744905
643.909300 518.609292
577.362522 525.506578
666.926489 460.009332
731.454885 453.838103
747.602416 507.861948
683.010216 514.556651
769.380074 450.211095
832.046621 444.217925
848.285756 497.426555
785.563267 503.927470
868.885399 440.694817
929.769531 434.872110
946.088486 487.289724
885.155686 493.605146
965.567922 431.448500
1024.744617 425.789086
1041.132486 477.438825
981.913854 483.576580
1059.546078 422.460818
1117.086167 416.957921
1133.532857 467.861924
1075.957062 473.829407
587.254701 559.823385
653.845761 552.589934
670.063111 608.049911
603.400604 615.834887
692.971487 548.339904
757.602711 541.319342
773.922937 595.920960
709.228837 603.476061
795.585356 537.193478
858.342006 530.376540
874.752279 584.145915
811.940671 591.481175
895.230941 526.369482
956.193409 519.747437
972.681866 572.709509
911.671763 579.834386
992.035204 515.854124
1051.279344 509.418733
1067.835017 561.597339
1008.550012 568.520757
1086.117962 505.634390
1143.715415 499.377869
1160.328155 550.795812
1102.696101 557.526195
613.401489 650.528802
680.107732 642.400439
696.502091 698.465756
629.725309 707.157512
719.297931 637.624992
784.030468 629.737131
800.526174 684.925841
735.731731 693.359573
822.069636 625.101940
884.914787 617.444063
901.498917 671.783093
838.599835 679.970122
921.852899 612.943040
982.892021 605.505234
999.552636 659.020289
938.466951 666.971284
1018.776200 601.132635
1078.086041 593.905546
1094.812108 646.621187
1035.462514 654.346211
1112.960759 589.655954
1170.613779 582.630755
1187.395097 634.570461
1129.708620 642.079011
