4368 2912
3339.673934 2111.933577
4008.806583 2175.959304
3310.014647 2542.684887
4026.012945 2625.325333
3372.986592 2148.214830
3440.724630 2154.796218
3437.714310 2214.550125
3369.351773 2207.725092
3476.679317 2158.289555
3545.047735 2164.932190
3543.006784 2225.062090
3474.002050 2218.172943
3581.337804 2168.458112
3650.345443 2175.162855
3649.292231 2235.673189
3579.636211 2228.719020
3686.975606 2178.721821
3756.631474 2185.489544
3756.584766 2246.384831
3686.268195 2239.364716
3793.606534 2189.082020
3863.919809 2195.913617
3864.898770 2257.198452
3793.912207 2250.111448
3901.244659 2199.540078
3972.224690 2206.436456
3974.248901 2268.115516
3902.582725 2260.960662
3367.334243 2240.756653
3436.043339 2247.718383
3432.944103 2309.237279
3363.592393 2302.019259
3472.515916 2251.413850
3541.873813 2258.441318
3539.772288 2320.355791
3469.759439 2313.068962
3578.691603 2262.171763
3648.707533 2269.265904
3647.622912 2331.580719
3576.939427 2324.224090
3685.875462 2273.031826
3756.558833 2280.193593
3756.510725 2342.913596
3685.146920 2335.486160
3794.081920 2283.995500
3865.442324 2291.225865
3866.450762 2354.355986
3794.396768 2346.856717
3903.325682 2295.064275
3975.372891 2302.364229
3977.458347 2365.909485
3904.704104 2358.337335
3361.515014 2336.030666
3431.223409 2343.392520
3428.031257 2406.755776
3357.661334 2399.124171
3468.229009 2347.300655
3538.605441 2354.733060
3536.440606 2418.512751
3465.389753 2410.807299
3575.966527 2358.678738
3647.020647 2366.182712
3645.903192 2430.383949
3574.161476 2422.603573
3684.742368 2370.166477
3756.484010 2377.743061
3756.434439 2442.371043
3683.991734 2434.514644
3794.571613 2381.765465
3867.010805 2389.415717
3868.050072 2454.475738
3794.896055 2446.542198
3905.469638 2393.477326
3978.616604 2401.202326
3980.766128 2466.699774
3906.890270 2458.687951
3355.521406 2434.159681
3426.258587 2441.942721
3422.969276 2507.234541
3351.550808 2499.167406
3463.813016 2446.074744
3535.238341 2453.933500
3533.007291 2519.663982
3460.887197 2511.517593
3573.158997 2458.105818
3645.282556 2466.041399
3644.130754 2532.216030
3571.298642 2523.989215
3683.574821 2470.254604
3756.406904 2478.268141
3756.355801 2544.892509
3682.801075 2536.584070
3795.076268 2482.522838
3868.627367 2490.615487
3869.698898 2557.695277
3795.410750 2549.303994
3907.679428 2494.912291
3981.960243 2503.085229
3984.176834 2570.626234
3909.144240 2562.150861
