4368 2912
903.514988 2167.839738
1640.098362 2091.682638
922.072486 2707.712343
1695.416342 2595.641020
950.252382 2208.228777
1025.668941 2200.181062
1028.998421 2270.190069
953.070065 2278.702240
1071.127909 2195.330128
1145.164588 2187.429660
1149.292405 2256.704159
1074.762914 2265.059506
1189.795594 2182.667077
1262.489921 2174.909853
1267.386555 2243.464867
1194.217625 2251.667685
1306.315381 2170.233230
1377.703535 2162.615387
1383.340669 2230.465490
1311.495381 2238.519917
1420.745064 2158.022419
1490.861935 2150.540234
1497.212396 2217.699566
1426.655154 2225.609593
1533.140379 2146.028694
1602.019626 2138.678578
1609.057329 2205.160861
1539.753804 2212.930336
954.860288 2323.477757
1031.113676 2314.667545
1034.520121 2386.294888
957.743490 2395.589912
1077.072180 2309.357563
1151.914576 2300.710375
1156.136919 2371.571251
1080.790915 2380.693076
1197.026585 2295.498195
1270.496793 2287.009549
1275.504521 2357.119916
1201.549524 2366.073338
1314.785480 2281.892494
1386.920895 2273.558068
1392.684748 2342.933398
1320.082592 2351.723036
1430.408595 2268.533559
1501.245264 2260.349187
1507.737180 2329.004482
1436.451080 2337.634791
1543.953512 2255.414736
1613.526196 2247.376403
1620.719251 2315.326216
1550.713744 2323.801489
959.575583 2441.412656
1036.684555 2431.806478
1040.170664 2505.108926
962.526615 2515.221331
1083.153679 2426.017389
1158.819483 2416.591000
1163.139638 2489.093377
1086.959068 2499.015178
1204.422949 2410.909755
1278.685725 2401.658154
1283.808369 2473.377413
1209.050288 2483.113949
1323.447497 2396.081766
1396.345909 2387.000136
1402.240803 2457.952706
1328.865737 2467.509116
1440.289076 2381.525730
1511.860382 2372.609430
1518.498533 2442.811233
1446.468456 2452.192471
1555.007199 2367.234232
1625.287310 2358.478789
1632.640916 2427.945265
1561.919181 2437.156104
964.402065 2562.128475
1042.386015 2551.691120
1045.954616 2626.728130
967.423351 2637.694251
1089.377213 2545.401828
1165.884705 2535.162081
1170.306110 2609.363665
1093.272321 2620.120677
1211.990423 2528.991301
1287.062996 2518.943603
1292.304560 2592.327779
1216.725820 2602.881608
1332.308028 2512.888018
1405.985675 2503.027017
1412.016129 2575.611233
1337.851600 2585.967581
1450.393898 2497.083430
1522.715139 2487.403970
1529.504523 2559.205132
1456.714877 2569.369491
1566.309557 2481.569302
1637.311507 2472.066416
1644.831100 2543.100907
1573.378458 2553.078568
