2375.877643 1969.868955
3706.051769 1262.991210
2785.390934 2906.882343
4405.022114 2054.327176
2480.066295 2000.148244
2615.765320 1928.086928
2672.440027 2040.734322
2533.225383 2114.576793
2691.537487 1887.849040
2827.484626 1815.655966
2889.652808 1925.519946
2750.177082 1999.500900
2903.395399 1775.344474
3039.591331 1703.019281
3107.273264 1810.089330
2967.535720 1884.209158
3115.641091 1662.633981
3252.086500 1590.176306
3325.302542 1694.441865
3185.302442 1768.700959
3328.275628 1549.716997
3464.971202 1477.126476
3543.741796 1578.576941
3403.478400 1652.975692
3541.300082 1436.592953
3678.246507 1363.869219
3762.592184 1462.493942
3622.064748 1537.032746
2565.157487 2183.312815
2706.484745 2108.402053
2767.977915 2230.626687
2622.833290 2307.463900
2785.402589 2066.571511
2926.998882 1991.518147
2994.457783 2110.731914
2849.029456 2187.719314
3006.067027 1949.607937
3147.933123 1874.411564
3221.380687 1990.602605
3075.667826 2067.740633
3227.152000 1832.421458
3369.288671 1757.081666
3448.747929 1870.238070
3302.749698 1947.527169
3448.658710 1715.011437
3591.066731 1639.527815
3676.560816 1749.637619
3530.276375 1827.078232
3670.588366 1597.377232
3813.268514 1521.749369
3904.820658 1628.800556
3758.249165 1706.393130
2657.537068 2382.166139
2804.979585 2304.171695
2871.932932 2437.249049
2720.330719 2517.333738
2887.315574 2260.617435
3035.050808 2182.468149
3108.505760 2312.278173
2956.594154 2392.526301
3117.550340 2138.827378
3265.579164 2060.522788
3345.561796 2187.052040
3193.339849 2267.464107
3348.242726 2016.795248
3496.566017 1938.334890
3583.102522 2061.569866
3430.569282 2142.146376
3579.394099 1894.520322
3728.012735 1815.903732
3821.129427 1935.830866
3668.283937 2016.572323
3811.005828 1772.001875
3959.920693 1693.228585
4059.644003 1809.834251
3906.485304 1890.741162
2758.183355 2598.814108
2912.294223 2517.471683
2985.468693 2662.914224
2826.807600 2746.532456
2998.357823 2472.045803
3152.788363 2390.534650
3233.075891 2532.419243
3074.076059 2616.215999
3239.030577 2345.014493
3393.781783 2263.334086
3481.212190 2401.645413
3321.872533 2485.621266
3480.203168 2217.719361
3635.276041 2135.869172
3729.879289 2270.591840
3570.198716 2354.747363
3721.877155 2090.159582
3877.272700 2008.139082
3979.078891 2139.257624
3819.056308 2223.593395
3964.054104 1962.334332
4119.773328 1880.142989
4228.812710 2007.641863
4068.447016 2092.158461
