4368 2912
3074.352634 2171.756673
3815.447663 2207.146332
3053.076945 2662.666600
3846.905786 2738.791199
3114.557135 2214.374429
3183.298682 2217.915271
3181.580755 2282.571417
3112.246435 2278.569037
3225.568234 2220.092554
3295.797549 2223.710031
3295.067196 2289.122514
3224.218827 2285.032734
3338.986907 2225.934694
3410.752818 2229.631319
3411.054012 2295.817948
3338.641456 2291.637874
3454.892338 2231.904924
3528.245833 2235.683325
3529.624760 2302.662540
3455.595636 2298.389149
3573.367217 2238.007505
3648.361565 2241.870426
3650.866757 2309.661333
3575.166322 2305.291464
3694.497943 2244.246888
3771.188822 2248.197196
3774.871301 2316.819597
3697.442312 2312.349945
3110.774157 2319.471048
3180.486063 2323.771437
3178.717774 2390.323020
3108.396175 2385.534818
3223.358912 2326.416179
3294.601729 2330.811008
3293.849728 2398.162363
3221.969782 2393.268053
3338.421281 2333.514150
3411.245999 2338.006563
3411.556220 2406.177006
3338.065546 2401.173021
3456.043959 2340.770061
3530.503858 2345.363345
3531.924584 2414.372896
3456.768427 2409.255509
3576.313365 2348.189243
3652.464142 2352.886834
3655.046144 2422.756252
3578.167241 2417.521562
3699.319849 2355.777271
3777.219762 2360.582762
3781.016459 2431.333578
3702.354888 2425.977507
3106.880715 2427.636496
3177.590753 2432.739748
3175.769854 2501.271356
3104.432470 2495.652269
3221.084365 2435.878750
3293.370362 2441.095742
3292.595737 2510.473468
3219.653732 2504.727990
3337.838768 2444.305096
3411.754005 2449.639673
3412.073666 2519.884478
3337.472285 2514.008294
3457.230347 2452.921771
3532.830533 2458.377953
3534.294988 2529.511577
3457.976954 2523.500176
3579.349472 2461.735297
3656.692884 2467.317292
3659.355286 2539.362297
3581.260659 2533.210958
3704.290691 2470.752498
3783.438328 2476.464706
3787.354639 2549.444519
3707.420653 2543.148299
3102.871900 2539.007177
3174.609053 2544.959494
3172.733161 2615.560823
3100.350232 2609.062766
3218.741662 2548.621353
3292.101839 2554.708338
3291.303550 2626.205281
3217.267636 2619.558831
3337.238603 2558.453515
3412.277515 2564.679792
3412.607054 2637.095101
3336.860877 2630.295114
3458.453100 2568.511163
3535.229037 2574.881569
3536.739271 2648.238863
3459.222878 2641.279959
3582.479722 2578.802146
3661.053703 2585.321741
3663.800316 2659.645557
3584.450919 2652.522098
3709.417476 2589.334677
3789.853414 2596.008766
3793.895082 2671.324598
3712.646885 2664.030676
