4368 2912
3589.774751 1682.509558
4068.451091 1659.811316
3585.128120 1967.766689
4077.786061 1945.069054
3619.001895 1706.733009
3664.171019 1704.596191
3663.877905 1740.692528
3618.542860 1742.829479
3693.890009 1703.190274
3739.091060 1701.051946
3739.073310 1737.148055
3693.706101 1739.286522
3768.831061 1699.645035
3814.064074 1697.505195
3814.322078 1733.601067
3768.922672 1735.741051
3843.825108 1696.097289
3889.090117 1693.955936
3889.624265 1730.051560
3844.192628 1732.193063
3918.872206 1692.547033
3964.169245 1690.404165
3964.979929 1726.499533
3919.516026 1728.642557
3993.972412 1688.994265
4039.301514 1686.849880
4040.389127 1722.944982
3994.892923 1725.089529
3618.216935 1768.458714
3663.669788 1766.321703
3663.372971 1802.874057
3617.752101 1805.011104
3693.575523 1764.915656
3739.060707 1762.777125
3739.042732 1799.329411
3693.389292 1801.467983
3768.987718 1761.370077
3814.505266 1759.230025
3814.766532 1795.782233
3769.080487 1797.922333
3844.453576 1757.821976
3890.003524 1755.680400
3890.544428 1792.232521
3844.825743 1794.374151
3919.973155 1754.271349
3965.555538 1752.128248
3966.376479 1788.680273
3920.625119 1790.823433
3995.546513 1750.718193
4041.161364 1748.573566
4042.262742 1785.125485
3996.478672 1787.270177
3617.422047 1830.965077
3663.162216 1828.828039
3662.861625 1865.845105
3616.951305 1867.982079
3693.257059 1827.421970
3739.029969 1825.283403
3739.011766 1862.300568
3693.068460 1864.439077
3769.146358 1823.876327
3814.952044 1821.736229
3815.216633 1858.753482
3769.240307 1860.893529
3845.090002 1820.328146
3890.928499 1818.186514
3891.476287 1855.203847
3845.466904 1857.345432
3921.088049 1816.777422
3966.959392 1814.634256
3967.790785 1851.651659
3921.748311 1853.794784
3997.140558 1813.224154
4043.044783 1811.079451
4044.160188 1848.096915
3998.084587 1850.241582
3616.617042 1894.267001
3662.648183 1892.130108
3662.343746 1929.620807
3616.140278 1931.757531
3692.934540 1890.724132
3738.998840 1888.585700
3738.980404 1926.076670
3692.743528 1928.214939
3769.307019 1887.178711
3815.404513 1885.038738
3815.672490 1922.529969
3769.402171 1924.669785
3845.734536 1883.630735
3891.865261 1881.489219
3892.420066 1918.980702
3846.116266 1921.122067
3922.217153 1880.080201
3968.381144 1877.937141
3969.223190 1915.428867
3922.885874 1917.571781
3998.754928 1876.527106
4044.952222 1874.382500
4046.081925 1911.874460
3999.711055 1914.018926
