4368 2912
715.954966 1332.535101
1324.541374 1256.760276
778.020291 1747.140406
1401.845729 1635.674031
753.990579 1359.585660
822.477301 1350.781677
831.872043 1409.614937
763.121166 1418.975878
856.040654 1346.467100
922.792219 1337.886172
932.563108 1395.905102
865.562673 1405.027708
955.510585 1333.680219
1020.592110 1325.313974
1030.717391 1382.540668
965.401388 1391.433927
1052.497004 1321.212593
1115.970388 1313.053076
1126.429566 1369.508747
1062.735264 1378.181198
1147.091772 1309.052415
1209.015892 1301.092055
1219.789655 1356.797078
1157.657397 1365.256846
1239.382280 1297.188450
1299.813173 1289.420045
1310.883306 1344.394002
1250.256328 1352.648816
767.857581 1449.784056
836.745166 1440.132185
846.283731 1499.866118
777.129173 1510.091465
870.501655 1435.402548
937.630851 1425.997047
947.549397 1484.892751
880.168817 1494.855793
970.531164 1421.387368
1035.968447 1412.218920
1046.244795 1470.299429
980.570800 1480.010132
1068.044750 1407.724696
1131.853287 1398.784452
1142.466557 1456.071865
1078.435122 1465.539696
1163.136152 1394.401396
1225.376007 1385.680941
1236.306528 1442.196478
1173.856792 1451.430435
1255.894515 1381.404980
1316.622829 1372.896307
1327.852062 1428.660351
1266.926132 1437.668995
781.939018 1541.377270
851.231742 1530.852345
860.917459 1591.507793
791.354911 1602.623281
885.183372 1525.695406
952.694013 1515.441163
962.763587 1575.233669
894.999023 1586.061856
985.778058 1510.416003
1051.574490 1500.422133
1062.005313 1559.375707
995.969912 1569.927587
1083.823786 1495.523762
1147.970480 1485.780472
1158.741273 1543.918143
1094.369686 1554.204162
1179.416225 1481.004154
1241.974459 1471.502136
1253.065187 1528.846005
1190.295316 1538.876082
1272.646317 1466.843364
1333.674371 1457.573766
1345.066159 1514.145051
1283.838956 1523.928624
796.239906 1634.397906
865.942098 1622.973892
875.778398 1684.572344
805.803495 1696.604604
900.090898 1617.376990
967.986840 1606.249016
978.210919 1666.958962
910.058484 1678.677846
1001.256422 1600.796215
1067.415424 1589.952920
1078.004231 1649.799395
1011.603981 1661.216990
1099.839313 1584.638726
1164.327188 1574.069326
1175.259035 1633.076327
1110.544259 1644.204103
1195.937222 1568.888521
1258.816495 1558.582765
1270.070977 1616.773312
1206.978302 1627.622166
1289.642938 1553.530388
1350.973058 1543.478537
1362.530955 1600.874720
1301.000150 1611.455007
