4368 2912
3694.727062 1455.890533
3970.600671 1485.584197
3659.070110 1616.206459
3938.632090 1648.916295
3706.801291 1470.034983
3734.932030 1473.082678
3729.933910 1496.031011
3701.751047 1492.940630
3749.830488 1474.696782
3778.097125 1477.759199
3773.179355 1500.773074
3744.860051 1497.667732
3793.067643 1479.381110
3821.471166 1482.458357
3816.634584 1505.538141
3788.177845 1502.417728
3836.514269 1484.088132
3865.055674 1487.180319
3860.301127 1510.326381
3831.705950 1507.190787
3880.171891 1488.818015
3908.852184 1491.925248
3904.180531 1515.137961
3875.445903 1511.987075
3924.042049 1493.570923
3952.862247 1496.693313
3948.274353 1519.973053
3919.399253 1516.806765
3698.978942 1505.513662
3727.190401 1508.627541
3722.159112 1531.728168
3693.895237 1528.571079
3742.131729 1510.276710
3770.479929 1513.405682
3765.529444 1536.572658
3737.128279 1533.400232
3785.493765 1515.062854
3813.979702 1518.207029
3809.110867 1541.440725
3780.571409 1538.252853
3829.066575 1519.872263
3857.691255 1523.031751
3852.904925 1546.332545
3824.226163 1543.129112
3872.851699 1524.705106
3901.616138 1527.880021
3896.913179 1551.248290
3868.094092 1548.029183
3916.850694 1529.561556
3945.755919 1532.752009
3941.137205 1556.188137
3912.176759 1552.953240
3691.104733 1541.227558
3719.397366 1544.408433
3714.332577 1567.662876
3685.987231 1564.438257
3734.381806 1546.093099
3762.812031 1549.289443
3757.828502 1572.611052
3729.345012 1569.370718
3777.869430 1550.982312
3806.438250 1554.194238
3801.536837 1577.583393
3772.914191 1574.327228
3821.569142 1555.895370
3850.277576 1559.122992
3845.459141 1582.580075
3816.696317 1579.307963
3865.482502 1560.832447
3894.331574 1564.075882
3889.596992 1587.601277
3860.692956 1584.313101
3909.611078 1565.793721
3938.601824 1569.053084
3933.951978 1592.647182
3904.905689 1589.342823
3683.178146 1577.179015
3711.552411 1580.427712
3706.453786 1603.837512
3678.026510 1600.544532
3726.580206 1582.148312
3755.092920 1585.412861
3750.076017 1608.890655
3721.509735 1605.581574
3770.194130 1587.141866
3798.846308 1590.422383
3793.911990 1613.968559
3765.205678 1610.643256
3814.021473 1592.159856
3842.814141 1595.456457
3837.963278 1619.071405
3809.115906 1615.729761
3858.063806 1597.202459
3886.997998 1600.515265
3882.231475 1624.199375
3853.241999 1620.841272
3902.322713 1602.269861
3931.399477 1605.598990
3926.718184 1629.352660
3897.585551 1625.977973
