4368 2912
808.855317 1522.767483
1916.386536 1520.385834
685.331977 2260.550479
1853.430077 2252.012097
869.791831 1589.430275
971.775551 1589.166871
957.898370 1679.325659
855.230782 1679.655817
1044.173712 1588.979881
1145.908003 1588.717123
1133.196251 1678.761935
1030.781419 1679.091281
1218.129203 1588.530591
1319.614981 1588.268473
1308.062989 1678.199599
1205.899981 1678.528134
1391.659868 1588.082396
1492.898040 1587.820918
1482.500172 1677.638643
1380.588060 1677.966372
1564.767260 1587.635295
1665.758732 1587.374455
1656.509380 1677.079064
1554.847241 1677.405990
1737.452927 1587.189283
1838.198600 1586.929078
1830.092187 1676.520856
1728.679103 1676.846980
844.453003 1746.438845
947.626861 1746.058725
933.427874 1838.308259
829.554042 1838.758211
1020.868869 1745.788882
1123.787493 1745.409704
1110.781329 1837.540013
1007.166176 1837.988845
1196.848425 1745.140529
1299.512762 1744.762287
1287.693552 1836.773678
1184.336113 1837.221394
1372.393289 1744.493776
1474.804277 1744.116468
1464.166187 1836.009248
1361.065503 1836.455851
1547.505067 1743.848619
1649.663646 1743.472240
1640.200872 1835.246714
1537.355986 1835.692209
1722.185362 1743.205052
1824.092462 1742.829600
1815.799233 1834.486070
1713.209194 1834.930462
818.524689 1907.100078
922.916785 1906.597853
908.384666 2001.011711
803.275916 2001.587010
997.022539 1906.241335
1101.153390 1905.740368
1087.842465 2000.029473
982.998528 2000.603322
1175.073809 1905.384742
1278.944393 1904.885026
1266.848586 1999.049708
1162.268462 1999.622113
1352.680170 1904.530288
1456.291464 1904.031821
1445.404730 1998.072406
1341.087425 1998.643372
1529.843289 1903.677967
1633.196262 1903.180742
1623.512593 1997.097557
1519.457118 1997.667090
1706.564824 1902.827771
1809.660440 1902.331784
1801.173861 1996.125152
1697.379230 1996.693257
791.986079 2071.542939
897.625517 2070.912935
882.748404 2167.568188
776.375025 2168.274680
972.615629 2070.465715
1077.987596 2069.837307
1064.361073 2166.361985
958.258862 2167.066676
1152.787960 2069.391218
1257.893472 2068.764400
1245.511241 2165.158854
1139.679162 2165.861751
1332.504805 2068.319439
1437.344870 2067.694203
1426.200672 2163.958783
1320.637695 2164.659892
1511.767890 2067.250365
1616.343512 2066.626706
1606.431122 2162.761760
1501.136222 2163.461090
1690.578930 2066.183986
1794.891109 2065.561899
1786.204338 2161.567775
1681.176494 2162.265330
