4368 2912
2469.640668 1304.082232
3142.111935 1298.505972
2466.219331 1736.762885
3161.105933 1723.721411
2513.343146 1343.258144
2575.577814 1342.687310
2575.624062 1396.189294
2513.129271 1396.843834
2619.698056 1342.282627
2681.611911 1341.714736
2682.099530 1395.074122
2619.928236 1395.725273
2725.505009 1341.312136
2787.100524 1340.747164
2788.024970 1393.964711
2726.174665 1394.612500
2830.768229 1340.346631
2892.047852 1339.784557
2893.404630 1392.861016
2831.872837 1393.505470
2935.491894 1339.386076
2996.458049 1338.826877
2998.242721 1391.762992
2937.026985 1392.404137
3039.680144 1338.430431
3100.335231 1337.874086
3102.543405 1390.670599
3041.641296 1391.308457
2512.971630 1436.340723
2575.658151 1435.624052
2575.705073 1489.906419
2512.754630 1490.709214
2620.097893 1435.115991
2682.458934 1434.403041
2682.953647 1488.538697
2620.331425 1489.337307
2726.668236 1433.897613
2788.706326 1433.188356
2789.644186 1487.178091
2727.347623 1487.972548
2832.686976 1432.685542
2894.404618 1431.979949
2895.781032 1485.824547
2833.807595 1486.614883
2938.158383 1431.479729
2999.558052 1430.777771
3001.368485 1484.478009
2939.715667 1485.264256
3043.086687 1430.280125
3104.170835 1429.581773
3106.410800 1483.138423
3045.076118 1483.920614
2512.594677 1530.785204
2575.739661 1529.918478
2575.787272 1584.998426
2512.374486 1585.953776
2620.503563 1529.304050
2683.318299 1528.441858
2683.820262 1583.370847
2620.740524 1584.321179
2727.848392 1527.830640
2790.335465 1526.972944
2791.287032 1581.751797
2728.537725 1582.697152
2834.633577 1526.364910
2896.795543 1525.511676
2898.192024 1580.141211
2835.770557 1581.081627
2940.863482 1524.906801
3002.702872 1524.057997
3004.539628 1578.539023
2942.443442 1579.474538
3046.542426 1523.456257
3108.061746 1522.611845
3110.334196 1576.945167
3048.560752 1577.875819
2512.212169 1626.621696
2575.822370 1625.600557
2575.870687 1681.495794
2511.988713 1682.608141
2620.915197 1624.876678
2684.190277 1623.860918
2684.699651 1679.600808
2621.155661 1680.707269
2729.045852 1623.140849
2791.988452 1622.130426
2792.954030 1677.715825
2729.745350 1678.816448
2836.608643 1621.414135
2899.221378 1620.409008
2900.638365 1675.840769
2837.762346 1676.935599
2943.608032 1619.696465
3005.893488 1618.696592
3007.757146 1673.975560
2945.211169 1675.064644
3050.048434 1617.987769
3112.009170 1616.993109
3114.314815 1672.120122
3052.096289 1673.203503
