2912 4368
287.017719 1975.004126
866.718575 1802.054347
478.935664 2431.621680
1051.319995 2189.859926
335.534498 2000.112436
402.931081 1979.388083
430.066183 2042.374662
362.741945 2064.202558
436.768011 1968.983275
501.094456 1949.202985
528.104529 2010.588625
463.862649 2031.417158
533.407420 1939.266795
594.868833 1920.367498
621.737703 1980.230835
560.371238 2000.127098
625.758516 1910.868964
684.542133 1892.793086
711.256088 1951.207143
652.576218 1970.232357
714.100541 1883.703916
770.377628 1866.398792
796.925095 1923.431498
740.759175 1941.641639
798.689007 1857.693084
852.616532 1841.110446
878.987788 1896.825094
825.177656 1914.271439
377.349449 2098.612133
444.633018 2076.187512
472.204609 2140.187277
405.001521 2163.749619
478.406844 2064.931193
542.601597 2043.536028
570.036070 2105.886199
505.933834 2128.361339
574.842610 2032.790573
636.156467 2012.355569
663.437948 2073.138195
602.226792 2094.599682
666.966696 2002.086973
725.589329 1982.548914
752.704424 2041.840121
694.193078 2062.355016
755.061945 1972.726125
811.166733 1954.027226
838.104194 2011.897768
782.117897 2031.527346
839.386992 1944.621830
893.132731 1926.709167
919.883170 1983.224916
866.261927 2002.025273
419.848720 2198.723822
487.006707 2174.546224
515.025404 2239.583822
447.956407 2264.934557
520.711043 2162.412301
584.761823 2139.353332
612.630778 2202.690947
548.680817 2226.862751
616.924651 2127.774368
678.078985 2105.758151
705.782655 2167.481406
644.739103 2190.554644
708.803693 2094.696925
767.253703 2073.654293
794.779040 2133.842557
736.448167 2155.890457
796.634632 2063.076844
852.555817 2042.944616
879.891929 2101.671592
824.096850 2122.761012
880.679236 2032.819883
934.232231 2013.540229
961.370090 2070.874481
907.948969 2091.066593
463.049248 2300.487399
530.068512 2274.502204
558.545278 2340.603084
491.623904 2367.798130
563.696681 2261.463646
627.590668 2236.690205
655.904509 2301.038910
592.120009 2326.959215
659.668811 2224.252636
720.651146 2200.608123
748.786880 2263.294011
687.923754 2288.027150
751.284009 2188.730926
809.549280 2166.139893
837.494240 2227.245726
779.356283 2250.871428
838.832386 2154.786035
894.558218 2133.179611
922.301898 2192.782174
866.710092 2215.373189
922.578850 2122.315248
975.927720 2101.630438
1003.461476 2159.801104
950.252146 2181.423944
