4368 2912
987.453137 2184.342263
1434.853585 2029.810215
1127.884869 2525.421210
1584.150544 2328.011757
1031.393690 2205.139369
1075.515311 2189.576486
1092.545180 2229.464982
1048.289863 2245.527691
1106.522838 2178.639296
1149.205678 2163.583910
1166.445755 2202.642365
1123.643153 2218.177803
1179.210254 2153.000488
1220.523560 2138.428173
1237.951491 2176.688967
1196.531232 2191.722676
1249.573073 2128.181629
1289.581718 2114.069503
1307.176945 2151.563210
1267.073128 2166.119110
1317.721051 2104.144003
1356.485876 2090.470606
1374.229480 2127.226126
1335.380327 2141.326638
1383.757146 2080.851295
1421.335265 2067.596481
1439.209824 2103.641155
1401.557364 2117.307321
1061.356585 2276.762161
1105.713748 2260.309281
1123.156395 2301.164612
1078.666393 2318.139232
1136.880566 2248.748940
1179.774251 2232.838891
1197.425219 2272.828244
1154.412934 2289.239059
1209.921203 2221.656838
1251.422659 2206.263192
1269.259132 2245.420887
1227.652145 2261.295528
1280.598998 2195.441156
1320.774924 2180.539173
1338.775946 2218.897591
1298.506495 2234.261911
1349.026782 2170.060045
1387.939685 2155.626541
1406.085995 2193.216259
1367.090604 2208.094477
1415.310314 2145.474276
1453.018830 2131.487500
1471.292714 2168.337428
1433.511861 2182.752253
1092.054971 2350.143059
1136.646093 2332.761083
1154.516709 2374.618832
1109.793793 2392.545637
1167.970872 2320.550433
1211.073282 2303.748770
1229.150007 2344.702702
1185.930349 2362.026939
1241.360924 2291.942404
1283.047948 2275.692469
1301.307499 2315.778978
1259.516560 2332.530524
1312.349122 2264.270637
1352.689350 2248.545694
1371.110370 2287.799084
1330.678458 2304.005875
1381.051477 2237.489910
1420.109139 2222.264921
1438.672022 2260.717563
1399.533908 2276.405747
1447.576647 2211.557867
1485.411950 2196.809363
1504.098692 2234.491833
1466.193252 2249.685910
1123.516266 2425.347601
1168.339429 2406.995328
1186.653960 2449.892845
1141.700251 2468.814289
1199.820596 2394.105764
1243.129269 2376.373579
1261.647344 2418.327416
1218.222981 2436.605144
1273.555668 2363.915877
1315.425332 2346.772876
1334.123195 2387.821641
1292.151441 2405.487952
1344.849100 2334.725689
1385.350302 2318.142987
1404.206191 2358.323041
1363.615359 2375.408109
1413.820192 2306.486353
1453.018943 2290.436923
1472.012911 2329.782547
1432.735953 2346.314592
1480.580600 2279.152153
1518.538732 2263.610679
1537.652483 2302.154227
1499.626624 2318.159673
