4368 2912
2376.834190 1317.860988
3271.700894 1301.160220
2338.202598 1903.458487
3317.888649 1906.735872
2430.229371 1368.967857
2510.260081 1367.620196
2507.239279 1437.893471
2426.333042 1439.042796
2567.437012 1366.657377
2648.297159 1365.295749
2646.799120 1435.910935
2565.045016 1437.072304
2706.068210 1364.322925
2787.770755 1362.947111
2787.827601 1433.907537
2705.212232 1435.081141
2846.145234 1361.964126
2928.703411 1360.573904
2930.348025 1431.882944
2846.857709 1433.068976
2987.690822 1359.580598
3071.118142 1358.175740
3074.384194 1429.836818
2990.004957 1431.035479
3130.728189 1357.171948
3215.038450 1355.752223
3219.960416 1427.768816
3134.677986 1428.980307
2423.426819 1491.310820
2504.985969 1490.312478
2501.846402 1563.348606
2419.377779 1564.132257
2563.260680 1489.599154
2645.681576 1488.590263
2644.124325 1561.996623
2560.774433 1562.788648
2704.573641 1487.869382
2787.870013 1486.849776
2787.929118 1560.630131
2703.683754 1561.430665
2847.389296 1486.121217
2931.575166 1485.090722
2933.285491 1559.248895
2848.130147 1560.058077
2991.731739 1484.354362
3076.821434 1483.312804
3080.218691 1557.852677
2994.138544 1558.670645
3137.625589 1482.568518
3223.633742 1481.515717
3228.754517 1556.441228
3141.734418 1557.268128
2416.356524 1618.469100
2499.503624 1617.848935
2496.238147 1693.814116
2412.145616 1694.201726
2558.919089 1617.405777
2642.962168 1616.778930
2641.342124 1693.145284
2556.332907 1693.537119
2703.019613 1616.330983
2787.973232 1615.697345
2788.034733 1692.469129
2702.093761 1692.865259
2848.683119 1615.244532
2934.562156 1614.603991
2936.342209 1691.785531
2849.454077 1692.186027
2995.935174 1614.146233
3082.754833 1613.498676
3086.291363 1691.094367
2998.440327 1691.499301
3144.801907 1613.035890
3232.577728 1612.381202
3237.909606 1690.395509
3149.079570 1690.804956
2409.002364 1750.732692
2493.800464 1750.522235
2490.401348 1829.596271
2404.619681 1829.554638
2554.402233 1750.371830
2640.132628 1750.159059
2638.445914 1829.668122
2551.709968 1829.626026
2701.402505 1750.006996
2788.080654 1749.791873
2788.144701 1829.740777
2700.438463 1829.698210
2850.029751 1749.638123
2937.671458 1749.420609
2939.525592 1829.814247
2850.832689 1829.771201
3000.311129 1749.265146
3088.932551 1749.045200
3092.617097 1829.888549
3002.920785 1829.845015
3152.274410 1748.887994
3241.892067 1748.665575
3247.448377 1829.963695
3156.731533 1829.919666
