4368 2912
217.842709 1627.191042
1800.575831 1440.668615
383.945376 2803.703313
1929.012860 2398.169496
339.844876 1716.847461
518.917582 1693.624151
540.363899 1846.997805
361.881456 1873.553838
626.233245 1679.706760
793.391322 1658.028617
813.943013 1806.292534
647.328321 1831.082789
893.683984 1645.022014
1050.078199 1624.739799
1069.804293 1768.223462
913.911825 1791.418381
1144.015371 1612.557417
1290.652924 1593.540508
1309.614948 1732.542531
1163.442002 1754.291302
1378.820131 1582.106413
1516.586367 1564.239995
1534.839371 1699.031855
1397.504485 1719.465629
1599.499353 1553.487302
1729.175650 1536.670038
1746.769073 1667.499273
1617.494238 1686.733808
375.977697 1973.794925
554.082892 1945.109376
575.482348 2098.147889
397.965074 2130.151414
660.822820 1927.917887
827.090201 1901.138932
847.598484 2049.089702
681.872403 2078.967464
926.852018 1885.071335
1082.423770 1860.015013
1102.109548 2003.205429
947.037675 2031.162407
1175.870057 1844.964593
1321.746012 1821.469872
1340.670496 1960.196706
1195.257470 1986.412348
1409.458047 1807.343008
1546.517187 1785.268320
1564.735152 1919.801431
1428.105850 1944.433509
1629.007043 1771.982538
1758.025224 1751.202923
1775.585869 1881.788420
1646.967782 1904.976204
412.029858 2230.168811
589.171379 2196.045192
610.524125 2348.749662
433.968199 2386.176582
695.337815 2175.593843
860.717920 2143.735882
881.182933 2291.374497
716.342051 2326.318023
959.950896 2124.620159
1114.703247 2094.809473
1134.348833 2237.707538
980.094503 2270.406890
1207.660448 2076.902683
1352.777555 2048.948079
1371.664610 2187.400540
1227.008761 2218.065174
1440.036040 2032.139060
1576.390561 2005.872436
1594.573589 2140.147545
1458.647397 2168.961636
1658.458752 1990.063247
1786.821060 1965.336202
1804.349021 2095.678642
1676.385442 2122.804792
448.001633 2485.971037
624.183293 2446.433398
645.489482 2598.804918
469.891098 2641.631255
729.778473 2422.736356
894.274703 2385.821092
914.696584 2533.148539
750.737510 2573.136188
992.980836 2363.670050
1146.916833 2329.124650
1166.522349 2471.731258
1013.082522 2509.153390
1239.386738 2308.373105
1383.747735 2275.976469
1402.597472 2414.155370
1258.696070 2449.251194
1470.554282 2256.495861
1606.206657 2226.053563
1624.354847 2360.071409
1489.129302 2393.051296
1687.854638 2207.730609
1815.563309 2179.070989
1833.058676 2309.171051
1705.747376 2340.220748
