4368 2912
3433.655944 1435.182524
3986.467742 1296.026071
3572.084257 1917.758459
4144.410398 1744.496845
3476.791362 1465.550980
3535.210863 1450.616871
3554.582034 1515.541527
3495.865269 1530.950405
3567.516381 1442.358428
3624.920645 1427.683849
3644.739308 1491.881802
3587.049954 1507.021060
3656.667179 1419.568303
3713.082444 1405.146546
3733.330265 1468.633122
3676.641591 1483.509774
3744.284376 1397.170220
3799.735984 1382.994810
3820.395372 1445.784866
3764.681564 1460.405687
3830.407208 1375.154151
3884.919639 1361.218828
3905.973714 1423.326779
3851.209838 1437.698311
3915.073581 1353.510403
3968.670496 1339.809119
3990.103050 1401.248949
3936.265018 1415.377515
3506.992433 1569.102535
3565.881910 1553.414331
3585.682718 1619.778961
3526.491829 1635.960852
3598.444173 1544.739718
3656.299116 1529.327114
3676.553439 1594.936285
3618.409599 1610.831928
3688.291849 1520.804225
3745.139283 1505.660022
3765.828282 1570.529898
3708.703953 1586.146822
3776.577299 1497.284909
3832.443314 1482.402158
3853.548923 1546.548407
3797.417524 1561.893879
3863.340917 1474.171011
3918.250709 1459.542997
3939.755597 1522.980811
3884.591462 1538.061848
3948.621714 1451.452138
4002.599627 1437.072378
4024.487164 1499.816487
3970.265504 1514.639866
3537.868602 1674.968823
3597.234612 1658.496429
3617.479509 1726.349476
3557.807885 1743.335396
3630.057122 1649.389108
3688.368759 1633.209273
3709.073266 1700.276713
3650.468883 1716.958835
3720.610904 1624.262987
3777.896012 1608.367986
3799.040766 1674.666873
3741.475246 1691.053276
3809.573049 1599.578502
3865.858496 1583.960878
3887.424939 1649.507739
3830.870902 1665.606216
3896.985153 1575.324108
3952.296881 1559.976664
3974.267217 1624.787514
3918.698237 1640.605589
3982.887380 1551.488663
4037.250439 1536.404448
4059.607601 1600.494813
4004.998163 1616.039749
3569.442760 1783.228332
3629.291947 1765.940183
3649.996044 1835.332290
3589.836985 1853.154782
3662.378252 1756.382812
3721.152667 1739.405124
3742.322535 1807.979996
3683.251484 1825.480160
3753.647467 1730.018615
3811.375803 1713.343101
3832.991541 1781.118744
3774.979244 1798.305245
3843.294820 1704.122914
3900.004760 1687.741575
3922.047295 1754.735426
3865.065543 1771.616622
3931.363162 1678.683328
3987.081417 1662.588449
4009.532477 1728.817400
3953.554051 1745.401355
4017.893847 1653.687913
4072.646203 1637.872044
4095.488271 1703.352465
4040.486901 1719.646961
