3717.652123 1129.900300
4179.518644 1074.589181
3707.728272 1377.701998
4181.112638 1322.391824
3740.957832 1145.639474
3789.586497 1139.826391
3788.437364 1175.816436
3739.637046 1181.629766
3813.747444 1136.938186
3862.458233 1131.115287
3861.566693 1167.104915
3812.683669 1172.928098
3886.660000 1128.222201
3935.453121 1122.389460
3934.820048 1158.378620
3885.854108 1164.211681
3959.695812 1119.491483
4008.571474 1113.648875
4008.197746 1149.637513
3959.148677 1155.480476
4032.855193 1110.745993
4081.813605 1104.893493
4081.700102 1140.881555
4032.567694 1146.734446
4106.138456 1101.985694
4155.179829 1096.123277
4155.327436 1132.110710
4106.111476 1137.973554
3738.953461 1200.256898
3787.842617 1194.443496
3786.681064 1230.822537
3737.618407 1236.635969
3812.133099 1191.555118
3861.105264 1185.731845
3860.204079 1222.110797
3811.057823 1227.934136
3885.437006 1182.838561
3934.492391 1177.005392
3933.852464 1213.384203
3884.622393 1219.217472
3958.865498 1174.107189
4008.004316 1168.264099
4007.626538 1204.642716
3958.312438 1210.485942
4032.418894 1165.360965
4081.641357 1159.507929
4081.526623 1195.886298
4032.128279 1201.739505
4106.097512 1156.599851
4155.403834 1150.736844
4155.553043 1187.114910
4106.070239 1192.978125
3736.927417 1255.464862
3786.079871 1249.651472
3784.905695 1286.425851
3735.577864 1292.239044
3810.501284 1246.763087
3859.737645 1240.939773
3858.826659 1277.714401
3809.414319 1283.537554
3884.200766 1238.046455
3933.521249 1232.213192
3932.874356 1268.988017
3883.377290 1274.821155
3958.026184 1229.314929
4007.431006 1223.471691
4007.049112 1260.246659
3957.467101 1266.089807
4031.977862 1220.568470
4081.467238 1214.715231
4081.351254 1251.490289
4031.684080 1257.343474
4106.056124 1211.807039
4155.630272 1205.943774
4155.781110 1242.718868
4106.028553 1248.582115
3734.879348 1311.272993
3784.297951 1305.459960
3783.110945 1342.636156
3733.515058 1348.448760
3808.851714 1302.571739
3858.355138 1296.748728
3857.434190 1333.925523
3807.752869 1339.748140
3882.951063 1293.855548
3932.539526 1288.022534
3931.885553 1325.199875
3882.118579 1331.032530
3957.177722 1285.124382
4006.851444 1279.281339
4006.465366 1316.459172
3956.612518 1322.301891
4031.532018 1276.378201
4081.291220 1270.525104
4081.173963 1307.703376
4031.235017 1313.556186
4106.014283 1267.616968
4155.859184 1261.753790
4156.011677 1298.932447
4105.986411 1304.795374
