4368 2912
484.868132 1612.275183
856.601340 1605.665588
533.394092 1853.077002
914.711119 1818.686416
513.946604 1633.314918
552.404142 1632.399161
558.730297 1661.923331
520.128639 1663.187665
577.222489 1631.808183
614.254707 1630.926366
620.802171 1659.890269
583.638999 1661.107488
638.161692 1630.357089
673.846386 1629.507359
680.594857 1657.931858
644.791237 1659.104546
696.891303 1628.958610
731.300708 1628.139248
738.231625 1656.044060
703.714292 1657.174619
753.529358 1627.609936
786.730636 1626.819342
793.827011 1654.223124
760.527873 1655.313783
808.185633 1626.308452
840.241312 1625.545137
847.487583 1652.465560
815.343269 1653.518395
524.532884 1684.469801
563.236719 1682.954800
569.685032 1713.049083
530.835698 1714.926180
588.209458 1681.977282
625.465410 1680.518957
632.136914 1710.031575
594.748931 1711.838063
649.512610 1679.577667
685.400432 1678.172895
692.274378 1707.125893
656.266814 1708.865682
708.572608 1677.265857
743.166302 1675.911742
750.223738 1704.325934
715.521529 1706.002652
765.510360 1675.037119
798.878686 1673.730969
806.102281 1701.626031
772.635710 1703.243047
820.438238 1672.887054
852.645168 1671.626365
860.019061 1699.020916
827.723287 1700.581362
535.326412 1736.626150
574.278894 1734.488640
580.852939 1765.169710
541.753581 1767.683434
599.407397 1733.109718
636.888917 1731.052927
643.688021 1761.130001
606.073401 1763.548270
661.077384 1729.725589
697.169720 1727.745029
704.172673 1757.241403
667.959797 1759.569553
720.469931 1726.466435
755.248906 1724.557945
762.436356 1753.495593
727.548304 1755.738569
777.708906 1723.325457
811.244927 1721.485175
818.599194 1749.884847
784.964570 1752.047239
832.909356 1720.296343
865.267884 1718.520675
872.772801 1746.401990
840.325251 1748.488064
546.333336 1789.813664
585.536812 1787.029347
592.240302 1818.314536
552.888577 1821.489814
610.822440 1785.233506
648.531346 1782.555337
655.461745 1813.213218
617.618684 1816.266762
672.862118 1780.827312
709.160321 1778.249333
716.295947 1808.304526
679.876426 1811.243205
732.589321 1776.585354
767.554528 1774.102048
774.875618 1803.577751
739.800796 1806.407927
790.130975 1772.498619
823.835290 1770.104865
831.323807 1799.022964
797.520562 1801.750537
845.604887 1768.558740
878.115305 1766.249779
885.754770 1794.630948
853.155185 1797.261398
