4368 2912
3206.467099 1688.290514
3846.897019 1653.078374
3163.633567 2076.466136
3835.152219 2066.402691
3236.553041 1716.280863
3299.581873 1713.002346
3294.293137 1767.708523
3230.867180 1770.659976
3333.208688 1711.253208
3397.481953 1707.909960
3392.821036 1763.123641
3328.134089 1766.133772
3431.775980 1706.126117
3497.330902 1702.716203
3493.324069 1758.446848
3427.338147 1761.517427
3532.312197 1700.896610
3599.187496 1697.418015
3595.862226 1753.675354
3528.537807 1756.808218
3634.876929 1695.561589
3703.112903 1692.012216
3700.497955 1748.806252
3631.793894 1752.003315
3739.532196 1690.117824
3809.170799 1686.495493
3807.296284 1743.836515
3737.169737 1747.099773
3227.723432 1800.726527
3291.368762 1797.957959
3285.966002 1853.843596
3221.915777 1856.270464
3325.328020 1796.480734
3390.243540 1793.656914
3385.481126 1850.072959
3320.143636 1852.548602
3424.883926 1792.150060
3491.108044 1789.269315
3487.013071 1846.225905
3420.349115 1848.751808
3526.450258 1787.731931
3594.022945 1784.792524
3590.623777 1842.300087
3522.592548 1844.877796
3630.088535 1783.223674
3699.051407 1780.223794
3696.377743 1838.293060
3626.936741 1840.924186
3735.862810 1778.622500
3806.259214 1775.560262
3804.342168 1834.202279
3733.447114 1836.888499
3218.704326 1886.984516
3282.978238 1884.748737
3277.457725 1941.852392
3212.770923 1943.731110
3317.276529 1883.555665
3382.847194 1881.274777
3377.979928 1938.932896
3311.978758 1940.849788
3417.840970 1880.057513
3484.748030 1877.730138
3480.561975 1935.953575
3413.205968 1937.909816
3520.458662 1876.487938
3588.743394 1874.112641
3585.267835 1932.912572
3516.514841 1934.909385
3625.193135 1872.844731
3694.898533 1870.420016
3692.164154 1929.807950
3621.970256 1931.846612
3732.110570 1869.125588
3803.281435 1866.649896
3801.320395 1926.637693
3729.639817 1928.719534
3209.489558 1975.113806
3274.404487 1973.434789
3268.762330 2031.796722
3203.426276 2033.102544
3309.048602 1972.538724
3375.287686 1970.825458
3370.312068 2029.767125
3303.633682 2031.099775
3410.642099 1969.911020
3478.246273 1968.162446
3473.966063 2027.695472
3405.903548 2029.055785
3514.333056 1967.229067
3583.344956 1965.444082
3579.790403 2025.580441
3510.300209 2026.969289
3620.187102 1964.491164
3690.651161 1962.668620
3687.853975 2023.420656
3616.890706 2024.838945
3728.272639 1961.695545
3800.235179 1959.834243
3798.228613 2021.214683
3725.744926 2022.663359
