4368 2912
3086.767766 1357.147240
4224.690653 1845.282737
2767.507798 2030.850123
3810.852226 2645.109148
3123.341649 1452.112401
3208.776180 1489.839267
3167.542090 1575.722049
3082.977898 1536.760897
3276.162183 1519.596118
3366.546824 1559.508893
3323.686609 1647.662313
3234.236550 1606.450102
3437.894466 1591.015158
3533.672246 1633.309478
3489.062773 1723.855860
3394.290836 1680.191707
3609.341445 1666.724090
3711.009883 1711.619654
3664.514214 1804.691377
3563.930923 1758.349767
3791.405512 1747.121401
3899.525263 1794.865788
3850.990591 1890.606399
3744.044549 1841.333285
3985.104396 1832.656509
4100.309589 1883.529741
4049.564785 1982.095232
3935.632559 1929.603384
3051.295439 1603.203493
3135.178937 1643.128353
3094.344366 1728.179012
3011.316729 1687.044503
3201.332597 1674.614591
3290.051879 1716.841073
3247.618790 1804.115993
3159.818137 1760.616782
3360.074873 1750.168942
3454.060495 1794.901970
3409.908639 1884.519499
3316.911228 1838.445650
3528.302504 1830.237907
3628.037694 1877.707477
3582.033427 1969.795543
3483.363835 1920.911518
3706.891843 1915.238589
3812.920812 1965.703721
3764.915102 2060.400891
3660.038091 2008.441513
3896.830628 2005.641109
4009.768502 2059.394576
3959.594564 2156.851231
3847.905371 2101.516885
2979.935779 1752.854793
3062.294024 1794.933791
3021.853195 1879.164361
2940.336627 1835.899818
3127.236090 1828.114405
3214.318416 1872.607060
3172.306102 1959.016548
3086.126782 1913.277272
3283.039655 1907.718553
3375.264506 1954.838661
3331.563263 2043.541555
3240.309369 1995.108970
3448.104665 1992.054618
3545.941403 2042.041986
3500.420789 2133.161911
3403.630532 2081.790926
3623.282210 2081.557444
3727.259103 2134.681979
3679.773755 2228.352673
3576.927565 2173.767530
3809.530955 2176.716837
3920.244722 2233.283420
3870.632070 2329.649846
3761.143269 2271.539168
2909.252903 1901.086785
2990.111150 1945.277015
2950.058395 2028.699301
2870.027929 1983.347104
3053.861940 1980.117767
3139.335122 2026.830128
3097.737352 2112.386994
3013.151883 2064.453537
3206.777011 2063.688121
3297.271807 2113.144869
3254.014313 2200.947060
3164.473591 2150.205528
3368.734900 2152.200509
3464.707215 2204.650802
3419.662667 2294.817771
3324.718136 2241.013973
3540.562182 2246.106666
3642.524827 2301.830764
3595.551424 2394.491581
3494.698710 2337.339694
3723.189341 2345.915117
3831.721200 2405.229387
3782.660468 2500.523777
3675.330415 2439.701270
