4368 2912
3173.702041 2142.264485
3698.628831 2159.063591
3174.260325 2495.781779
3729.073311 2521.990823
3204.755488 2173.019016
3254.842504 2174.682574
3255.551566 2220.831970
3205.104585 2219.057090
3286.029723 2175.718406
3336.466146 2177.393569
3337.765138 2223.724495
3286.963703 2221.937145
3367.871307 2178.436639
3418.660806 2180.123529
3420.558008 2226.637402
3369.398372 2224.837450
3450.286201 2181.173915
3501.432497 2182.872655
3503.936323 2229.570907
3452.414683 2227.758218
3533.280452 2183.930431
3584.787317 2185.641148
3587.906312 2232.525229
3536.018813 2230.699667
3616.860188 2186.706395
3668.731450 2188.429213
3672.474296 2235.500590
3620.217028 2233.662018
3205.330778 2248.887111
3256.011009 2250.734876
3256.736992 2297.985582
3205.688187 2296.021438
3287.568894 2251.885455
3338.606865 2253.746263
3339.936967 2301.186769
3288.525193 2299.208659
3370.387905 2254.904977
3421.787419 2256.778967
3423.730220 2304.410781
3371.951592 2302.418557
3453.793988 2257.945904
3505.558901 2259.833215
3508.123121 2307.657866
3455.973697 2305.651375
3537.793408 2261.008463
3589.927628 2262.909240
3593.122127 2310.928272
3540.597912 2308.907360
3622.392518 2264.092887
3674.900014 2266.007273
3678.733794 2314.222249
3625.830731 2312.186762
3205.919799 2326.566015
3257.207464 2328.606368
3257.950981 2376.998283
3206.285820 2374.836223
3289.144932 2329.876922
3340.798975 2331.931851
3342.161316 2380.522278
3290.124359 2378.344660
3372.964998 2333.211497
3424.989358 2335.281158
3426.979421 2384.071707
3374.566640 2381.878361
3457.386399 2336.569995
3509.785073 2338.654547
3512.411899 2387.646847
3459.619207 2385.437602
3542.415630 2339.952674
3595.192673 2342.052279
3598.465449 2391.247977
3545.288702 2389.022661
3628.059279 2343.359796
3681.218803 2345.474617
3685.146869 2394.875381
3631.581860 2392.633817
3206.523048 2406.121342
3258.432885 2408.363115
3259.194580 2457.938085
3206.897997 2455.568990
3290.759177 2409.759154
3343.044345 2412.017136
3344.440115 2461.799807
3291.762583 2459.413454
3375.604793 2413.423288
3428.269377 2415.697655
3430.308448 2465.689742
3377.245789 2463.285942
3461.066533 2417.114029
3514.114677 2419.404961
3516.806431 2469.608200
3463.354405 2467.186762
3547.151135 2420.831669
3600.587044 2423.139347
3603.941012 2473.555498
3550.095320 2471.116226
3633.865429 2424.576504
3687.693373 2426.901111
3691.719248 2477.531953
3637.475523 2475.074650
