4368 2912
3367.209137 1217.892084
3387.687717 716.481983
3870.960535 1105.788327
3828.590246 551.049857
3405.762623 1180.506282
3407.605006 1123.198534
3471.984483 1107.024331
3470.973333 1165.235314
3408.559146 1093.519811
3410.329773 1038.444092
3473.478963 1020.988475
3472.507938 1076.889508
3411.247109 1009.910121
3412.950090 956.938526
3474.915092 938.311789
3473.981850 992.037691
3413.832714 929.484328
3415.471853 878.498538
3476.296224 858.801309
3475.398602 910.476607
3416.321696 852.063964
3417.900518 802.954370
3477.625457 782.278572
3476.761453 832.018466
3418.719375 777.483654
3420.241148 730.148567
3478.905663 708.578277
3478.073425 756.489499
3507.741446 1156.625000
3508.269442 1097.908378
3576.633677 1080.733075
3577.044731 1140.395637
3508.542716 1067.518427
3509.049539 1011.156102
3576.026763 992.642345
3576.421015 1049.866229
3509.311966 981.972534
3509.798868 927.825695
3575.444246 908.092635
3575.822706 963.024364
3510.051079 899.778076
3510.519211 847.718613
3574.884682 826.874642
3575.248281 879.649231
3510.761792 820.741887
3511.212219 770.651383
3574.346744 748.795241
3574.696338 799.537306
3511.445713 744.685367
3511.879420 696.454193
3573.829198 673.675948
3574.165583 722.500685
3616.156991 1131.236372
3615.199622 1071.044064
3687.930368 1052.771753
3689.950582 1113.955475
3614.704435 1039.910374
3613.786617 982.204814
3684.950814 962.533700
3686.885895 1021.139110
3613.311678 952.344173
3612.431011 896.974379
3682.094676 876.033419
3683.949895 932.220130
3611.975104 868.310270
3611.129377 815.137241
3679.354443 793.043388
3681.134643 846.958102
3610.691379 787.599161
3609.878553 736.494709
3676.723199 713.354184
3678.432841 765.131974
3609.457430 710.017586
3608.675622 660.863304
3674.194570 636.772715
3675.837766 686.538159
3731.638529 1104.193039
3728.999347 1042.453900
3806.528722 1022.976018
3810.373418 1085.754995
3727.635198 1010.541987
3725.108463 951.433374
3800.864892 930.492880
3804.542392 990.541765
3723.801823 920.866759
3721.380500 864.224064
3795.443032 841.960800
3798.964010 899.453888
3720.127806 834.919437
3717.805432 780.591505
3790.247960 757.131879
3793.622200 812.228935
3716.603412 752.472293
3714.374044 700.320076
3785.265738 675.778529
3788.502226 728.626276
3713.219683 673.315779
3711.077845 623.211146
3780.483546 597.691440
3783.590551 648.424860
