2912 4368
538.833567 3126.349788
953.844640 3065.336286
659.544709 3488.985502
1094.037855 3367.836814
571.937156 3149.917253
620.627023 3142.288127
637.711901 3190.084374
588.625467 3198.613660
645.047745 3138.461688
691.428451 3131.194380
709.050587 3177.688524
662.323207 3185.807900
714.704621 3127.547279
758.936630 3120.616646
777.027580 3165.876803
732.493189 3173.615124
781.146866 3117.136564
823.376109 3110.519742
841.875032 3154.608873
799.382791 3161.992349
844.591992 3107.195463
884.951479 3100.871609
903.804197 3143.848027
863.216792 3150.900518
905.238321 3097.692900
943.849537 3091.642979
963.007733 3133.560788
924.199890 3140.304060
597.704901 3225.107404
647.003863 3216.079343
664.826600 3265.939806
615.126217 3275.942716
671.717185 3211.553621
718.629907 3202.962549
736.994289 3251.415029
689.732371 3260.927165
742.161377 3198.653258
786.857015 3190.468199
805.691574 3237.588722
760.692963 3246.645334
809.289426 3186.360178
851.921517 3178.553013
871.162903 3224.411684
828.268828 3233.044728
873.330109 3174.632482
914.038332 3167.177633
933.630296 3211.839231
892.696493 3220.077742
934.491629 3163.432044
973.403335 3156.306190
993.295854 3199.830687
954.190950 3207.701106
624.608861 3303.613028
674.524228 3293.069653
693.133678 3345.131004
642.812560 3356.731329
699.532931 3287.787190
746.981372 3277.764891
766.135902 3328.302095
718.336390 3339.321125
770.769234 3272.740299
815.929217 3263.201380
835.554192 3312.299378
790.091387 3322.779735
838.583501 3258.416228
881.616682 3249.326543
901.646145 3297.063466
858.352792 3307.043708
903.216529 3244.764116
944.269689 3236.092660
964.645251 3282.540536
923.369686 3292.055625
964.887039 3231.737760
1004.093759 3223.456320
1024.763647 3268.681684
985.368020 3277.763399
652.725885 3385.658361
703.264127 3373.471706
722.713554 3427.882955
671.765880 3441.216972
728.570511 3367.369394
776.557347 3355.797976
796.554142 3408.557408
748.215138 3421.208685
800.602133 3349.999882
846.226012 3338.998263
866.692224 3390.200880
820.766540 3402.220543
869.101243 3333.482191
912.532498 3323.009296
933.399466 3372.742271
889.710781 3384.176467
934.321478 3317.755160
975.714461 3307.773768
996.921588 3356.117271
955.310350 3367.007758
996.492763 3302.763344
1035.987666 3293.239650
1057.481397 3340.267568
1017.802871 3350.652225
