4368 2912
3213.459696 1423.749188
4198.499566 1665.836748
3044.374612 2020.497780
3984.122856 2375.211828
3251.099629 1487.555515
3334.193835 1508.791784
3310.129634 1592.871838
3227.543347 1570.318880
3386.086594 1522.053943
3473.682167 1544.440620
3448.756430 1630.728537
3361.703186 1606.955728
3528.424516 1558.431044
3620.897396 1582.064207
3595.050291 1670.678986
3503.157617 1645.584607
3678.730666 1596.844574
3776.499853 1621.831307
3749.665375 1712.901823
3652.518203 1686.372527
3837.693419 1637.470459
3941.227317 1663.930471
3913.332433 1757.596606
3810.466835 1729.505702
4006.082787 1680.505493
4115.906715 1708.573037
4086.870362 1804.986962
3977.766138 1775.192392
3212.782602 1622.179737
3295.051207 1645.555698
3271.103724 1729.227943
3189.338746 1704.548096
3346.425119 1660.153181
3433.139194 1684.792285
3408.337596 1770.650456
3322.161158 1744.639060
3487.327034 1700.189323
3578.856891 1726.196793
3553.142064 1814.358070
3462.187264 1786.904378
3636.096349 1742.460923
3732.854607 1769.954001
3706.161353 1860.545235
3610.019446 1831.525873
3793.410916 1787.160588
3895.858712 1816.270303
3868.114917 1909.429110
3766.329171 1878.706220
3960.028757 1834.503703
4068.683101 1865.376958
4039.808745 1961.252978
3931.867192 1928.672024
3174.648366 1756.161731
3256.098342 1781.656582
3232.266730 1864.923978
3151.316135 1838.137906
3306.957841 1797.576235
3392.798043 1824.445281
3368.119660 1909.876909
3282.812450 1881.649258
3446.436231 1841.234699
3537.031431 1869.592118
3511.447868 1957.303364
3421.422634 1927.514547
3593.682410 1887.324575
3689.438940 1917.297555
3662.885797 2007.413278
3567.740020 1975.930104
3749.363867 1936.054799
3850.735711 1967.785441
3823.141778 2060.441034
3722.425810 2027.114717
3914.226822 1987.658945
4021.722812 2021.306521
3993.009102 2116.649125
3886.219069 2081.312936
3136.695618 1889.506082
3217.333865 1917.099248
3193.617282 1999.964726
3113.474217 1971.092867
3267.683337 1934.328062
3352.657212 1963.404812
3328.101127 2048.413067
3243.655650 2017.991247
3405.750554 1981.572536
3495.419369 2012.255823
3469.966068 2099.520477
3380.862180 2067.420446
3551.487146 2031.441353
3646.251044 2063.868098
3619.836914 2153.512046
3525.678229 2119.591005
3705.550399 2084.159424
3805.856323 2118.482566
3778.411043 2210.639009
3678.754891 2174.737483
3868.674916 2139.978120
3975.023651 2176.369019
3946.469250 2271.182648
3840.819720 2233.121983
