4368 2912
691.386001 906.880096
1216.931965 775.987760
973.641008 1384.180779
1482.570514 1181.140545
742.465162 935.319331
804.267831 919.270021
844.232029 985.484842
782.640133 1002.702744
834.236979 911.487442
893.228307 896.168200
932.865756 960.707445
874.094180 977.136932
921.849574 888.735647
978.217118 874.097766
1017.516676 937.043434
961.376042 952.737446
1005.579436 866.992145
1059.494432 852.991156
1098.447342 914.419413
1044.764859 929.426254
1085.679074 846.191363
1137.298177 832.786585
1175.897729 892.768299
1124.515412 907.132132
1162.379570 826.273290
1211.846371 813.427437
1250.087607 872.028653
1200.860725 885.789938
803.539373 1037.755966
865.018210 1019.924499
905.816846 1087.521863
844.566747 1106.569072
894.823059 1011.279832
953.477119 994.267670
993.922937 1060.123131
935.505941 1078.289317
981.928131 986.015672
1037.947724 969.767618
1078.030542 1033.967825
1022.254531 1051.312732
1065.135091 961.882131
1118.693806 946.347835
1158.405812 1008.973180
1105.095655 1025.551270
1144.699882 938.804972
1195.956386 923.938415
1235.291796 985.063612
1184.287508 1000.924636
1220.856524 916.716320
1269.956130 902.475356
1308.910882 962.169967
1260.066027 977.359462
865.911772 1142.369985
927.039309 1122.684375
968.698793 1191.708038
907.818968 1212.658771
956.666473 1113.143197
1014.956799 1094.371287
1056.235967 1161.583642
998.200962 1181.555379
1043.224662 1085.267858
1098.870826 1067.347479
1139.760555 1132.840108
1084.375526 1151.899901
1125.870837 1058.652353
1179.048758 1041.526849
1219.542271 1105.384617
1166.629770 1123.593534
1204.864340 1033.213159
1255.734676 1016.830794
1295.827189 1079.132488
1245.225265 1096.546261
1280.442090 1008.873978
1329.151850 993.187410
1368.840272 1054.006305
1320.400816 1070.675902
929.624195 1249.231558
990.371418 1227.616404
1032.919287 1298.111989
972.439820 1321.044006
1019.806769 1217.142681
1077.705453 1196.541099
1119.843996 1265.152720
1062.219889 1287.002071
1105.776586 1186.552793
1161.022495 1166.895124
1202.743749 1233.719597
1147.777458 1254.561181
1187.822098 1157.359256
1240.593461 1138.582083
1281.891776 1203.709015
1229.403568 1223.610984
1266.206012 1129.468593
1316.665440 1111.514056
1357.537125 1175.026545
1307.363118 1194.051039
1341.168095 1102.795491
1389.464259 1085.610688
1429.907277 1147.585933
1381.897726 1165.789729
