4368 2912
3230.898643 2150.316584
3980.818543 2293.740937
3116.741534 2626.916110
3891.030276 2849.895749
3262.177756 2197.842344
3328.151960 2210.944179
3313.540880 2275.271041
3247.328062 2261.295357
3369.093699 2219.074810
3437.755873 2232.710450
3423.564161 2298.493896
3354.635916 2283.945060
3480.382812 2241.175747
3551.900643 2255.378492
3538.176148 2322.685299
3466.361942 2307.527317
3596.319014 2264.199549
3670.874429 2279.005529
3657.670027 2347.907134
3582.784739 2332.100932
3717.199579 2288.205255
3794.990298 2303.653734
3782.364501 2374.226670
3704.206832 2357.729760
3843.347698 2313.257045
3924.588977 2329.390772
3912.606630 2401.717162
3830.957297 2384.483258
3237.904050 2301.564335
3304.267109 2316.099820
3289.346819 2381.788014
3222.744007 2366.343474
3345.458715 2325.122007
3414.554647 2340.256072
3400.056386 2407.460478
3330.692603 2391.375697
3457.460150 2349.653654
3529.461312 2365.424051
3515.434098 2434.215440
3443.134032 2417.449763
3574.189948 2375.220953
3649.283504 2391.668676
3635.781567 2462.122840
3560.354745 2444.632098
3695.953993 2401.890902
3774.343530 2419.060543
3761.426960 2491.258776
3682.666071 2472.994897
3823.085131 2429.736404
3904.992515 2447.676558
3892.727989 2521.706199
3810.406978 2502.616763
3213.122006 2407.458463
3279.875747 2423.485432
3264.636326 2490.578633
3197.641783 2473.605739
3321.318639 2433.435495
3390.851207 2450.129634
3376.036355 2518.801543
3306.234227 2501.117354
3434.037380 2460.498243
3506.525975 2477.902098
3492.185912 2548.227734
3419.395936 2529.786581
3551.567785 2488.716229
3627.205000 2506.876038
3613.395359 2578.935834
3537.421503 2559.688055
3674.224669 2518.165035
3753.220199 2537.131147
3740.002695 2611.011476
3660.631398 2590.902963
3802.350925 2548.926989
3884.933506 2568.754318
3872.376715 2644.548093
3789.374878 2623.519792
3187.815487 2515.593681
3254.961589 2533.172707
3239.392688 2601.716483
3172.004832 2583.152899
3296.657103 2544.088703
3366.629066 2562.407549
3351.487140 2632.595558
3281.243986 2613.245416
3410.097956 2573.787819
3483.078000 2592.894187
3468.414506 2664.805976
3395.130659 2644.618202
3528.435857 2604.768994
3604.622215 2624.714783
3590.494228 2698.435732
3513.967885 2677.354736
3651.994899 2637.117077
3731.603611 2657.958848
3718.074532 2733.580754
3638.085630 2711.545913
3781.128416 2670.924574
3864.395375 2692.724084
3851.535747 2770.345812
3767.843851 2747.290894
