2912 4368
43.139545 2666.330865
967.040049 2348.944818
312.902350 3397.579666
1209.931842 2963.412301
125.577481 2707.401450
228.299125 2670.987280
264.206934 2767.039332
161.851199 2805.188802
287.937610 2649.845816
385.315015 2615.326145
420.647339 2708.731717
323.629138 2744.891812
441.890689 2595.270429
534.330330 2562.501164
569.098413 2653.401843
477.010864 2687.724212
588.073216 2543.449652
675.941368 2512.300951
710.156933 2600.827281
622.633484 2633.448543
727.059021 2494.180068
810.686605 2464.534621
844.361685 2550.807219
761.071239 2581.850779
859.366789 2447.277805
939.053544 2419.029357
972.200340 2503.159892
892.843066 2532.737503
184.284741 2865.665551
286.412708 2826.438951
322.599174 2923.236400
220.844805 2964.224838
345.700314 2803.667018
442.495017 2766.488885
478.094315 2860.600237
381.666050 2899.443228
498.726569 2744.890760
590.595132 2709.604722
625.619187 2801.174639
534.109532 2838.036329
644.000974 2689.091931
731.310108 2655.557136
765.771280 2744.718925
678.813271 2779.747132
782.098006 2636.049878
865.178908 2604.139115
899.089817 2691.015887
816.352111 2724.344082
913.536745 2585.565226
992.689295 2555.163314
1026.062692 2639.868993
947.245341 2671.617999
243.455787 3025.179935
344.977607 2983.097876
381.445987 3080.649433
280.305601 3124.520335
403.907120 2958.670859
500.107389 2918.794648
535.976698 3013.619812
440.150239 3055.185732
555.988030 2895.631427
647.274463 2857.792062
682.557328 2950.038636
591.636739 2989.476574
700.336866 2835.797035
787.076569 2799.842348
821.786002 2889.646464
735.403958 2927.115751
837.528681 2778.929319
920.053080 2744.721927
954.202305 2832.209242
872.027262 2867.853691
968.082881 2724.812976
1046.691956 2692.228535
1080.294287 2777.515274
1002.026224 2811.465021
303.096138 3185.959478
403.999102 3140.978175
440.752700 3239.292686
340.239160 3286.090313
462.563172 3114.871030
558.157051 3072.256450
594.299456 3167.803574
499.086892 3212.133145
613.679867 3047.505060
704.372923 3007.075208
739.917478 3100.005965
649.597327 3142.057698
757.085375 2983.576642
843.245052 2945.167714
878.205437 3035.621124
792.410069 3075.566185
893.355243 2922.829206
975.313151 2886.293375
1009.703212 2974.397693
928.100926 3012.390518
1023.009128 2865.031093
1101.065306 2830.234607
1134.898934 2916.108405
1057.189679 2952.288692
