4368 2912
572.942934 1698.124317
894.674400 1663.599813
590.381472 1897.880833
919.923027 1844.618412
595.597266 1713.791091
628.209983 1710.142948
630.603842 1734.958971
597.882528 1738.842356
649.349477 1707.778230
681.029061 1704.234470
683.593948 1728.670072
651.812506 1732.441913
701.568003 1701.936932
732.353939 1698.493138
735.079265 1722.559763
704.197774 1726.224798
752.317562 1696.259956
782.247136 1692.911956
785.122996 1716.620542
755.103763 1720.183243
801.659279 1690.740464
830.767733 1687.484318
833.784850 1710.845324
804.592260 1714.309918
849.650935 1685.371994
877.971602 1682.203972
881.121285 1705.227406
852.721657 1708.597892
599.505963 1756.638606
632.304321 1752.587051
634.730680 1777.739982
601.822529 1782.033024
653.562052 1749.961100
685.415741 1746.026239
688.014943 1770.788768
656.058326 1774.957678
706.065582 1743.475380
737.014833 1739.652243
739.776101 1764.036252
708.730335 1768.086336
757.082493 1737.173301
787.165288 1733.457197
790.078538 1757.474033
759.905230 1761.410300
806.675043 1731.047173
835.927265 1727.433669
838.983063 1751.094179
809.645945 1754.921361
854.902061 1725.089727
883.357639 1721.574632
886.547149 1744.889193
858.011936 1748.611762
603.468278 1800.073884
636.454325 1795.608200
638.913849 1821.104948
605.816795 1825.818554
657.831567 1792.714127
689.861192 1788.377924
692.495404 1813.473986
660.361762 1818.050386
710.623073 1785.567160
741.737279 1781.354887
744.535202 1806.062598
713.323512 1810.507695
761.909993 1778.623885
792.147470 1774.530305
795.098845 1798.861441
764.769990 1803.180806
811.755744 1771.875717
841.153033 1767.895882
844.248262 1791.861694
814.765308 1796.060588
860.220230 1765.314546
888.811871 1761.443781
892.041967 1785.055024
863.370012 1789.138418
607.485321 1844.109103
640.661135 1839.218245
643.154511 1865.065908
609.866455 1870.211321
662.159182 1836.048951
694.366604 1831.300855
697.036537 1856.737235
664.723995 1861.731861
715.241682 1828.223401
746.522502 1823.611907
749.357817 1848.649810
717.978527 1853.500181
766.801302 1820.622358
797.194941 1816.141655
800.185194 1840.793302
769.699301 1845.505578
816.902652 1813.236297
846.446323 1808.880898
849.581750 1833.157958
819.951637 1837.737955
865.606734 1806.056224
894.335601 1801.820945
897.607064 1825.734571
868.797195 1830.187781
