4368 2912
3251.285497 2088.676451
3664.811290 2119.124591
3231.421150 2352.725193
3662.333760 2392.324596
3273.951261 2112.828965
3313.191098 2115.775101
3310.957209 2150.590326
3271.507854 2147.534596
3337.645261 2117.611126
3377.227136 2120.582943
3375.337650 2155.577208
3335.542528 2152.494695
3401.894921 2122.435006
3441.823325 2125.432841
3440.284386 2160.607954
3400.138930 2157.498305
3466.707545 2127.301154
3506.987049 2130.325349
3505.804919 2165.683147
3465.304483 2162.546000
3532.090562 2132.210128
3572.725819 2135.261032
3571.906887 2170.803377
3531.046743 2167.638367
3598.051539 2137.162493
3639.047281 2140.240464
3638.598066 2175.969247
3597.373398 2172.776002
3269.928973 2169.960679
3309.513679 2173.087771
3307.238990 2208.538860
3267.441061 2205.298455
3334.183732 2175.036642
3374.116625 2178.191240
3372.192478 2213.827469
3332.042530 2210.558401
3399.004155 2180.157292
3439.289851 2183.339760
3437.722555 2219.163023
3397.215896 2215.864912
3464.397745 2185.323219
3505.040940 2188.533930
3503.836931 2224.546153
3462.968786 2221.218609
3530.372139 2190.535029
3571.377613 2193.774358
3570.543457 2229.977497
3529.308967 2226.620124
3596.935109 2195.793336
3638.307727 2199.061667
3637.850124 2235.457704
3596.244338 2232.070100
3265.833291 2228.134883
3305.768975 2231.449081
3303.452359 2267.553616
3263.299646 2264.122232
3330.658760 2233.514644
3370.948951 2236.858261
3368.989178 2273.154282
3328.478024 2269.692267
3396.060172 2238.942200
3436.709610 2242.315631
3435.113165 2278.805127
3394.238747 2275.312068
3462.045235 2244.418193
3503.058746 2247.821838
3501.832244 2284.506827
3460.589655 2280.982305
3528.621798 2249.943274
3570.004296 2253.377541
3569.154486 2290.260073
3527.538728 2286.703660
3595.797849 2255.518105
3637.554336 2258.983409
3637.088106 2296.065565
3595.094093 2292.476828
3261.662186 2287.380373
3301.955122 2290.888077
3299.595408 2327.664291
3259.081537 2324.035372
3327.068587 2293.074331
3367.722520 2296.613462
3365.726124 2333.587771
3324.847212 2329.926153
3393.061489 2298.819348
3434.081294 2302.390330
3432.454880 2339.564817
3391.205968 2335.870058
3459.648817 2304.616112
3501.039454 2308.219376
3499.789822 2345.596161
3458.165866 2341.867809
3526.838640 2310.465326
3568.605160 2314.101314
3567.739250 2351.682546
3525.735111 2347.920139
3594.639170 2316.367706
3636.786717 2320.036864
3636.311614 2357.824729
3593.922058 2354.027800
