4368 2912
1017.866260 1942.097596
1348.417783 1910.535735
1047.893312 2181.123865
1393.929965 2128.901413
1044.253895 1962.721927
1075.223219 1959.614423
1079.013946 1986.769034
1047.863470 1990.094194
1098.789158 1957.249785
1128.986824 1954.219711
1133.084916 1980.997224
1102.715723 1984.238986
1151.969212 1951.913627
1181.423706 1948.958123
1185.812878 1975.368774
1156.195939 1978.530237
1203.843954 1946.708445
1232.582376 1943.824793
1237.247251 1969.878408
1208.354959 1972.962518
1254.460858 1941.629477
1282.509008 1938.815088
1287.435065 1964.521107
1259.241145 1967.530669
1303.865127 1936.672186
1331.247579 1933.924594
1336.421094 1959.292089
1308.900527 1962.229774
1050.866318 2012.865507
1082.167219 2009.357284
1086.051712 2037.183583
1054.565835 2040.919825
1105.981772 2006.688136
1136.493346 2003.268382
1140.691514 2030.699802
1110.004921 2034.341198
1159.711124 2000.666121
1189.462856 1997.331531
1193.957860 2024.379002
1164.040497 2027.929117
1212.106013 1994.793673
1241.125937 1991.541104
1245.901893 2018.215112
1216.725194 2021.677337
1263.215543 1989.065289
1291.530333 1985.891752
1296.572248 2012.202362
1268.109046 2015.579921
1313.086442 1983.475731
1340.721488 1980.378380
1346.015204 2006.335261
1318.239642 2009.631221
1057.643976 2064.262098
1089.283468 2060.334043
1093.265250 2088.857263
1061.436839 2093.024281
1113.351802 2057.345950
1144.183688 2053.518160
1148.485642 2081.627734
1117.475141 2085.687671
1167.641570 2050.605855
1197.696380 2046.874539
1202.301092 2074.582143
1172.077374 2078.539073
1220.566743 2044.035175
1249.873491 2040.396731
1254.764543 2067.713558
1225.298041 2071.571352
1272.178134 2037.627601
1300.764403 2034.078605
1305.926312 2061.015390
1277.188922 2064.777728
1322.524060 2031.377135
1350.416096 2027.914328
1355.834251 2054.481375
1327.799242 2058.151757
1064.593139 2116.959262
1096.578457 2112.591187
1100.661229 2141.837841
1068.482926 2146.456443
1120.905894 2109.268910
1152.064686 2105.013709
1156.474324 2133.826901
1125.133213 2138.325339
1175.767522 2101.776731
1206.131416 2097.630086
1210.849901 2126.022290
1180.313731 2130.405194
1229.233400 2094.475163
1258.832432 2090.432971
1263.842792 2118.416137
1234.080945 2122.687902
1281.356124 2087.357023
1310.218834 2083.415387
1315.505073 2111.000970
1286.488466 2115.165768
1332.185680 2080.415484
1360.339206 2076.570698
1365.886240 2103.769682
1337.587228 2107.831484
