4368 2912
734.023068 2121.593475
1690.884545 2045.218483
761.778736 2796.584294
1724.366442 2682.126722
794.426080 2173.880047
892.739528 2165.726390
896.672286 2256.886849
798.274824 2265.566451
950.851474 2160.906857
1047.414900 2152.898339
1051.477407 2243.231551
954.833327 2251.756487
1104.497015 2148.164217
1199.356732 2140.296996
1203.543805 2229.817834
1108.606655 2238.192202
1255.436151 2135.646031
1348.636853 2127.916402
1352.943521 2216.639345
1259.668476 2224.867099
1403.739767 2123.346424
1495.324599 2115.750807
1499.746091 2203.689948
1408.089880 2211.774907
1549.476290 2111.259719
1639.486914 2103.794660
1644.018654 2190.963723
1553.939497 2198.909570
800.649904 2322.146611
899.099187 2313.141893
903.045642 2404.619849
804.512129 2414.154159
957.290511 2307.819391
1053.984337 2298.975237
1058.060867 2389.620251
961.286185 2398.984372
1111.142657 2293.747220
1206.127565 2285.059372
1210.328962 2374.886471
1115.266436 2384.084920
1262.280145 2279.923345
1355.601040 2271.387698
1359.922312 2360.411504
1266.526901 2369.448640
1410.774195 2266.341255
1502.474425 2257.953842
1506.910781 2346.188591
1415.139013 2355.068620
1556.693557 2252.994659
1646.814978 2244.751654
1651.361819 2332.211206
1561.171718 2340.938189
806.895537 2470.932673
905.481003 2461.070990
909.441227 2552.868105
810.771313 2563.263054
963.751906 2455.242047
1060.576458 2445.556513
1064.667083 2536.514946
967.761473 2546.724023
1117.811169 2439.831221
1212.921569 2430.317156
1217.137364 2520.452088
1121.949158 2530.480236
1269.147483 2424.692776
1362.588851 2415.345668
1366.924801 2504.671870
1273.408744 2514.523856
1417.832407 2409.819556
1509.648295 2400.635046
1514.099587 2489.166897
1422.212003 2498.847322
1563.935014 2395.204648
1654.167469 2386.178533
1658.729487 2473.930029
1568.428205 2483.443336
813.163091 2620.240966
911.885092 2609.516371
915.859157 2701.634317
817.052491 2712.895883
970.235775 2603.177486
1067.191379 2592.644782
1071.296172 2683.918264
974.259309 2694.978115
1124.502669 2586.418812
1219.738863 2576.072895
1223.969130 2666.517246
1128.654943 2677.380754
1276.038286 2569.956847
1369.600406 2559.792793
1373.951109 2649.422934
1280.314126 2660.095281
1424.914524 2553.783782
1516.846326 2543.796836
1521.312633 2632.627291
1429.308973 2643.113478
1571.200783 2537.892079
1661.544511 2528.077652
1666.121783 2616.122556
1575.709079 2626.427413
