4368 2912
3013.824644 1712.728782
4072.647497 1739.374780
2885.737393 2359.339860
4009.409979 2438.158385
3058.955090 1763.431207
3162.742578 1766.386984
3146.459403 1856.798781
3041.860876 1853.183368
3218.165868 1767.965390
3324.199382 1770.985131
3309.203816 1862.423985
3202.321133 1858.729622
3380.828579 1772.597880
3489.181824 1775.683685
3475.534587 1868.173153
3366.292103 1864.397223
3547.056720 1777.331911
3657.806662 1780.485971
3645.571585 1874.050423
3533.890277 1870.190197
3716.968815 1782.170857
3830.195863 1785.395463
3819.440079 1880.060128
3705.237357 1876.112750
3890.688704 1787.118246
4006.476904 1790.415791
3997.271051 1886.206795
3880.460552 1882.169281
3032.379071 1902.967023
3137.426589 1906.953181
3120.683660 1999.917742
3014.805639 1995.235279
3193.531082 1909.082135
3300.884027 1913.155775
3285.460372 2007.205001
3177.237272 2002.418829
3358.226599 1915.331710
3467.961706 1919.495745
3453.920507 2014.655160
3343.273544 2009.761792
3526.583797 1921.720232
3638.781246 1925.977704
3626.188969 2022.273743
3513.035793 2017.269538
3698.726162 1928.252388
3813.469772 1932.606476
3802.396376 2030.066527
3686.650862 2024.947674
3874.782800 1934.933075
3992.160235 1939.387106
3982.679388 2038.039553
3864.251416 2032.802069
3005.056150 2046.424390
3111.393997 2051.498289
3094.171565 2147.125276
2986.983065 2141.316051
3168.196318 2054.208605
3276.901369 2059.395456
3261.031027 2156.168449
3151.434067 2150.228694
3334.975240 2062.166444
3446.127430 2067.470059
3431.674958 2165.416727
3319.587439 2159.341993
3505.516031 2070.303780
3619.198934 2075.728147
3606.233583 2174.877167
3491.569635 2168.662800
3679.947421 2078.626755
3796.248461 2084.176046
3784.843175 2184.557154
3667.512935 2178.198284
3858.404083 2087.141796
3977.414757 2092.820378
3967.646407 2194.464422
3847.555779 2187.955948
2976.954395 2193.970986
3084.613939 2200.193678
3066.891106 2298.599125
2958.360040 2291.599547
3142.131310 2203.518165
3252.222343 2209.881397
3235.885626 2309.498220
3124.880123 2302.339056
3311.046106 2213.281394
3423.651940 2219.789979
3408.769857 2320.648177
3295.204319 2313.323907
3483.827113 2223.268087
3599.034911 2229.927065
3585.679658 2332.057759
3469.464492 2324.562604
3660.608607 2233.486009
3778.509608 2240.300653
3766.757284 2343.736139
3647.798668 2336.064048
3841.531153 2243.943281
3962.220912 2250.919115
3952.151778 2355.692930
3830.351406 2347.837564
