4368 2912
1508.650297 1736.783407
2232.585215 1766.506613
1621.481575 2291.034514
2402.208361 2264.062358
1594.318394 1806.991408
1641.564703 1808.553975
1650.942209 1850.387236
1603.364278 1849.099290
1713.048774 1810.918154
1758.705371 1812.428145
1768.881777 1853.579885
1722.917752 1852.335629
1827.804222 1814.713438
1871.950012 1816.173462
1882.867180 1856.665496
1838.436310 1855.462742
1938.781061 1818.383753
1981.489814 1819.796251
1993.093993 1859.649360
1950.120832 1858.486067
2046.162901 1821.935172
2087.503658 1823.302426
2099.745109 1862.536430
2058.159076 1861.410686
2150.121644 1825.373378
2190.159094 1826.697529
2202.991740 1865.331339
2162.726742 1864.241357
1617.879926 1916.668491
1665.987772 1917.505828
1675.778189 1961.181098
1627.326938 1960.643594
1738.748305 1918.772255
1785.203137 1919.580821
1795.819778 1962.512803
1749.047186 1961.993922
1855.484827 1920.804104
1900.370401 1921.585356
1911.751714 1963.798917
1866.572030 1963.297707
1968.297801 1922.767661
2011.692311 1923.522960
2023.781491 1965.041741
1980.114702 1964.557315
2077.381765 1924.666312
2119.358294 1925.396932
2132.102859 1966.243426
2089.874230 1965.774955
2182.918607 1926.503225
2223.545536 1927.210355
2236.896956 1967.405980
2196.036589 1966.952688
1642.493497 2031.242733
1691.493633 2031.288041
1701.724847 2076.929716
1652.368924 2077.212069
1765.574946 2031.356538
1812.854943 2031.400255
1823.941018 2076.230549
1776.332445 2076.502906
1884.358230 2031.466370
1930.007102 2031.508579
1941.882803 2075.555835
1895.930406 2075.818717
1999.064632 2031.572432
2043.165356 2031.613208
2055.770590 2074.904312
2011.389425 2075.158206
2109.900503 2031.674914
2152.530519 2031.714331
2165.809866 2074.274806
2122.920703 2074.520164
2217.058494 2031.773995
2258.290165 2031.812120
2272.192464 2073.666219
2230.721312 2073.903464
1668.231178 2151.049618
1718.155926 2150.229125
1728.858391 2197.973062
1678.564835 2199.151982
1793.604507 2148.989159
1841.737862 2148.198107
1853.325208 2195.055462
1804.851955 2196.191712
1914.503227 2147.002239
1960.939905 2146.239072
1973.342921 2192.242152
1926.592907 2193.338009
2031.162690 2145.084989
2075.990846 2144.348257
2089.145896 2189.527638
2044.028834 2190.585218
2143.802024 2143.233808
2187.103809 2142.522161
2200.952319 2186.906807
2157.384121 2187.928080
2252.625512 2141.445338
2294.477579 2140.757517
2308.965570 2184.374892
2266.867827 2185.361695
