4368 2912
3046.836147 2248.564288
3856.507034 2005.660607
3091.052392 2670.903185
4026.470486 2393.832993
3091.582911 2266.083456
3177.469318 2240.341060
3186.320276 2296.119269
3098.714117 2322.333233
3220.152677 2227.547744
3306.228749 2201.748501
3317.662755 2256.818299
3229.859265 2283.091309
3349.006420 2188.926918
3435.272787 2163.070638
3449.301357 2217.428720
3361.299869 2243.760977
3478.145082 2150.220693
3564.602378 2124.307188
3581.237087 2177.950234
3493.036930 2204.341937
3607.569610 2111.428788
3694.218466 2085.457866
3713.470949 2138.382539
3625.071451 2164.833891
3737.280953 2072.550916
3824.122009 2046.522388
3846.003958 2098.725332
3757.404441 2125.236535
3102.497274 2352.174149
3191.015879 2325.710679
3200.421645 2384.985249
3110.075140 2411.947101
3235.008855 2312.558566
3323.728919 2286.034868
3335.880481 2344.560649
3245.324120 2371.585129
3367.822074 2272.852805
3456.744285 2246.268674
3471.654266 2304.042061
3380.887316 2331.129386
3500.937964 2233.056558
3590.063015 2206.411786
3607.744102 2263.429154
3516.765826 2290.579545
3634.357561 2193.169515
3723.686144 2166.463895
3744.151090 2222.721601
3652.960752 2249.935276
3768.081903 2153.191366
3857.614719 2126.424689
3880.876343 2181.919068
3789.473198 2209.196252
3114.099003 2443.686667
3205.416245 2416.460923
3215.430668 2479.571218
3122.166848 2507.324487
3250.801743 2402.929482
3342.333372 2375.639821
3355.272223 2437.957435
3261.784787 2465.777248
3387.825485 2362.076592
3479.572256 2334.722788
3495.449407 2396.243776
3401.737551 2424.130372
3525.171359 2321.127661
3617.134033 2293.709486
3635.963429 2354.429881
3542.026344 2382.383500
3662.840506 2280.082348
3755.019843 2252.599576
3776.815505 2312.515390
3682.652377 2340.536274
3800.834064 2238.940313
3893.230834 2211.392714
3918.006855 2270.499937
3823.616868 2298.588330
3126.455142 2541.149846
3220.753762 2513.117035
3231.437895 2580.447805
3135.062072 2609.039886
3267.622818 2499.183942
3362.150038 2471.083174
3375.955247 2537.573443
3279.340652 2566.236361
3409.132784 2457.116283
3503.889436 2428.947309
3520.831012 2494.592748
3423.976758 2523.326768
3550.986286 2414.946499
3645.973206 2386.709072
3666.066526 2451.505326
3568.971718 2480.310712
3693.184577 2372.674218
3788.402606 2344.368086
3811.663130 2408.310779
3714.326871 2437.187797
3835.728914 2330.299064
3931.178896 2301.923978
3957.622171 2365.008707
3860.043560 2393.957623
