3121.685167 1325.800106
3996.223773 1579.361040
2925.015070 1881.953170
3795.281357 2178.081363
3156.599049 1390.868944
3234.069050 1413.642762
3208.536786 1486.440879
3131.120232 1463.184817
3286.585574 1429.081018
3365.689114 1452.335047
3340.069041 1525.953388
3261.017822 1502.206270
3419.318868 1468.100560
3500.108166 1491.850150
3474.402307 1566.307325
3393.664098 1542.053432
3554.886927 1507.953435
3637.416449 1532.214598
3611.627022 1607.529859
3529.147237 1582.752794
3693.381543 1548.666629
3777.708129 1573.456074
3751.837555 1649.649337
3667.559230 1624.331987
3834.898514 1590.268303
3921.081506 1615.603475
3895.132429 1692.695356
3808.996089 1666.819856
3113.464143 1513.297643
3190.843407 1536.888606
3165.193162 1610.023116
3087.868323 1585.945602
3243.299679 1552.881186
3322.314380 1576.970753
3296.574669 1650.932870
3217.613283 1626.345766
3375.885216 1593.303134
3456.587757 1617.907280
3430.760577 1692.715862
3350.110135 1667.602817
3511.309060 1634.590409
3593.754104 1659.725800
3567.841647 1735.400354
3485.447367 1709.744309
3649.663338 1676.771099
3733.907936 1702.455128
3707.912599 1779.015838
3623.717304 1752.798992
3791.044207 1719.874520
3877.147928 1746.125348
3851.072330 1823.593111
3765.016316 1796.796872
3070.131060 1636.288818
3147.417929 1660.704227
3121.648882 1734.177467
3044.417430 1709.271157
3199.812826 1677.256105
3278.737003 1702.188750
3252.876813 1776.497058
3174.006959 1751.062381
3332.247780 1719.093142
3412.861850 1744.559634
3386.912489 1819.722117
3306.351539 1793.742080
3467.524538 1761.827922
3549.883365 1787.845594
3523.846997 1863.882017
3441.539972 1837.338890
3605.735564 1805.489656
3689.896409 1832.076597
3663.775405 1909.007419
3579.664917 1881.882694
3746.977374 1850.108833
3833.000034 1877.283934
3806.796986 1955.130335
3720.823104 1927.404686
3026.598433 1759.846356
3103.791226 1785.093584
3077.902550 1858.907912
3000.766177 1833.165388
3156.123612 1802.209789
3234.955557 1827.993129
3208.974041 1902.650064
3130.197438 1876.360150
3288.405121 1845.474726
3368.928988 1871.811439
3342.856576 1947.330338
3262.386864 1920.475388
3423.531888 1889.670254
3505.802736 1916.578347
3479.641566 1992.979242
3397.423571 1965.540842
3561.596711 1934.826724
3645.672016 1962.324995
3619.424431 2039.628619
3535.400550 2011.587545
3702.696466 1980.975820
3788.636250 2009.083901
3762.304817 2087.311723
3676.414893 2058.647899
