4368 2912
3476.052588 2189.489707
4024.292701 2207.207604
3465.585840 2542.597678
4049.136477 2587.812697
3506.640443 2220.136700
3557.143941 2221.948393
3556.488156 2268.228325
3505.590549 2266.106437
3588.806990 2223.084231
3640.368509 2224.933878
3640.373358 2271.725444
3588.400905 2269.558747
3672.698369 2226.093636
3725.351507 2227.982442
3726.045315 2275.297051
3672.963605 2273.084110
3758.369465 2229.166884
3812.149259 2231.096107
3813.561730 2278.945554
3759.334869 2276.684872
3845.877522 2232.306028
3900.820524 2234.276979
3902.982815 2282.673461
3847.573341 2280.363475
3935.282259 2235.513212
3991.426621 2237.527259
3994.371434 2286.483392
3937.740233 2284.122474
3504.909464 2295.927787
3556.062702 2298.253396
3555.389569 2345.757509
3503.831980 2343.105604
3588.137434 2299.711628
3640.376503 2302.086602
3640.381481 2350.129133
3587.720562 2347.420478
3673.135716 2303.575953
3726.495562 2306.001882
3727.208120 2354.595128
3673.408072 2351.827881
3759.961401 2307.523358
3814.478484 2310.001900
3815.929543 2359.158583
3760.953001 2356.330822
3848.674061 2311.556552
3904.386441 2314.089436
3906.608458 2363.822723
3850.416406 2360.932441
3939.335888 2315.678362
3996.283308 2318.267395
3999.310372 2368.590917
3941.862045 2365.636019
3503.132878 2373.715831
3554.952786 2376.582072
3554.261610 2425.359589
3502.026700 2422.149983
3587.450048 2378.379546
3640.384712 2381.307445
3640.389824 2430.651787
3587.021956 2427.372567
3673.584834 2383.143796
3727.670617 2386.135365
3728.402695 2436.059790
3673.864602 2432.708664
3761.596652 2388.011868
3816.871515 2391.069207
3818.362766 2441.587439
3762.615531 2438.162017
3851.547532 2392.987192
3908.051123 2396.112494
3910.335377 2447.238751
3853.338341 2443.736534
3943.502271 2398.073353
4001.276022 2401.268909
4004.388832 2453.017920
3946.099488 2449.436297
3501.308858 2453.580810
3553.813039 2457.016007
3553.103084 2507.118826
3500.172824 2503.322159
3586.744110 2459.170592
3640.393144 2462.680693
3640.398396 2513.380485
3586.304337 2509.500339
3674.046206 2464.882516
3728.877950 2468.469999
3729.630361 2519.781060
3674.333691 2515.814651
3763.277011 2470.720630
3819.331009 2474.388081
3820.864145 2526.325224
3764.324310 2522.269643
3854.501152 2476.689162
3911.818734 2480.439286
3914.167877 2533.017865
3856.342477 2528.870072
3947.786178 2482.792532
4006.410557 2486.628156
4009.612810 2539.864094
3950.457497 2535.620905
