4368 2912
2578.312215 1576.085823
4103.109589 1564.548379
2583.052035 2589.911227
4186.211879 2583.597318
2681.453025 1670.889070
2815.574592 1669.916000
2817.631854 1789.879936
2682.697771 1790.800623
2918.535511 1669.169005
3052.886278 1668.194272
3056.383123 1788.250884
2921.217053 1789.173152
3156.023224 1667.446001
3290.603781 1666.469601
3295.545144 1786.619028
3160.146488 1787.542883
3393.917205 1665.720049
3528.728141 1664.741977
3535.118979 1784.984362
3399.487137 1785.909808
3632.218495 1663.991142
3767.260403 1663.011395
3775.105693 1783.346878
3639.240060 1784.273920
3870.928143 1662.259272
4006.201617 1661.277845
4015.506352 1781.706571
3879.406325 1782.635212
2683.690178 1886.403248
2819.272069 1885.524830
2821.374480 2008.121440
2684.962227 2008.945029
2923.355002 1884.850490
3059.171114 1883.970554
3062.744765 2006.664167
2926.095413 2007.489187
3163.433929 1883.295048
3299.484869 1882.413591
3304.534862 2005.204358
3167.647794 2006.030814
3403.928034 1881.736916
3540.214412 1880.853934
3546.745867 2003.742008
3409.620461 2004.569903
3644.838395 1880.176087
3781.360821 1879.291576
3789.378881 2002.277110
3652.014514 2003.106449
3886.166093 1878.612555
4022.925182 1877.726510
4032.435007 2000.809658
3894.831053 2001.640443
2685.976522 2106.656230
2823.050890 2105.876884
2825.199950 2231.193791
2687.276783 2231.915739
2928.280558 2105.278593
3065.594331 2104.497887
3069.247348 2229.916346
2931.081800 2230.639562
3171.007869 2103.898552
3308.561675 2103.116480
3313.723920 2228.636655
3175.315353 2229.361143
3414.159563 2102.516096
3551.954034 2101.732656
3558.630801 2227.354712
3419.978570 2228.080475
3657.736757 2101.131221
3795.772524 2100.346410
3803.969125 2226.070510
3665.072589 2226.797552
3901.740566 2099.743921
4040.018264 2098.957734
4049.740036 2224.784043
3910.598547 2225.512367
2688.313698 2331.806047
2826.913765 2331.130423
2829.111046 2459.259183
2689.643120 2459.874707
2933.315720 2330.611752
3072.160553 2329.934935
3075.895609 2458.170032
2936.179840 2458.786649
3178.750495 2329.415347
3317.840743 2328.737333
3323.119024 2457.078944
3183.154753 2457.696658
3424.619171 2328.216827
3563.955485 2327.537614
3570.782465 2455.985914
3430.569028 2456.604728
3670.922900 2327.016187
3810.505934 2326.335770
3818.887107 2454.890936
3678.423838 2455.510853
3917.662837 2325.813420
4057.493247 2325.131798
4067.434130 2453.794006
3926.720360 2454.415028
