4368 2912
180.806847 1512.341543
1106.352982 1445.844396
440.594781 2232.746332
1390.972216 2079.287723
265.343012 1571.579434
361.045039 1564.001926
393.820998 1651.078550
297.721355 1659.724736
422.815024 1559.111094
514.997398 1551.812266
548.375869 1637.173086
455.838226 1645.498795
574.516391 1547.099663
663.369768 1540.064419
697.285610 1623.775520
608.115530 1631.798246
720.758608 1535.520478
806.460117 1528.734792
840.853956 1610.858525
754.870903 1618.594510
861.831147 1524.350618
944.545571 1517.801444
979.363237 1598.396699
896.399354 1605.861047
998.003371 1513.568755
1077.884202 1507.243940
1113.076232 1586.366400
1032.975243 1593.573170
320.885151 1722.784781
417.265549 1713.364215
450.953577 1802.863953
354.175096 1813.411787
479.457222 1707.285378
572.245333 1698.215935
606.535077 1785.907210
513.392400 1796.058780
632.140439 1692.361573
721.533421 1683.623982
756.358025 1769.578089
666.650046 1779.355312
779.256860 1677.981886
865.437705 1669.558261
900.736324 1753.842377
814.276501 1763.265586
921.105481 1664.117093
1004.244263 1655.990811
1039.961470 1738.668304
956.576528 1747.756383
1057.964263 1650.740025
1138.219255 1642.895614
1174.304515 1724.026329
1093.833290 1732.796844
377.995678 1878.259837
475.055094 1866.894991
509.693798 1958.920412
412.236273 1971.474849
537.668192 1859.563521
631.060679 1848.628043
666.299531 1938.746529
572.553652 1950.822833
691.330415 1841.570961
781.259923 1831.040968
817.030309 1919.329455
726.788005 1930.954430
839.315431 1824.243154
925.971061 1814.096505
962.210636 1900.627387
875.279106 1911.825870
981.932158 1807.543929
1065.489489 1797.760065
1102.141553 1882.601547
1018.341883 1893.396584
1119.467502 1791.439691
1200.089779 1781.999498
1237.102713 1865.215908
1156.268656 1875.628916
436.741977 2038.188043
534.480286 2024.771230
570.110484 2119.430776
471.974534 2134.103524
597.514023 2016.118411
691.508703 2003.215497
727.736621 2095.863382
633.390247 2109.969533
752.151030 1994.890954
842.613122 1982.472968
879.368348 2073.192240
788.596209 2086.763991
900.997591 1974.458368
988.122565 1962.498477
1025.341231 2051.367177
937.943994 2064.434331
1044.372968 1954.776826
1128.342134 1943.250142
1165.966244 2030.341698
1081.759131 2042.931882
1182.573374 1935.805667
1263.555143 1924.689072
1301.531990 2010.072652
1220.343468 2022.211514
