4368 2912
160.444743 554.640908
1184.875557 455.139200
285.366572 1253.931525
1305.759516 1098.853319
234.104269 607.578802
341.299959 596.699277
358.272996 690.847375
251.128661 702.510878
404.406652 590.294440
508.852763 579.693974
525.742644 672.616988
421.348783 683.981080
570.351094 573.452375
672.152075 563.120370
688.957525 654.849766
587.209571 665.925830
732.102757 557.035843
831.357835 546.962227
848.077750 637.528279
748.876371 648.327128
889.818562 541.028920
986.622060 531.204121
1003.255497 620.635962
906.506271 631.167875
1043.647696 525.416464
1138.089337 515.831375
1154.635497 604.157059
1060.248612 614.431813
261.630139 761.069631
368.742683 748.921902
385.760642 843.319181
278.699959 856.255035
431.799339 741.770589
536.160861 729.934855
553.094869 823.100639
448.786093 835.703986
597.608350 722.966040
699.323489 711.430435
716.172286 803.396434
614.510661 815.679934
759.222635 704.637219
858.390788 693.390470
875.153287 784.187188
776.039309 796.162863
916.799382 686.766298
1013.515032 675.797690
1030.190308 765.454484
933.529395 777.133760
1070.488028 669.336331
1164.841043 658.635672
1181.428313 747.180803
1087.130509 758.574552
289.229479 914.970158
396.258057 901.547516
413.321118 996.194969
306.344913 1010.409905
459.264192 893.645805
563.540321 880.568352
580.518629 973.977858
476.295745 987.826936
624.936496 872.868550
726.565004 860.123140
743.457316 952.326657
641.882811 965.823820
786.412150 852.617603
885.492609 840.191748
902.297856 931.220017
803.272050 944.378510
943.848617 832.873218
1040.475666 820.755050
1057.192939 910.637646
960.621095 923.470058
1097.395579 813.616624
1191.659231 801.794853
1208.287763 890.560251
1114.079781 903.078555
316.902587 1069.282025
423.846372 1054.577722
440.954714 1149.476342
334.063816 1164.977138
486.801497 1045.921667
590.991424 1031.596007
608.014206 1125.250192
503.878028 1140.351511
652.335807 1023.161421
753.876893 1009.199965
770.812890 1101.641923
669.326300 1116.359013
813.671573 1000.978457
912.663561 987.367491
929.511720 1078.628195
830.574867 1092.975534
970.966525 979.351088
1067.504217 966.077576
1084.263645 1056.186828
987.781632 1070.178178
1124.370599 958.258697
1218.544148 945.310245
1235.214097 1034.296732
1141.096679 1047.945180
