2912 4368
1743.559095 3310.402660
2483.584628 3557.287748
1520.838795 3864.181394
2259.616943 4211.109693
1764.702789 3369.376496
1829.710297 3391.713529
1799.891511 3467.642750
1734.928545 3444.187430
1869.310280 3405.320359
1937.140331 3428.627237
1907.268133 3506.411806
1839.468876 3481.932425
1978.478509 3442.831324
2049.319005 3467.172612
2019.417902 3546.904241
1948.592465 3521.332236
2092.512387 3482.014160
2166.568285 3507.460282
2136.666321 3589.237577
2062.607477 3562.498128
2211.744620 3522.983186
2289.239915 3549.611110
2259.369175 3633.540273
2181.850334 3605.551570
2336.538961 3565.863392
2417.718948 3593.757401
2387.916142 3679.953026
2306.689037 3650.625429
1716.427714 3490.672723
1781.360872 3514.828336
1751.014225 3592.101677
1686.133403 3566.790380
1820.922883 3529.545697
1888.700774 3554.759571
1858.288148 3633.951366
1790.548940 3607.524956
1930.015142 3570.128821
2000.828888 3596.472057
1970.374681 3677.678549
1899.583944 3650.061676
2044.014674 3612.537489
2118.072915 3640.087700
2087.605115 3723.412470
2013.551905 3694.522841
2163.260214 3656.897709
2240.791150 3685.739789
2210.341865 3771.294514
2132.795336 3741.042072
2288.122403 3703.347364
2369.376151 3733.574358
2338.982207 3821.479667
2257.689211 3789.765655
1667.308002 3614.091189
1732.154095 3640.126267
1701.265445 3718.779739
1636.479877 3691.550109
1771.670500 3655.991720
1839.383356 3683.177776
1808.415504 3763.815333
1740.749633 3735.375100
1880.666199 3699.752437
1951.440214 3728.167519
1920.417410 3810.890179
1849.674793 3781.156776
1994.610641 3745.500027
2068.658193 3775.229402
2037.608343 3860.145992
1963.574254 3829.029171
2113.848687 3793.372948
2191.402266 3824.509958
2160.357464 3911.737934
2082.796725 3879.138848
2238.758005 3843.522828
2320.072647 3876.169869
2289.069803 3965.836240
2207.724280 3931.646395
1617.321290 3739.688084
1682.066957 3767.665908
1650.621654 3847.736819
1585.945118 3818.524031
1721.529726 3784.718516
1789.163995 3813.944560
1757.625571 3896.067835
1690.047031 3865.544283
1830.407183 3831.766519
1901.127771 3862.326220
1869.520297 3946.607908
1798.839956 3914.683351
1944.274640 3880.970796
2018.297728 3912.957570
1986.648987 3999.512034
1912.648282 3966.087750
2063.483192 3932.483061
2141.045633 3965.999255
2109.387672 4054.950054
2031.827009 4019.917825
2188.417659 3986.469602
2269.779510 4021.627593
2238.149283 4113.108481
2156.765450 4076.349422
