4368 2912
3923.126782 1512.311441
4267.496586 1536.519161
3731.375415 1838.368446
4034.472587 1885.823564
3925.753858 1543.085745
3956.468556 1545.447033
3928.605353 1591.827063
3898.403986 1589.152843
3976.140797 1546.959397
4007.607661 1549.378510
3978.879749 1596.278677
3947.946439 1593.539646
4027.764615 1550.928138
4060.011617 1553.407227
4030.384617 1600.839245
3998.692428 1598.033017
4080.671421 1554.995513
4113.727938 1557.536836
4083.165689 1605.512815
4050.686350 1602.636889
4134.909646 1559.165247
4168.806546 1561.771175
4137.270994 1610.303642
4103.974810 1607.355387
4190.530189 1563.441248
4225.299932 1566.114280
4192.751003 1615.216194
4158.606766 1612.192846
3880.845490 1618.727715
3910.719498 1621.599178
3883.777035 1666.446579
3854.392962 1663.283362
3929.849435 1623.437931
3960.442595 1626.378519
3932.675244 1671.710508
3902.591007 1668.471918
3980.035827 1628.261803
4011.374425 1631.274042
3982.749923 1677.101085
3951.940196 1673.784395
4031.447990 1633.203495
4063.559605 1636.290036
4034.044051 1682.622937
4002.482271 1679.225287
4084.131386 1638.267377
4117.044978 1641.431003
4086.602720 1688.280916
4054.261010 1684.799307
4138.133755 1643.458038
4171.879746 1646.701672
4140.473275 1694.080122
4107.322366 1690.511402
3837.405862 1691.895796
3866.477369 1695.242949
3840.410750 1738.632453
3811.807228 1735.013177
3885.089792 1697.385892
3914.849444 1700.812274
3887.995270 1744.653444
3858.721453 1740.949353
3933.905057 1703.006245
3964.377582 1706.514703
3936.705544 1750.816878
3906.737591 1747.024957
3983.892405 1708.761545
4015.103725 1712.355064
3986.582000 1757.127872
3955.894927 1753.244960
4035.094561 1714.656712
4067.071875 1718.338424
4037.667025 1763.591791
4006.234632 1759.614570
4087.556353 1720.696908
4120.328210 1724.470100
4090.005086 1770.214258
4057.799887 1766.139253
3795.364079 1762.709401
3823.668919 1766.500270
3798.436119 1808.501830
3770.578650 1804.457049
3841.787082 1768.926837
3870.750914 1772.805965
3844.765599 1815.228665
3816.265935 1811.090641
3889.293370 1775.289358
3918.939478 1779.259863
3892.173145 1822.112031
3863.008821 1817.877501
3937.921307 1781.802101
3968.274088 1785.867251
3940.696829 1829.157456
3910.844321 1824.823003
3987.711094 1788.470450
4018.796118 1792.633670
3990.376537 1836.370730
3959.811197 1831.932778
4038.704873 1795.300050
4070.548961 1799.564931
4041.254082 1843.757925
4009.950066 1839.212720
