2912 4368
2215.277312 2842.892211
2386.432755 2838.677967
2233.205344 2953.174281
2410.210082 2943.107284
2226.770711 2851.764831
2244.695433 2851.277732
2247.242052 2865.906692
2229.232310 2866.472731
2254.756333 2851.004330
2272.394231 2850.525025
2275.070228 2865.032064
2257.350227 2865.588996
2282.294784 2850.255981
2299.652688 2849.784285
2302.453631 2864.171415
2285.016435 2864.719459
2309.396696 2849.519494
2326.481222 2849.055227
2329.402840 2863.324412
2312.241731 2863.863779
2336.072368 2848.794590
2352.889923 2848.337578
2355.928099 2862.490734
2339.036574 2863.021628
2362.331777 2848.080998
2378.888570 2847.631072
2382.039336 2861.670069
2365.411090 2862.192688
2230.749829 2875.539813
2248.811913 2874.924697
2251.403770 2889.813521
2233.255386 2890.510355
2258.949189 2874.579466
2276.719727 2873.974279
2279.442873 2888.736918
2261.589024 2889.422443
2286.694033 2873.634598
2304.180027 2873.039101
2307.029922 2887.677673
2289.463496 2888.352162
2313.995261 2872.704838
2331.203492 2872.118800
2334.175761 2886.635368
2316.889874 2887.299086
2340.863429 2871.789825
2357.800463 2871.213024
2360.890893 2885.609602
2343.878876 2886.262803
2367.308759 2870.889213
2383.980957 2870.321431
2387.185485 2884.599982
2370.440882 2885.242916
2234.800125 2899.740076
2253.001642 2898.992434
2255.639952 2914.148108
2237.350827 2914.980360
2263.216431 2898.572852
2281.121563 2897.837384
2283.893114 2912.862439
2265.903439 2913.681065
2291.170695 2897.424607
2308.786622 2896.701018
2311.686763 2911.597681
2293.989242 2912.403012
2318.674094 2896.294882
2336.007767 2895.582887
2339.032017 2910.353327
2321.619591 2911.145685
2345.737448 2895.183232
2362.795598 2894.482554
2365.939642 2909.128887
2348.805477 2909.908583
2372.371236 2894.089227
2389.160379 2893.399598
2392.420059 2907.923888
2375.557538 2908.691222
2238.923525 2924.377135
2257.266591 2923.492273
2259.952615 2938.922036
2241.520604 2939.894518
2267.560057 2922.995719
2285.601777 2922.125393
2288.423037 2937.419924
2270.295512 2938.376341
2295.726832 2921.636964
2313.474572 2920.780820
2316.426300 2935.942460
2298.595779 2936.883206
2323.435315 2920.300317
2340.896202 2919.458010
2343.973808 2934.489041
2326.433051 2935.414499
2350.696600 2918.985242
2367.877534 2918.156440
2371.076599 2933.059085
2353.818599 2933.969625
2377.521428 2917.691222
2394.429088 2916.875603
2397.745354 2931.652030
2380.763329 2932.548009
