2912 4368
2260.220435 2163.608403
2568.463921 2176.608787
2187.683441 2368.485936
2492.520140 2380.634954
2272.742054 2183.170292
2301.861885 2184.392805
2292.352404 2211.022834
2263.274494 2209.810849
2321.004178 2185.196440
2350.092671 2186.417638
2340.513821 2213.030231
2311.467155 2211.819548
2369.214370 2187.220408
2398.271576 2188.440292
2388.623510 2215.035471
2359.608039 2213.826089
2417.372713 2189.242198
2446.398683 2190.460771
2436.681556 2217.038560
2407.697228 2215.830475
2465.479291 2191.261816
2494.474074 2192.479079
2484.688041 2219.039499
2455.734807 2217.832711
2513.534188 2193.279264
2542.497835 2194.495220
2532.643048 2221.038292
2503.720857 2219.832798
2256.611899 2228.558575
2285.660302 2229.763167
2276.200781 2256.253288
2247.194096 2255.059125
2304.755668 2230.555022
2333.772892 2231.758321
2324.244339 2258.231173
2295.268740 2257.038289
2352.847768 2232.549326
2381.833864 2233.751334
2372.236432 2260.206939
2343.291868 2259.015333
2400.888282 2234.541491
2429.843299 2235.742210
2420.177142 2262.180590
2391.263564 2260.990259
2448.877293 2236.531520
2477.801282 2237.730952
2468.066552 2264.152129
2439.183911 2262.963071
2496.814885 2238.519416
2525.707895 2239.717564
2515.904744 2266.121559
2487.052990 2264.933773
2240.566470 2273.708453
2269.543792 2274.895294
2260.133839 2301.246608
2231.198031 2300.070095
2288.592459 2275.675482
2317.538761 2276.861053
2308.060110 2303.195262
2279.155231 2302.020007
2336.567041 2277.640405
2365.482371 2278.824707
2355.935176 2305.141834
2327.061176 2303.967835
2384.490298 2279.603226
2413.374707 2280.786262
2403.759119 2307.086328
2374.915949 2305.913582
2432.362313 2281.563949
2461.215850 2282.745720
2451.532021 2309.028746
2422.719631 2307.857251
2480.183167 2283.522576
2509.005882 2284.703085
2499.253963 2310.969092
2470.472304 2309.798847
2224.605100 2318.621798
2253.511687 2319.791059
2244.150912 2346.004653
2215.285639 2344.845623
2272.513881 2320.559690
2301.389604 2321.727702
2291.960465 2347.924355
2263.125964 2346.766560
2320.371515 2322.495513
2349.216423 2323.662278
2339.719071 2349.842011
2310.915293 2348.685450
2368.178083 2324.429270
2396.992225 2325.594790
2387.426810 2351.757624
2358.653708 2350.602295
2415.933666 2326.360964
2444.717093 2327.525243
2435.083766 2353.671199
2406.341289 2352.517099
2463.638348 2328.290600
2492.391107 2329.453638
2482.690018 2355.582737
2453.978118 2354.429865
