2912 4368
2287.308197 3626.097506
2688.573085 3668.305338
2254.539470 3910.848422
2671.625125 3964.675183
2309.807331 3655.331500
2345.472064 3659.154984
2341.810791 3693.798784
2305.980433 3689.853929
2371.086534 3661.901016
2407.114454 3665.763436
2403.741914 3700.617285
2367.544860 3696.632057
2432.990432 3668.537504
2469.387117 3672.439457
2466.309435 3707.505852
2429.740026 3703.479629
2495.528627 3675.241992
2532.299767 3679.184089
2529.523215 3714.465571
2492.575676 3710.397716
2558.710919 3682.015531
2595.862322 3685.998395
2593.393317 3721.497550
2556.061753 3717.387415
2622.547309 3688.859194
2660.084904 3692.883460
2657.930018 3728.602920
2620.208411 3724.449842
2303.030722 3716.463262
2338.988668 3720.502360
2335.262606 3755.759212
2299.136306 3751.594769
2364.814873 3723.403375
2401.142231 3727.483968
2397.709702 3762.957773
2361.210391 3758.750331
2427.234442 3730.414863
2463.936933 3734.537594
2460.804224 3770.230965
2423.926095 3765.979855
2490.299282 3737.498833
2527.382748 3741.664358
2524.556292 3777.579955
2487.293418 3773.284495
2554.019451 3744.656416
2591.489854 3748.865405
2588.976241 3785.005935
2551.322568 3780.665426
2618.405217 3751.888763
2656.268645 3756.141900
2654.074620 3792.510121
2616.023968 3788.123850
2296.134322 3778.675650
2332.390322 3782.937429
2328.597735 3818.823752
2292.170586 3814.432497
2358.431775 3785.998521
2395.063571 3790.304474
2391.569439 3826.414925
2354.762800 3821.977923
2421.375647 3793.397377
2458.389112 3797.748194
2455.199885 3834.085508
2418.007796 3829.602041
2484.976051 3800.873406
2522.377181 3805.269792
2519.499465 3841.836755
2481.915839 3837.306088
2549.243312 3808.427822
2587.038231 3812.870497
2584.478790 3849.669944
2546.497411 3845.091329
2614.187976 3816.061865
2652.382934 3820.551563
2650.148695 3857.586382
2611.763216 3852.959053
2289.114928 3841.997570
2325.673939 3846.489379
2321.813031 3883.022181
2285.080003 3878.396605
2351.934245 3849.715840
2388.875604 3854.254626
2385.318195 3891.019015
2348.199030 3886.344815
2415.411269 3857.514919
2452.741005 3862.101422
2449.493718 3899.100264
2411.982294 3894.376669
2479.556383 3865.396083
2517.280653 3870.031060
2514.350270 3907.267270
2476.440337 3902.493494
2544.380191 3873.360634
2582.505284 3878.044858
2579.898749 3915.521407
2541.583923 3910.696645
2609.893522 3881.409903
2648.425859 3886.144163
2646.150289 3923.864076
2607.424048 3918.987507
