4368 2912
2903.523893 1485.896351
4002.045868 1524.183537
2973.037794 2222.605932
4164.149166 2235.647251
2974.800820 1548.036263
3086.593797 1551.722379
3097.746811 1646.475234
2984.715511 1643.094248
3152.887577 1553.908264
3263.400451 1557.552171
3276.492873 1651.821875
3164.770510 1648.480042
3328.937292 1559.713097
3438.191926 1563.315516
3453.178692 1657.106889
3342.742660 1653.803533
3502.984717 1565.451910
3611.002477 1569.013546
3627.839682 1662.331338
3518.667893 1659.065798
3675.063820 1571.125821
3781.865591 1574.647363
3800.510454 1667.496255
3692.581321 1664.267885
3845.207802 1576.735927
3950.814002 1580.218048
3971.224830 1672.602652
3864.517258 1669.410822
2990.936981 1702.743145
3104.744858 1705.928662
3116.318033 1804.251091
3001.226583 1801.395619
3172.226253 1707.817487
3284.706943 1710.965856
3298.289667 1808.765890
3184.555851 1805.944102
3351.403684 1712.832718
3462.580268 1715.944585
3478.124972 1813.227686
3365.724911 1810.438989
3528.505961 1717.789866
3638.400988 1720.865861
3655.861350 1817.637406
3544.771718 1814.881222
3703.568927 1722.689931
3812.204430 1725.730672
3831.535335 1821.995958
3721.733348 1819.271720
3876.627603 1727.533897
3984.025112 1730.539986
4005.182615 1826.304227
3896.646014 1823.611384
3007.685550 1863.321533
3123.582214 1865.965521
3135.599749 1968.063104
3018.371736 1965.776302
3192.294500 1867.533078
3306.814248 1870.145654
3320.915340 1971.678110
3205.096429 1969.418797
3374.712613 1871.694642
3487.879837 1874.276362
3504.014226 1975.249874
3389.579161 1973.017556
3554.978659 1875.807110
3666.817181 1878.358519
3684.935945 1978.779168
3571.860073 1976.573364
3733.130497 1879.871346
3843.663579 1882.392973
3863.719098 1982.266744
3751.978346 1980.086984
3909.205105 1883.888193
4018.455472 1886.380558
4040.401383 1985.713338
3929.972243 1983.559163
3025.082063 2030.112153
3143.145540 2032.170014
3155.633527 2138.264426
3036.188214 2136.593355
3213.134394 2033.389928
3329.768378 2035.422874
3344.418090 2140.905569
3226.436326 2139.254975
3398.912379 2036.628062
3514.142675 2038.636540
3530.900950 2143.514512
3414.356001 2141.884018
3582.457027 2039.827269
3696.308824 2041.811719
3715.123948 2146.091839
3599.989725 2144.481082
3763.808371 2042.988245
3876.306259 2044.949098
3897.127915 2148.638120
3783.378958 2147.046744
3943.005492 2046.111673
4054.173479 2048.049346
4076.952704 2151.153915
3964.564162 2149.581571
