4368 2912
562.088301 1391.628236
807.554441 1376.658445
572.003209 1541.805188
819.915933 1517.666265
577.385571 1403.329650
603.240912 1401.677835
604.656962 1421.943298
578.764761 1423.724305
617.729871 1400.752181
643.090353 1399.131980
644.562105 1419.198404
619.166329 1420.945265
657.303323 1398.223959
682.183019 1396.634474
683.708110 1416.505728
658.794617 1418.219414
696.127810 1395.743585
720.540263 1394.183951
722.116433 1413.863794
697.671615 1415.545242
734.224396 1393.309715
758.182646 1391.779099
759.807733 1411.271181
735.818487 1412.921292
771.613360 1390.921053
795.129967 1389.418652
796.801902 1408.726520
773.255610 1410.346162
579.609932 1436.222181
605.524705 1434.361786
606.948793 1454.742294
580.997001 1456.733337
620.046569 1433.319277
645.463957 1431.494589
646.943984 1451.673830
621.491153 1453.626593
659.708434 1430.471993
684.642621 1428.681994
686.176204 1448.663902
661.208084 1450.579477
698.617584 1427.678746
723.082218 1425.922455
724.667082 1445.710850
700.169956 1447.590290
736.795244 1424.938012
760.803466 1423.214487
762.437432 1442.813078
738.398098 1444.657395
774.261850 1422.248323
797.826314 1420.556655
799.507300 1439.969047
775.913044 1441.779218
581.847006 1469.302707
607.821469 1467.231381
609.253665 1487.727916
583.242021 1489.931367
622.376380 1466.070704
647.850913 1464.039244
649.339284 1484.332256
623.829159 1486.493224
662.127028 1462.900799
687.115927 1460.908066
688.658074 1481.001555
663.635104 1483.121255
701.121182 1459.791221
725.638201 1457.836118
727.231831 1477.733965
702.682193 1479.813569
739.380232 1456.740263
763.438613 1454.821734
765.081533 1474.527710
740.991921 1476.568345
776.924771 1453.746284
800.537265 1451.863312
802.227376 1471.381079
778.584981 1473.383830
584.096903 1502.572847
610.131316 1500.288205
611.571689 1520.901761
585.499932 1523.320023
624.719415 1499.008031
650.251333 1496.767485
651.748120 1517.175234
626.180460 1519.546738
664.559218 1495.511901
689.603051 1493.314187
691.153834 1513.520193
666.075790 1515.846284
703.638719 1492.082491
728.208330 1489.926392
729.810799 1509.934602
705.208441 1512.216571
741.979476 1488.717909
766.088207 1486.602255
767.740153 1506.416500
743.600075 1508.655591
779.602241 1485.416335
803.262939 1483.339997
804.962249 1502.963999
781.271541 1505.161409
