4368 2912
3575.805473 1458.812718
3992.356318 1462.844399
3535.050435 1696.697093
3959.034745 1712.103292
3596.353791 1479.147250
3635.598337 1479.609170
3630.292671 1511.746529
3590.958756 1511.144381
3659.640556 1479.892155
3699.436098 1480.360560
3694.277883 1512.726052
3654.390120 1512.115427
3723.817058 1480.647532
3764.175279 1481.122560
3759.169232 1513.719447
3718.715839 1513.100162
3788.902190 1481.413603
3829.835109 1481.895396
3824.986104 1514.727011
3783.954964 1514.098882
3854.915387 1482.190599
3896.435369 1482.679302
3891.748440 1515.749049
3850.127087 1515.111885
3921.876643 1482.978753
3963.996408 1483.474515
3959.476762 1516.785874
3917.252369 1516.139478
3587.554224 1531.336156
3626.944465 1532.027203
3621.588868 1564.466998
3582.108639 1563.633096
3651.076727 1532.450569
3691.022622 1533.151364
3685.815522 1565.823594
3645.776748 1564.977894
3715.496506 1533.580724
3756.009896 1534.291474
3750.956068 1567.199493
3710.346813 1566.341744
3780.832709 1534.726956
3821.925773 1535.447876
3817.030153 1568.595110
3775.838135 1567.725052
3847.105030 1535.889612
3888.790299 1536.620920
3884.057988 1570.010873
3842.270573 1569.128239
3914.333733 1537.069045
3956.624102 1537.810970
3952.060375 1571.447220
3909.664561 1570.551734
3578.672130 1584.014508
3618.209078 1584.938979
3612.802843 1617.685501
3573.175281 1616.615492
3642.432016 1585.505370
3682.529336 1586.442943
3677.272652 1619.426291
3637.081790 1618.341072
3707.096815 1587.017389
3747.766504 1587.968345
3742.664208 1621.191970
3701.897951 1620.091214
3772.685927 1588.551022
3813.940331 1589.515650
3808.997421 1622.983075
3767.643322 1621.866447
3839.219315 1590.106734
3881.071135 1591.085331
3876.292779 1624.800160
3834.338031 1623.667313
3906.717519 1591.685005
3949.179825 1592.677877
3944.571370 1626.643794
3902.002790 1625.494373
3569.706346 1637.189227
3609.391021 1638.351507
3603.933426 1671.409127
3564.157505 1670.098566
3633.705274 1639.063621
3673.955099 1640.242454
3668.648118 1673.541388
3628.304083 1672.212107
3698.616847 1640.964744
3739.443981 1642.160486
3734.292514 1675.704279
3693.368105 1674.355877
3764.460728 1642.893175
3805.877681 1644.106190
3800.886792 1677.898469
3759.369396 1676.530528
3831.257147 1644.849501
3873.276794 1646.080168
3868.451719 1680.124640
3826.328352 1678.736734
3899.026925 1646.834336
3941.662518 1648.083043
3937.008674 1682.383497
3894.265973 1680.975185
