4368 2912
718.972585 2135.427821
1137.814672 2082.986127
735.457858 2420.694884
1171.293227 2345.941593
745.108484 2155.879073
789.640917 2150.139267
792.274754 2187.684850
747.489928 2193.730353
814.559662 2146.927479
858.112628 2141.313917
861.126960 2178.390492
817.333034 2184.302233
882.486301 2138.172383
925.091762 2132.680945
928.469413 2169.299935
885.633861 2175.082305
948.938053 2129.607386
990.626597 2124.234130
994.351232 2160.406549
952.442934 2166.063749
1013.962439 2121.226363
1054.763350 2115.967514
1058.819428 2151.703988
1017.808600 2157.240039
1077.604960 2113.023449
1117.546288 2107.875392
1121.919017 2143.186175
1081.777134 2148.604928
748.959475 2217.087696
793.899933 2210.851929
796.585719 2249.138049
751.388233 2255.690989
819.044245 2207.362999
862.986719 2201.265708
866.059838 2239.065369
821.872095 2245.471913
887.575743 2197.853828
930.553110 2191.890452
933.995903 2229.215684
890.784441 2235.480682
954.605040 2188.553097
996.648749 2182.719271
1000.444431 2219.581669
958.177248 2225.709761
1020.180992 2179.454027
1061.321141 2173.745575
1065.453749 2210.156317
1024.100227 2216.151942
1084.350360 2170.550128
1124.615767 2164.963053
1129.070114 2200.932922
1088.600946 2206.800329
752.887121 2279.514700
798.243112 2272.764329
800.982399 2311.813114
755.364616 2318.892642
823.617086 2268.987899
867.956045 2262.388893
871.089687 2300.933002
826.501035 2307.852818
892.764226 2258.696670
936.119981 2252.243996
939.629820 2290.296101
896.035860 2297.061548
960.381086 2248.633195
1002.785982 2242.322037
1006.654762 2279.894346
964.022579 2286.510533
1026.517909 2238.789994
1068.002887 2232.615749
1072.214210 2269.720024
1030.512322 2276.191836
1091.222762 2229.159915
1131.817436 2223.118175
1136.355708 2259.765757
1095.553992 2266.097869
756.893734 2343.196829
802.672972 2335.912385
805.467376 2375.746852
759.421449 2383.372973
828.280814 2331.837637
873.023423 2324.718142
876.219396 2364.028910
831.222548 2371.481283
898.054668 2320.735143
941.795464 2313.775058
945.374325 2352.575478
901.391109 2359.859973
966.269369 2309.880743
1009.041626 2303.074773
1012.985637 2341.377699
969.982183 2348.499927
1032.976601 2299.266213
1074.812135 2292.609296
1079.104445 2330.427109
1037.048375 2337.392431
1098.225787 2288.883689
1139.155037 2282.370981
1143.779628 2319.715612
1102.639978 2326.529157
