4368 2912
3391.551804 1904.179120
4139.215091 2054.753493
3258.310694 2362.855806
4011.938387 2576.248875
3417.563446 1945.087472
3490.214077 1960.135197
3470.841577 2028.636994
3398.130666 2012.737049
3526.144228 1967.577211
3601.366476 1983.157580
3582.099070 2052.966053
3506.803996 2036.501020
3638.579768 1990.865365
3716.512632 2007.007170
3697.370512 2078.172857
3619.351024 2061.112066
3755.079048 2014.995219
3835.871729 2031.729362
3816.877116 2104.305777
3735.982625 2086.616300
3875.866436 2040.013245
3959.679290 2057.372941
3940.856656 2131.416811
3856.925266 2113.063244
4001.183126 2065.969401
4088.188723 2083.990391
4069.565043 2159.561918
3982.422470 2140.506151
3388.272437 2047.055607
3461.013250 2063.390278
3441.408118 2132.714671
3368.609022 2115.508074
3496.991707 2071.469598
3572.323030 2088.385993
3552.820125 2159.047712
3477.417892 2141.225844
3609.594258 2096.755616
3687.656979 2114.285375
3668.276640 2186.336702
3590.129107 2167.865962
3726.291927 2122.961235
3807.237344 2141.138332
3788.001973 2214.634658
3706.956434 2195.478953
3847.312251 2150.137549
3931.303042 2168.998514
3912.237331 2243.998591
3828.129538 2224.119101
3972.899938 2178.339509
4060.111256 2197.923676
4041.242445 2274.489891
3953.895502 2253.844804
3358.633444 2150.235149
3431.461414 2167.886541
3411.619434 2238.048437
3338.735263 2219.504883
3467.486734 2176.618037
3542.924230 2194.901904
3523.181480 2266.432609
3447.675077 2247.221894
3580.252017 2203.949080
3658.441848 2222.900033
3638.818814 2295.853636
3560.546074 2275.939095
3697.144036 2232.280324
3778.239628 2251.935549
3758.758892 2326.369388
3677.564953 2305.711622
3818.393544 2261.667697
3902.559942 2282.067197
3883.246416 2358.042125
3798.964639 2336.598735
3944.248829 2292.171377
4031.663815 2313.358241
4012.545003 2390.938915
3924.995832 2368.664219
3328.640228 2254.647813
3401.552201 2273.646503
3381.469054 2344.661168
3308.503053 2324.749539
3437.622878 2283.045448
3513.163513 2302.729089
3493.176468 2375.144909
3417.569018 2354.512456
3550.546420 2312.469961
3628.860479 2332.876275
3608.990164 2406.749209
3530.595187 2385.356071
3667.628548 2342.978079
3748.871622 2364.147606
3729.140796 2439.537012
3647.801244 2417.340332
3789.103291 2374.630783
3873.442829 2396.607156
3853.876625 2473.576065
3769.423423 2450.529703
3915.222575 2407.493715
4002.839041 2430.323958
3983.465227 2508.939387
3895.716107 2484.993605
