4368 2912
695.066439 1393.653354
1862.257957 1322.738424
781.901445 2186.470193
2014.770192 2051.085732
782.062055 1460.190129
895.274043 1452.844999
907.296341 1547.752179
793.258993 1555.827994
974.786713 1447.686262
1085.336766 1440.513836
1098.715951 1534.196365
987.381048 1542.080800
1162.990804 1435.475685
1270.971713 1428.469944
1285.641401 1520.958816
1176.914006 1528.658592
1346.831535 1423.548201
1452.331832 1416.703401
1468.229127 1508.028451
1362.018699 1515.549984
1526.458910 1411.894077
1629.563103 1405.204735
1646.628387 1495.394703
1542.848525 1502.744109
1702.016133 1400.504022
1802.804935 1393.964902
1820.981668 1483.047479
1719.549884 1490.230601
801.567299 1626.792821
916.216207 1618.167951
928.576667 1715.744665
813.081448 1725.140131
996.724692 1612.111416
1108.640924 1603.692123
1122.391891 1699.977913
1009.671488 1709.147650
1187.241852 1597.779090
1296.521956 1589.558107
1311.594421 1684.586400
1201.550023 1693.538446
1373.282330 1583.783537
1480.018358 1575.753943
1496.346991 1669.556889
1388.884422 1678.298905
1555.002078 1570.113027
1659.281851 1562.268213
1676.804767 1654.876758
1571.834221 1663.416048
1732.549892 1556.756366
1834.457230 1549.090026
1853.115784 1640.533962
1750.551572 1648.877499
821.626809 1798.129737
937.749204 1788.155090
950.462296 1888.515574
833.471844 1899.303287
1019.278461 1781.151915
1132.594588 1771.418320
1146.733052 1870.417408
1032.592724 1880.942311
1212.165412 1764.583369
1322.775779 1755.082192
1338.267843 1852.755946
1226.874740 1863.027527
1400.457902 1748.409477
1508.458278 1739.132493
1525.236043 1835.515570
1416.492163 1845.542866
1584.318152 1732.616304
1689.799839 1723.555671
1707.799044 1818.681399
1601.610988 1828.473021
1763.900842 1717.190565
1866.950930 1708.338800
1886.110720 1802.239243
1782.389433 1811.803404
842.264550 1974.405579
959.898394 1963.006622
972.979427 2066.271726
854.454942 2078.528972
1042.474316 1955.004848
1157.225294 1943.885247
1171.767868 2045.713959
1056.171915 2057.668349
1237.789852 1936.078377
1349.762655 1925.227986
1365.692084 2025.659227
1252.917448 2037.321851
1428.388454 1917.608987
1537.682766 1907.018147
1554.928453 2006.089291
1444.873093 2017.470699
1614.438956 1899.580317
1721.149749 1889.239826
1739.644928 1986.986781
1632.211663 1998.097024
1796.102231 1881.976779
1900.320038 1871.877862
1920.001534 1968.335147
1815.097760 1979.183803
