4368 2912
3180.815221 1123.334843
4217.186991 1223.567858
3104.940241 1795.394772
4184.131297 1930.490243
3241.594352 1193.357473
3330.326872 1202.153955
3322.061468 1282.930005
3232.905520 1273.787492
3398.402283 1208.902598
3488.307864 1217.815371
3480.804747 1299.208363
3390.464035 1289.944358
3557.286227 1224.653528
3648.388287 1233.684913
3641.668571 1315.704174
3550.119321 1306.316239
3718.287687 1240.614377
3810.610267 1249.766760
3804.695715 1332.421822
3711.913514 1322.907454
3881.449278 1256.789371
3975.017073 1266.065197
3969.930114 1349.365813
3875.889885 1339.722441
4046.814766 1273.182848
4141.653140 1282.584632
4137.416899 1366.540777
4042.092882 1356.765758
3226.032668 1337.407510
3315.523324 1346.825913
3307.104694 1429.099406
3217.183367 1419.322939
3384.184515 1354.052129
3474.869230 1363.596200
3467.226086 1446.508198
3376.098681 1436.600603
3544.449621 1370.919156
3636.352454 1380.591427
3629.506484 1464.151722
3537.148572 1454.110343
3706.870628 1388.013081
3800.016288 1397.816153
3793.989852 1482.034758
3700.376341 1471.856867
3871.491331 1405.338511
3965.905202 1415.275055
3960.721355 1500.162217
3865.826465 1489.845011
4038.356724 1422.900183
4134.064881 1432.972945
4129.747401 1518.539144
4033.544640 1508.079743
3210.182995 1484.123361
3300.444780 1494.185342
3291.868624 1577.998310
3201.168739 1567.565734
3369.701868 1501.905814
3461.179278 1512.103309
3453.392149 1596.577236
3361.464292 1586.003415
3531.372254 1519.928109
3624.090015 1530.263872
3617.114198 1615.409043
3523.933261 1604.691089
3695.237979 1538.195131
3789.221488 1548.671993
3783.079965 1634.498929
3688.620152 1623.633875
3861.344063 1556.711898
3956.619419 1567.332769
3951.335892 1653.852237
3855.570691 1642.837033
4029.736769 1575.483566
4126.330790 1586.251437
4121.929712 1673.474456
4024.831875 1662.305968
3194.037267 1633.579718
3285.083507 1644.307831
3276.345361 1729.703888
3184.853401 1718.592130
3354.946869 1652.539934
3447.230890 1663.413897
3439.295669 1749.494308
3346.553241 1738.230680
3518.047289 1671.758298
3611.594505 1682.781104
3604.485112 1769.556673
3510.466406 1758.138040
3683.383575 1691.240116
3778.220102 1702.414844
3771.960163 1789.896626
3676.638649 1778.319766
3851.002022 1710.990845
3947.154697 1722.320656
3941.768587 1810.519968
3845.116997 1798.781571
4020.950206 1731.016090
4118.446623 1742.504236
4113.959492 1831.432666
4015.949793 1819.529324
