4368 2912
3363.278951 1888.122869
3820.753707 1888.426278
3402.597037 2176.075747
3885.460123 2169.676389
3395.093401 1912.883881
3439.552861 1912.863261
3445.129721 1949.436459
3400.352343 1949.536256
3468.141937 1912.850003
3512.289602 1912.829528
3518.383514 1949.273196
3473.922477 1949.372287
3540.678533 1912.816361
3584.517671 1912.796029
3591.121253 1949.111083
3546.973216 1949.209477
3612.708551 1912.782954
3656.242386 1912.762764
3663.348370 1948.950109
3619.510040 1949.047812
3684.237280 1912.749781
3727.468989 1912.729731
3735.070225 1948.790259
3691.538354 1948.887281
3755.269935 1912.716837
3798.202653 1912.696926
3806.292101 1948.631525
3763.063487 1948.727870
3403.895635 1974.231349
3448.887114 1974.077550
3454.603608 2011.566483
3409.286541 2011.803454
3477.817033 1973.978655
3522.489091 1973.825949
3528.735038 2011.178837
3483.742105 2011.414112
3551.213985 1973.727756
3595.570012 1973.576129
3602.337754 2010.793955
3557.665491 2011.027554
3624.092050 1973.478629
3668.135387 1973.328073
3675.417394 2010.411808
3631.062384 2010.643748
3696.456713 1973.231259
3740.190656 1973.081759
3747.979513 2010.032368
3703.938388 2010.262667
3768.313379 1972.985624
3811.741176 1972.837171
3820.029590 2009.655605
3776.299031 2009.884280
3412.919307 2037.122137
3458.455673 2036.828429
3464.317115 2075.267927
3418.447208 2075.649032
3487.734649 2036.639582
3532.943686 2036.347987
3539.347429 2074.644548
3493.809742 2075.022892
3562.012574 2036.160494
3606.897798 2035.870987
3613.835900 2074.025671
3568.626837 2074.401285
3635.758850 2035.684835
3680.323728 2035.397394
3687.788378 2073.411247
3642.904394 2073.784160
3708.979165 2035.212569
3753.227115 2034.927172
3761.210626 2072.801228
3716.648228 2073.171469
3781.679127 2034.743659
3825.613517 2034.460284
3834.108328 2072.195568
3789.864070 2072.563166
3422.172879 2101.615226
3468.267474 2101.174494
3474.279445 2140.601174
3427.843064 2141.133773
3497.904019 2100.891126
3543.663079 2100.453602
3550.230673 2139.730057
3504.134903 2140.258749
3573.084282 2100.172293
3618.511457 2099.737943
3625.626434 2138.865311
3579.867541 2139.390139
3647.719659 2099.458670
3692.818546 2099.027459
3700.472799 2138.006866
3655.047104 2138.527872
3721.816051 2098.750201
3766.590196 2098.322095
3774.775752 2137.154654
3729.679629 2137.671880
3795.379276 2098.046829
3839.832175 2097.621795
3848.541190 2136.308606
3803.771065 2136.822094
