3159.514717 2377.298494
3613.864484 1895.508623
3454.347035 2677.249182
3956.030449 2114.550036
3210.768099 2372.117715
3257.025410 2322.848975
3294.721620 2358.282768
3247.830378 2408.573279
3284.964873 2293.090605
3330.560297 2244.526843
3369.249159 2278.352531
3323.040424 2327.911060
3358.101406 2215.192761
3403.049047 2167.318952
3442.698299 2199.578869
3397.157276 2248.421281
3430.200261 2138.400148
3474.513828 2091.201693
3515.092278 2121.936860
3470.204599 2170.078566
3501.283368 2062.689411
3544.976183 2016.152120
3586.453670 2045.402292
3542.205376 2092.858262
3571.372041 1988.037847
3614.457057 1942.147923
3656.804413 1969.951639
3613.181938 2016.736422
3271.778228 2432.129099
3319.075948 2381.175420
3358.977316 2418.682026
3311.018869 2470.727366
3347.637918 2350.405703
3394.239692 2300.201764
3435.174721 2335.991277
3387.934437 2387.257255
3422.382938 2269.883136
3468.304015 2220.412510
3510.237969 2254.531336
3463.699836 2305.035326
3496.037679 2190.535125
3541.292864 2141.781862
3584.192194 2174.274924
3538.340675 2224.033791
3568.625822 2112.336155
3613.229495 2064.284764
3657.061796 2095.195566
3611.881805 2144.225678
3640.170369 2035.261449
3684.136498 1987.896881
3728.870460 2017.267555
3684.347352 2065.584806
3336.395189 2495.688272
3384.777399 2442.933662
3427.083245 2482.700435
3378.012051 2536.623860
3413.987877 2411.083374
3461.637429 2359.127634
3505.020074 2397.057098
3456.705519 2450.149066
3490.407239 2327.757838
3537.340651 2276.582957
3581.762633 2312.726123
3534.187351 2365.005717
3565.679690 2245.682861
3611.912985 2195.271368
3657.338164 2229.677573
3610.485317 2281.163298
3639.830856 2164.830502
3685.379585 2115.165441
3731.773086 2147.882416
3685.626342 2198.592218
3712.885608 2085.173643
3757.764863 2036.238558
3805.093029 2067.312491
3759.636545 2117.263778
3404.948571 2563.119426
3454.461748 2508.435761
3499.396154 2550.673335
3449.164220 2606.611258
3484.348106 2475.428476
3533.088984 2421.597758
3579.145522 2461.865008
3529.711820 2516.914026
3562.510990 2389.103314
3610.497499 2336.105742
3657.635697 2374.458910
3608.981351 2428.640042
3639.465894 2304.112279
3686.715411 2251.928660
3734.896269 2288.422088
3687.002993 2341.755699
3715.240604 2220.424681
3761.769979 2169.036405
3810.955908 2203.722618
3763.805982 2256.228438
3789.862064 2138.010762
3835.687637 2087.399785
3885.842398 2120.329557
3839.418650 2172.026712
