4368 2912
3144.324453 1438.932071
4118.691317 1634.251371
3001.647191 2044.959369
3974.903614 2312.242757
3192.082584 1509.483434
3270.894141 1525.769594
3253.570237 1600.490973
3174.779814 1583.503896
3332.319664 1538.462985
3413.708570 1555.281747
3396.352609 1631.274603
3314.980987 1613.731024
3477.159413 1568.393665
3561.254198 1585.771588
3543.873559 1663.079863
3459.791788 1644.951979
3626.832206 1599.323077
3713.770091 1617.288518
3696.372962 1695.958467
3609.443354 1677.216595
3781.584054 1631.302061
3871.511693 1649.885325
3854.107156 1729.965683
3764.182538 1710.578092
3941.677950 1664.384962
4034.752266 1683.618476
4017.350386 1765.160638
3924.273267 1745.093374
3161.091288 1642.062785
3239.864612 1659.606015
3222.433251 1734.790879
3143.682160 1716.538233
3301.263376 1673.279840
3382.620929 1691.398590
3365.155549 1767.870541
3283.816393 1749.018043
3446.050572 1705.524703
3530.121640 1724.247768
3512.629600 1802.051548
3428.572670 1782.569134
3595.684617 1738.848984
3682.607253 1758.207108
3665.096729 1837.389833
3578.183499 1817.245396
3750.413028 1773.307808
3840.334816 1793.333859
3822.814879 1873.945181
3732.897247 1853.104394
3910.500473 1808.960116
4003.579358 1829.689269
3986.060074 1911.781567
3892.979520 1890.207690
3129.909365 1775.457621
3208.642479 1794.273169
3191.102659 1869.925841
3112.392898 1850.392262
3270.012961 1808.939414
3351.337162 1828.374176
3333.761322 1905.329765
3252.456653 1885.152201
3414.744064 1843.527082
3498.789396 1863.612138
3481.184882 1941.916204
3397.154830 1921.062275
3564.335788 1879.276337
3651.241148 1900.044877
3633.616115 1979.745408
3546.721314 1958.180529
3719.037173 1916.246692
3808.951072 1937.734210
3791.314585 2018.881794
3701.405999 1996.568977
3879.114565 1954.501798
3972.195980 1976.746285
3954.558100 2059.394307
3861.476174 2036.293955
3098.535053 1909.675491
3177.225947 1929.778815
3159.576650 2005.903677
3080.910251 1985.073584
3238.566591 1945.449635
3319.855404 1966.216655
3302.168056 2043.660486
3220.899928 2022.141481
3383.237997 1982.409136
3467.255540 2003.873270
3449.537462 2082.682462
3365.536365 2060.439795
3532.783767 2020.613901
3619.669780 2042.810849
3601.929112 2123.034280
3515.054832 2100.030822
3687.454464 2060.127941
3777.358395 2083.095883
3759.604191 2164.785099
3669.706752 2140.981137
3847.518129 2101.019734
3940.599994 2124.799549
3922.842309 2208.008955
3829.761115 2183.361965
