3257.929639 2248.299276
3803.357363 1774.343958
3586.880552 2614.426858
4204.058586 2053.078434
3317.016949 2248.897791
3372.164555 2200.803871
3414.185250 2243.895360
3358.117937 2293.065095
3405.534434 2171.702184
3460.090365 2124.124261
3503.562400 2165.513672
3448.108120 2214.145790
3493.103180 2095.333969
3547.076906 2048.263783
3591.966618 2087.985222
3537.115372 2136.088493
3579.738355 2019.779914
3633.139147 1973.209381
3679.413705 2011.296154
3625.155710 2058.879158
3665.454812 1945.027069
3718.291745 1898.948275
3765.919122 1935.432909
3712.244805 1982.504040
3750.267087 1871.062757
3802.549043 1825.467954
3851.497997 1860.382218
3798.397991 1906.949693
3384.755075 2321.689482
3441.415536 2271.819543
3486.168672 2317.713103
3428.538229 2368.739052
3475.694972 2241.648354
3531.728390 2192.330309
3578.011178 2236.395819
3521.031086 2286.845948
3565.629515 2162.492094
3621.046242 2113.716832
3668.821971 2155.992014
3612.481283 2205.876016
3654.575283 2084.206107
3709.385444 2035.964717
3758.618339 2076.486381
3702.906352 2125.813731
3742.548494 2006.776121
3796.761994 1959.059884
3847.417184 1997.863953
3792.323433 2046.643917
3829.565013 1930.188171
3883.191541 1882.988560
3935.235036 1920.110096
3880.749287 1968.351735
3456.942369 2399.262266
3515.198783 2347.482975
3562.959820 2396.461084
3503.679076 2449.485738
3550.437335 2316.162350
3608.028091 2264.974706
3657.403324 2311.984511
3598.813740 2364.390946
3642.865143 2234.010941
3699.801586 2183.404863
3750.750879 2228.488228
3692.840436 2280.287193
3734.243961 2152.791894
3790.537177 2102.757525
3843.021450 2145.955271
3785.778409 2197.157268
3824.591544 2072.489424
3880.252374 2023.017132
3934.233569 2064.369065
3877.646458 2114.984353
3913.925253 1993.088104
3968.964293 1944.168469
4024.405344 1983.713411
3968.462953 2033.752018
3534.032059 2482.103187
3593.974283 2428.265875
3645.056993 2480.650302
3584.031596 2535.832911
3630.225496 2395.706726
3689.459792 2342.505243
3742.248102 2392.764613
3681.958610 2447.281776
3725.284132 2310.329491
3783.822967 2257.752638
3838.272879 2305.933587
3778.706061 2359.797267
3819.227930 2225.953551
3877.083480 2173.990393
3933.152195 2220.138352
3874.295134 2273.360230
3912.076389 2142.561394
3969.260548 2091.201248
4026.906423 2135.360485
3968.746509 2187.951964
4003.848553 2060.135914
4060.372940 2009.368344
4119.555458 2051.581996
4062.080377 2103.554210
