4368 2912
387.847773 2171.350644
940.159607 2035.564317
540.968950 2683.145638
1095.043403 2445.453659
439.558066 2206.230169
500.026295 2190.477659
519.464168 2252.435198
458.889474 2269.554160
538.548664 2180.442239
595.266824 2165.666655
614.833347 2225.482996
558.044321 2241.532094
631.436730 2156.244073
684.743164 2142.357274
704.387078 2200.174294
651.039607 2215.250777
718.769699 2133.493059
768.963242 2120.417195
788.641545 2176.363211
738.431994 2190.552890
801.031429 2112.063148
848.377006 2099.729204
868.053601 2153.920640
820.713030 2167.299517
878.651174 2091.842514
923.384476 2080.189092
943.029051 2132.731893
898.318399 2145.367531
472.183863 2313.102653
532.828187 2295.032543
552.798019 2358.685690
492.055062 2378.194841
571.445780 2283.525710
628.280138 2266.590852
648.365036 2327.991904
591.468083 2346.265812
664.509221 2255.795719
717.881700 2239.892392
738.029927 2299.193735
684.624935 2316.346112
751.937208 2229.744917
802.154748 2214.781663
822.323078 2272.120840
772.098162 2288.251853
834.226578 2205.225261
881.560880 2191.121122
901.713174 2246.622685
854.392515 2261.820921
911.817436 2182.105616
956.509870 2168.788670
976.615917 2222.565757
931.954696 2236.909848
505.723276 2422.967877
566.530291 2402.456828
587.054226 2467.876153
526.157196 2489.903371
605.234020 2389.401524
662.170444 2370.196079
682.794594 2433.245663
625.804600 2453.859657
698.449248 2357.958736
751.873228 2339.938086
772.545442 2400.781657
719.098189 2420.114198
785.948066 2328.444171
836.174891 2311.501967
856.851781 2370.286999
806.626893 2388.453970
868.240669 2300.685736
915.548987 2284.727984
936.194442 2341.587765
888.909044 2358.691485
945.778289 2274.531221
990.415285 2259.474544
1010.999257 2314.529926
966.402638 2330.661082
540.215228 2535.953336
601.170184 2512.870277
622.271606 2580.130323
561.236114 2604.811559
639.950089 2498.184699
696.973158 2476.590608
718.158572 2541.356018
661.091777 2564.432411
733.291398 2462.837238
786.751115 2442.592555
807.968025 2505.039307
754.495053 2526.662447
820.834856 2429.685368
871.055092 2410.667446
892.260025 2470.953717
842.051768 2491.256688
903.104386 2398.530684
950.370923 2380.631300
971.527866 2438.899772
924.294213 2457.999887
980.562633 2369.197988
1025.128598 2352.321284
1046.207741 2408.701087
1001.691960 2426.702163
