4368 2912
248.587406 1782.159935
996.708069 1754.771443
343.479487 2298.211130
1132.995976 2194.384173
310.431587 1826.510498
386.625313 1823.113007
398.992845 1883.033778
322.207070 1887.316402
440.181693 1820.724919
512.843984 1817.484896
526.145094 1875.942030
452.952541 1880.024247
563.946610 1815.206221
633.317412 1812.112965
647.454749 1869.176146
577.608974 1873.071701
682.131136 1809.936353
748.429137 1806.980114
763.315465 1862.714169
696.592053 1866.435578
795.104366 1804.898857
858.529305 1802.070729
874.086308 1856.536072
810.280472 1860.094758
903.203550 1800.078697
963.938221 1797.370528
980.095472 1850.623552
919.019947 1854.029958
331.086920 1933.169920
408.316874 1928.208752
421.121355 1990.246542
343.284470 1996.155283
462.578976 1924.723012
536.168889 1919.995676
549.928652 1980.468544
475.796425 1986.096057
587.903322 1916.672312
658.104608 1912.162657
672.718004 1971.147378
602.032107 1976.513274
707.483962 1908.990580
774.525404 1904.683910
789.901532 1962.251761
722.427105 1967.373869
821.706910 1901.653021
885.797149 1897.535933
901.854556 1953.753201
837.377607 1958.647765
930.924344 1894.637011
992.254049 1890.697257
1008.919630 1945.625694
947.244765 1950.307547
352.485473 2043.667164
430.777736 2037.031766
444.042740 2101.300785
365.128196 2108.951299
485.762464 2032.371720
560.301091 2026.054449
574.543644 2088.649137
499.450357 2095.929192
612.680918 2021.615172
683.729526 2015.593686
698.843441 2076.598667
627.300425 2083.534534
733.685272 2011.359855
801.483362 2005.613855
817.373866 2065.107520
749.135168 2071.723044
849.179490 2001.571529
913.945136 1996.082534
930.527486 2054.137635
865.369358 2060.454508
959.531565 1992.219010
1021.463761 1986.970154
1038.662043 2043.654334
976.380492 2049.692332
374.668095 2158.213161
454.049565 2149.783914
467.800388 2216.406734
387.780815 2225.924251
509.774294 2143.866694
585.283239 2135.848656
600.034446 2200.678831
523.958201 2209.727329
638.322326 2130.216617
710.235366 2122.580416
725.875959 2185.711256
653.458572 2194.324571
760.778384 2117.213426
829.346405 2109.932421
845.777535 2171.450177
776.761256 2179.658965
877.565499 2104.812199
943.016579 2097.862173
960.150041 2157.846725
894.300771 2165.678830
989.068420 2092.972084
1051.610363 2086.330968
1069.367303 2144.856437
1006.471948 2152.337203
