4368 2912
3350.216366 1909.881401
3915.698877 1941.671161
3356.880003 2285.968643
3965.906087 2325.206343
3381.108688 1940.240214
3439.181407 1943.540663
3441.116314 1995.298987
3382.449761 1991.899689
3469.922242 1945.287759
3528.217222 1948.600840
3531.065479 2000.510885
3472.172098 1997.098443
3559.075821 1950.354627
3617.594340 1953.680412
3621.362981 2005.742966
3562.241454 2002.317306
3648.571385 1955.440932
3707.314730 1958.779495
3712.010846 2010.995348
3652.659845 2007.556391
3738.410903 1960.546786
3797.380373 1963.898200
3803.011117 2016.268149
3743.429303 2012.815818
3828.596362 1965.672299
3887.793265 1969.036639
3894.365853 2021.561490
3834.551877 2018.095707
3383.195082 2020.610255
3442.191689 2024.065059
3444.188795 2077.487192
3384.579209 2073.928228
3473.422530 2025.893919
3532.648523 2029.362156
3535.588521 2082.944174
3475.744759 2079.371227
3564.000912 2031.198132
3623.457631 2034.679881
3627.347897 2088.422627
3567.268575 2084.835617
3654.932278 2036.523017
3714.621076 2040.018356
3719.469048 2093.922681
3659.152774 2090.321523
3746.218698 2041.868694
3806.140935 2045.377703
3811.954117 2099.444462
3751.399486 2095.829074
3837.862254 2047.235284
3898.019303 2050.758044
3904.805267 2104.988098
3844.010863 2101.358395
3385.348653 2103.567971
3445.299019 2107.185445
3447.361371 2162.352922
3386.777941 2158.625612
3477.035740 2109.100474
3537.222966 2112.732241
3540.259209 2168.068330
3479.433890 2164.326138
3569.085201 2114.654845
3629.510695 2118.300988
3633.528568 2173.806595
3572.459909 2170.049432
3661.499189 2120.231211
3722.164369 2123.891818
3727.171682 2179.567855
3665.858221 2175.795631
3754.279875 2125.829704
3815.186169 2129.504860
3821.190802 2185.352248
3759.631063 2181.564873
3847.429445 2131.450456
3908.578294 2135.140248
3915.588197 2191.159914
3853.780693 2187.357296
3387.572695 2189.240380
3448.508165 2193.029411
3450.639015 2250.029185
3389.049392 2246.124243
3480.767423 2195.035325
3541.947599 2198.839573
3545.084891 2256.017298
3483.245281 2252.096507
3574.336536 2200.853550
3635.762896 2204.673106
3639.914759 2262.029757
3577.823637 2258.093019
3668.282293 2206.695196
3729.956325 2210.530151
3735.130967 2268.066710
3672.786796 2264.113929
3762.606974 2212.560403
3824.530180 2216.410853
3830.735879 2274.128309
3768.137108 2270.159384
3857.312875 2218.449316
3919.486768 2222.315353
3926.731882 2280.214704
3863.876947 2276.229538
