4368 2912
3079.638104 816.165822
4004.890795 744.062013
3089.542489 1338.897095
4075.984237 1258.300394
3128.706476 850.988119
3227.335826 843.274600
3230.272992 916.955270
3130.739616 924.791613
3276.246945 839.449401
3374.670424 831.751983
3378.955664 905.249366
3279.631952 913.069201
3423.479503 827.934764
3521.697754 820.253397
3527.325414 893.568098
3428.210704 901.371478
3570.405111 816.444134
3668.418775 808.778766
3675.383232 881.911390
3576.476865 889.698366
3717.024730 804.977433
3814.834446 797.328016
3823.130099 870.279161
3724.431419 878.049787
3863.339313 793.534589
3960.945717 785.901072
3970.566994 858.671338
3872.075347 866.425664
3131.800895 963.316285
3231.806147 955.415456
3234.826353 1031.179229
3133.891558 1039.207848
3281.398864 951.497426
3381.192460 943.613319
3385.598722 1019.186397
3284.879537 1027.197866
3430.680271 939.703577
3530.262882 931.836138
3536.049308 1007.219161
3435.545042 1015.213535
3579.646120 927.934658
3679.018413 920.083835
3686.179138 995.277439
3585.889106 1003.254772
3728.297410 916.190591
3827.460052 908.356331
3835.989239 983.361149
3735.912757 991.321496
3876.635136 904.471296
3975.588789 896.653548
3985.480629 971.470209
3885.617014 979.413625
3134.983076 1078.830218
3236.403162 1070.734484
3239.509979 1148.670963
3137.133737 1156.899736
3286.696741 1066.719860
3387.899138 1058.641501
3392.431624 1136.379464
3290.277195 1144.590408
3438.084824 1054.635490
3539.070232 1046.574452
3545.022238 1124.114573
3443.088903 1132.307746
3589.148372 1042.577026
3689.917489 1034.533253
3697.282897 1111.876202
3595.569939 1120.051662
3739.888428 1030.544384
3840.441947 1022.517821
3849.214669 1099.664267
3747.721374 1107.822071
3890.306030 1018.537481
3990.644641 1010.528074
4000.818621 1087.478681
3899.544277 1095.618885
3138.256806 1197.667397
3241.132333 1189.368732
3244.329541 1269.572740
3140.470086 1278.009989
3292.146867 1185.253540
3394.798412 1176.972943
3399.462622 1256.970166
3295.831455 1265.388869
3445.701937 1172.866706
3548.130228 1164.604118
3554.255023 1244.395268
3450.851393 1252.795488
3598.923106 1160.506806
3701.128873 1152.262169
3708.707868 1231.847955
3605.531025 1240.229750
3751.811463 1148.173753
3853.795429 1139.947008
3862.822269 1219.328135
3759.871470 1227.691568
3904.368090 1135.867461
4006.130977 1127.658549
4016.599341 1206.835720
3913.873843 1215.180850
