4368 2912
3357.010267 955.177709
4064.297164 988.888093
3246.446239 1400.307947
3942.127577 1495.548920
3390.297371 1000.245828
3446.432048 1003.335948
3432.736675 1058.717633
3376.718178 1055.028844
3490.323606 1005.752104
3548.670308 1008.963992
3534.765092 1065.436154
3476.537869 1061.601921
3594.308627 1011.476304
3655.000728 1014.817303
3640.879676 1072.423746
3580.310472 1068.435294
3702.492198 1017.431628
3765.674015 1020.909681
3751.330914 1079.696905
3688.275536 1075.544741
3815.133841 1023.632361
3880.961778 1027.256078
3866.390195 1087.273501
3800.692366 1082.947332
3932.514919 1030.093991
4001.158760 1033.872719
3986.352037 1095.172930
3917.842099 1090.661584
3365.997544 1098.279476
3421.924200 1102.441388
3408.201054 1157.935380
3352.391110 1153.172385
3465.653957 1105.695639
3523.786728 1110.021724
3509.852761 1166.610654
3451.840029 1161.659666
3569.258632 1113.405621
3629.730675 1117.905788
3615.579838 1175.633734
3555.231283 1170.483400
3677.050944 1121.427236
3740.006356 1126.112208
3725.632384 1185.025963
3662.804034 1179.663994
3789.290026 1129.779767
3854.884982 1134.661167
3840.281381 1194.810467
3774.817190 1189.223548
3906.256836 1138.484123
3974.660890 1143.574569
3959.820937 1205.012347
3891.551481 1199.186018
3341.648959 1196.509821
3397.366642 1201.747844
3383.615640 1257.354485
3328.015205 1251.512952
3440.933850 1205.843602
3498.851684 1211.288463
3484.888876 1267.994523
3427.091643 1261.922190
3544.156382 1215.547562
3604.407310 1221.211756
3590.226596 1279.061589
3530.099749 1272.744500
3651.555548 1225.644167
3714.283438 1231.541221
3699.878495 1290.581914
3637.278292 1284.004967
3763.390075 1236.157740
3828.750874 1242.302315
3814.115150 1302.583925
3748.885775 1295.730750
3879.940515 1247.114657
3948.103539 1253.522670
3933.230245 1315.098478
3865.202515 1307.951301
3317.251473 1294.937453
3372.759223 1301.255930
3358.980279 1356.975561
3303.590315 1350.051142
3416.163126 1306.196619
3473.865017 1312.764856
3459.873278 1369.588412
3402.292554 1362.390122
3519.001715 1317.902791
3579.030465 1324.735895
3564.819779 1382.708001
3504.915705 1375.219264
3626.005834 1330.083127
3688.505083 1337.197449
3674.069070 1396.365491
3611.698136 1388.568365
3737.433805 1342.767032
3802.559264 1350.180298
3787.891310 1410.594655
3722.897939 1402.469693
3853.565760 1355.986394
3921.486507 1363.717849
3906.579761 1425.432155
3838.795008 1416.958236
