4368 2912
2978.477492 1235.696027
3384.937274 1246.691427
2988.688715 1509.689532
3416.075026 1513.429231
3001.687623 1257.429058
3044.669193 1258.532208
3046.618451 1296.479611
3003.328387 1295.476975
3067.279971 1259.112529
3109.891296 1260.206177
3112.305253 1298.000974
3069.390795 1297.007038
3132.307723 1260.781509
3174.553566 1261.865776
3177.424162 1299.509185
3134.880441 1298.523835
3196.778138 1262.436185
3238.663182 1263.511192
3241.982509 1301.004413
3199.804743 1300.027539
3260.698350 1264.076740
3302.227199 1265.142606
3305.987504 1302.486824
3264.170990 1301.518318
3324.075373 1265.703353
3365.252550 1266.760193
3369.446229 1303.956584
3327.986347 1302.996336
3004.236234 1316.529171
3047.696955 1317.475516
3049.690749 1356.289932
3005.914595 1355.448919
3070.558672 1317.973324
3113.640805 1318.911425
3116.109673 1357.565951
3072.717649 1356.732317
3136.303807 1319.404906
3179.012278 1320.334871
3181.947885 1358.830813
3138.934958 1358.004463
3201.479142 1320.824081
3243.818792 1321.746016
3247.212966 1360.084664
3204.574190 1359.265502
3266.092056 1322.231009
3308.067641 1323.145016
3311.912370 1361.327648
3269.642883 1360.515580
3330.149797 1323.625849
3371.765993 1324.532030
3376.053418 1362.559904
3334.148444 1361.754840
3006.843364 1376.986281
3050.794035 1377.768299
3052.833909 1417.479786
3008.560628 1416.808172
3073.912322 1378.179644
3117.475778 1378.954773
3120.001452 1418.498699
3076.121121 1417.833046
3140.390836 1379.362503
3183.572172 1380.130833
3186.575024 1419.508601
3143.082434 1418.848831
3206.286668 1380.534994
3249.090890 1381.296613
3252.562470 1420.509613
3209.452505 1419.855646
3271.607446 1381.697252
3314.039471 1382.452249
3317.971497 1421.501849
3275.239129 1420.853611
3336.360664 1382.849412
3378.425328 1383.597872
3382.809676 1422.485426
3340.449967 1421.842841
3009.511051 1438.847666
3053.962843 1439.457436
3056.050413 1480.097457
3011.268587 1479.603437
3077.343521 1439.778162
3121.399172 1440.382498
3123.983635 1480.846877
3079.603886 1480.357293
3144.571953 1440.700373
3188.236734 1441.299347
3191.309169 1481.589593
3147.326106 1481.104384
3211.204376 1441.614407
3254.483467 1442.208089
3258.035134 1482.325695
3214.443460 1481.844804
3277.248684 1442.520373
3320.147172 1443.108836
3324.169502 1483.055270
3280.964017 1482.578639
3342.712627 1443.418378
3385.235511 1444.001688
3389.720108 1483.778406
3346.895703 1483.305980
