4368 2912
3490.049733 1601.172001
4282.470786 1628.556755
3359.807021 2070.129230
4162.373530 2136.654719
3520.984322 1639.006652
3598.003066 1641.941924
3579.745909 1709.349924
3502.603385 1705.893571
3639.170671 1643.510869
3718.006639 1646.515397
3699.950316 1714.735655
3620.981316 1711.197467
3760.151329 1648.121580
3840.869603 1651.197845
3823.028960 1720.250165
3742.167842 1716.627202
3884.026580 1652.842607
3966.695388 1655.993209
3949.086177 1725.898130
3866.264113 1722.187307
4010.901569 1657.677957
4095.592475 1660.905624
4078.231418 1731.684453
3993.376201 1727.882534
4140.886590 1662.631835
4227.674705 1665.939428
4210.579560 1737.614280
4123.615393 1733.717871
3492.494149 1742.680358
3569.704347 1746.424786
3551.252182 1814.552783
3473.918379 1810.276258
3610.976832 1748.426360
3690.018593 1752.259614
3671.767114 1821.217208
3592.592402 1816.838880
3732.275964 1754.308951
3813.215240 1758.234228
3795.179451 1828.041858
3714.097305 1823.558050
3856.493176 1760.333059
3939.399127 1764.353713
3921.594957 1835.032581
3838.535607 1830.439434
3983.735051 1766.503852
4068.680237 1770.623402
4051.124599 1842.195514
3966.014832 1837.488981
4114.113427 1772.826755
4201.174023 1777.048894
4183.884885 1849.537102
4096.647828 1844.712930
3463.701704 1847.454007
3541.103078 1852.024709
3522.452764 1920.884299
3444.927988 1915.770220
3582.480333 1854.468115
3661.727756 1859.147829
3643.277940 1928.854778
3563.897671 1923.618298
3704.097781 1861.649863
3785.258093 1866.442536
3767.023940 1937.017936
3685.720758 1931.654606
3828.657052 1869.005329
3911.800359 1873.915102
3893.797973 1945.380844
3810.501150 1939.885999
3956.266192 1876.540897
4041.466069 1881.572115
4023.712558 1953.950923
3938.347854 1948.319667
4087.038605 1884.263261
4174.372312 1889.420486
4156.885859 1962.735972
4069.375303 1956.963160
3434.602152 1953.345200
3512.194379 1958.759700
3493.342708 2028.362733
3415.627308 2022.393300
3553.676274 1961.654369
3633.129188 1967.198711
3614.477785 2037.667296
3534.892158 2031.554208
3675.611820 1970.163212
3756.993162 1975.842123
3738.557355 2047.198030
3657.033167 2040.936037
3800.513187 1978.879015
3883.894028 1984.697454
3865.690100 2056.963281
3782.155648 2050.546878
3928.489914 1987.809421
4013.944859 1993.772594
3995.990113 2066.971816
3910.370116 2060.395219
4059.656999 1996.962455
4147.264412 2003.075830
4129.577248 2077.232839
4041.792616 2070.489973
