4368 2912
3274.454315 1414.162468
3463.077246 812.379685
3715.535108 1505.990303
3904.133357 816.583274
3322.907113 1383.682575
3341.617341 1323.365852
3394.991423 1332.546720
3376.241402 1393.947818
3353.589016 1284.772410
3371.984790 1225.469406
3425.416383 1232.913448
3406.986815 1293.265152
3383.756104 1187.521872
3401.845284 1129.207244
3455.324898 1134.971389
3437.207637 1194.300374
3413.421225 1091.889538
3431.211412 1034.538781
3484.730006 1038.677844
3466.917181 1097.009888
3442.596805 997.835350
3460.095353 941.424763
3513.644312 943.991542
3496.128314 1001.351564
3471.294863 905.320567
3488.508883 849.827219
3542.080003 850.872575
3524.853471 907.284670
3412.762318 1400.976992
3431.534131 1338.832425
3488.052669 1348.554170
3469.255879 1411.850299
3443.542269 1299.079174
3461.989605 1238.008796
3518.541161 1245.887508
3500.074934 1308.070506
3473.791073 1198.939733
3491.922274 1138.915930
3548.497238 1145.013699
3530.352929 1206.112674
3503.522361 1100.513543
3521.345483 1041.509641
3577.934724 1045.886186
3560.103988 1105.929239
3532.749301 1003.757011
3550.272130 945.747235
3606.866971 948.460013
3589.341748 1007.474282
3561.484618 908.628008
3578.714681 851.587443
3635.306874 852.691750
3618.079380 910.703453
3507.972538 1419.302088
3526.780319 1355.215707
3586.729609 1365.527574
3567.914635 1430.839134
3538.808346 1314.230926
3557.281497 1251.284776
3617.234491 1259.637373
3598.760273 1323.766080
3569.096470 1211.025969
3587.243842 1149.189888
3647.190886 1155.651106
3629.048252 1218.628806
3598.851369 1109.637934
3616.681507 1048.882815
3676.613457 1053.517880
3658.793556 1115.375285
3628.087006 1010.019262
3645.608153 950.317006
3705.516345 953.188603
3688.010644 1013.955341
3656.816853 912.124034
3674.036974 853.447508
3733.913199 854.615898
3716.713462 914.320564
3609.031183 1438.752830
3627.844190 1372.599687
3691.546372 1383.557088
3672.747504 1451.016299
3639.872250 1330.304802
3658.340423 1265.364215
3722.011236 1274.234774
3703.563307 1340.434652
3670.149021 1223.841034
3688.281756 1160.079965
3751.911609 1166.938124
3733.804882 1231.913607
3699.876845 1119.307561
3717.683198 1056.694165
3781.263035 1061.611354
3763.488131 1125.396098
3729.070516 1016.652357
3746.559220 955.155924
3810.080494 958.200708
3792.628374 1020.827150
3757.744301 915.825248
3774.923783 855.416154
3838.378425 856.654372
3821.240377 918.153777
