4368 2912
3363.852926 2115.111521
4032.241300 2182.932674
3290.859535 2534.619601
3988.717239 2660.810331
3394.912764 2154.210432
3454.096868 2160.578580
3445.122837 2216.382406
3385.637304 2209.374960
3491.463750 2164.599216
3552.750016 2171.193553
3544.297492 2228.065262
3482.684447 2220.807194
3591.455998 2175.358276
3654.958448 2182.191072
3647.071360 2240.172110
3583.214593 2232.649729
3695.076826 2186.507767
3760.917881 2193.592194
3753.643996 2252.726455
3687.418673 2244.925056
3802.527397 2198.069335
3870.838664 2205.419555
3864.229984 2265.753577
3795.501836 2257.657343
3914.024025 2210.066254
3984.947175 2217.697509
3979.060377 2279.280692
3907.684793 2270.872589
3379.631689 2245.092533
3439.311700 2252.518198
3430.135172 2309.581232
3370.149197 2301.488360
3476.998980 2257.207424
3538.822972 2264.899853
3530.176271 2323.078052
3468.020217 2314.692408
3577.876396 2269.759061
3641.962014 2277.732892
3633.890405 2337.070409
3569.444345 2328.375815
3682.457234 2282.771495
3748.930889 2291.042455
3741.483639 2351.586108
3674.618646 2342.565169
3790.949249 2296.270576
3859.946949 2304.855590
3853.177751 2366.655067
3783.755031 2357.289058
3903.576029 2310.284123
3975.244315 2319.201424
3969.211749 2382.309532
3897.081688 2372.578268
3364.008783 2338.007635
3424.192163 2346.537047
3414.806204 2404.902397
3354.312248 2395.676452
3462.204843 2351.924343
3524.575263 2360.763710
3515.727616 2420.293942
3453.019746 2410.730352
3563.981945 2366.348570
3628.660822 2375.515098
3620.398141 2436.257264
3555.352556 2426.337149
3669.539617 2381.308592
3736.657528 2390.820790
3729.030642 2452.824828
3661.514141 2442.527873
3779.092495 2396.834830
3848.790051 2406.712625
3841.854413 2470.031604
3771.723476 2459.335921
3892.871773 2412.960049
3965.300605 2423.224930
3959.116788 2487.915312
3886.216561 2476.797285
3348.032444 2433.024728
3408.726785 2442.706465
3399.124143 2502.419229
3338.114538 2492.010126
3447.069960 2448.822827
3509.995684 2458.860507
3500.940005 2519.790457
3437.671333 2508.995926
3549.761566 2465.203814
3615.044026 2475.617432
3606.583407 2537.814719
3540.927830 2526.612947
3656.313292 2482.200554
3724.087413 2493.011633
3716.274312 2556.529541
3648.094163 2544.897042
3766.946959 2499.848429
3837.358164 2511.080165
3830.249873 2575.975386
3759.396687 2563.886829
3881.901713 2518.185589
3955.106965 2529.863021
3948.766136 2596.195940
3875.079577 2583.623969
