4368 2912
3464.470886 1331.656330
3654.217575 1326.733712
3467.494371 1437.181434
3663.427170 1427.506656
3479.275351 1342.207542
3495.052614 1341.764194
3495.493286 1353.140349
3479.657362 1353.626318
3509.550548 1341.356795
3525.112691 1340.919493
3525.663930 1352.214478
3510.044742 1352.693796
3539.413617 1340.517630
3554.765009 1340.086250
3555.423782 1351.301213
3540.016909 1351.774016
3568.872919 1339.689811
3584.017813 1339.264232
3584.781174 1350.400299
3569.582318 1350.866719
3597.936586 1338.873109
3612.879119 1338.453217
3613.744215 1349.511487
3598.749190 1349.971652
3626.612535 1338.067303
3641.356738 1337.652984
3642.320798 1348.634534
3627.525532 1349.088569
3480.022554 1364.542308
3495.914544 1364.015303
3496.361812 1375.561736
3480.410305 1376.132622
3510.517153 1363.531056
3526.190858 1363.011290
3526.750292 1374.474170
3511.018719 1375.037183
3540.593578 1362.533672
3556.053467 1362.020996
3556.721964 1373.401519
3541.205808 1373.956823
3570.260377 1361.549872
3585.510793 1361.044142
3586.285347 1372.343481
3570.980212 1372.891234
3599.525858 1360.579379
3614.571031 1360.080456
3615.448724 1371.299759
3600.350337 1371.840113
3628.398111 1359.621927
3643.242157 1359.129674
3644.220162 1370.270065
3629.324360 1370.803167
3480.781004 1387.213213
3496.789399 1386.600080
3497.243412 1398.320643
3481.174625 1398.978959
3511.498204 1386.036720
3527.285081 1385.432070
3527.852893 1397.066615
3512.007309 1397.715786
3541.791053 1384.876479
3557.360979 1384.280138
3558.039419 1395.829914
3542.412420 1396.470130
3571.668286 1383.732157
3587.025703 1383.143955
3587.811695 1394.610184
3572.398792 1395.241631
3601.138396 1382.603428
3616.287625 1382.023200
3617.178193 1393.407079
3601.975013 1394.029933
3630.209651 1381.489974
3645.154896 1380.917560
3646.147151 1392.220261
3631.149444 1392.834697
3481.550955 1410.227906
3497.677472 1409.526084
3498.138384 1421.424748
3481.950578 1422.173097
3512.494027 1408.881272
3528.395721 1408.189235
3528.972100 1419.999332
3513.010843 1420.737207
3543.006434 1407.553381
3558.687972 1406.870925
3559.376577 1418.593758
3543.637146 1419.321379
3573.097102 1406.243844
3588.563028 1405.570772
3589.360716 1417.207616
3573.838517 1417.925195
3602.774717 1404.952283
3618.029445 1404.288401
3618.933173 1415.840507
3603.623741 1416.548249
3632.047725 1403.678331
3647.095553 1403.023454
3648.102370 1414.492039
3633.001359 1415.190146
