4368 2912
3403.924548 2093.742577
3830.349545 2104.706236
3404.905432 2363.976196
3852.966563 2385.982800
3428.980483 2117.198395
3469.208178 2118.307349
3469.789707 2153.819359
3429.305881 2152.580291
3494.309693 2118.999321
3534.991108 2120.120783
3535.995288 2155.845679
3495.051940 2154.592547
3560.376538 2120.820581
3601.519393 2121.954763
3602.955822 2157.895106
3561.545082 2156.627669
3627.193582 2122.662521
3668.805772 2123.809642
3670.684296 2159.968037
3628.798116 2158.686048
3694.773676 2124.525498
3736.863279 2125.685778
3739.193997 2162.064879
3696.824141 2160.768085
3763.129966 2126.409871
3805.705244 2127.583540
3808.498521 2164.186046
3765.636562 2162.874193
3429.516432 2175.474251
3470.166001 2176.798335
3470.759776 2213.058151
3429.848658 2211.598597
3495.532241 2177.624594
3536.645107 2178.963770
3537.670555 2215.445274
3496.290152 2213.968978
3562.301281 2179.799472
3603.885411 2181.153998
3605.352438 2217.859907
3563.494629 2216.366579
3629.836518 2181.999309
3671.900062 2183.369450
3673.818832 2220.302529
3631.475306 2218.791872
3698.151217 2184.224533
3740.702511 2185.610564
3743.083457 2222.773628
3700.245711 2221.245339
3767.258948 2186.475590
3810.306528 2187.877786
3813.160354 2225.273706
3769.819683 2223.727475
3430.063649 2234.975494
3471.144034 2236.523573
3471.750446 2273.555067
3430.402921 2271.865907
3496.780642 2237.489667
3538.334210 2239.055579
3539.381607 2276.317984
3497.554719 2274.609242
3564.266963 2240.032834
3606.301935 2241.616887
3607.800547 2279.113085
3565.485911 2277.384417
3632.535995 2242.605496
3675.060785 2244.208008
3677.021110 2281.940934
3634.210146 2280.191989
3701.601434 2245.208170
3744.624655 2246.829464
3747.057469 2284.802111
3703.741390 2283.032530
3771.477299 2247.841384
3815.007765 2249.481793
3817.924129 2287.697207
3774.093945 2285.906624
3430.622495 2295.741182
3472.142926 2297.522546
3472.762383 2335.350616
3430.969039 2333.422293
3498.055728 2298.634290
3540.059543 2300.436393
3541.129603 2338.505042
3498.846492 2336.554123
3566.274904 2301.561119
3608.770596 2303.384324
3610.301825 2341.696612
3567.520285 2339.722694
3635.293847 2304.522259
3678.290106 2306.366941
3680.293350 2344.925984
3637.004517 2342.928660
3705.126702 2307.518320
3748.632424 2309.384859
3751.118819 2348.193833
3707.313616 2346.172685
3775.787953 2310.549921
3819.812248 2312.438709
3822.793229 2351.500852
3778.462361 2349.455449
