4368 2912
889.605406 1953.089349
1320.442631 1872.420012
1008.941592 2297.604240
1450.133011 2162.597267
925.107300 1975.836795
974.341140 1966.169638
990.611354 2010.738253
941.161432 2021.198471
1000.473193 1961.038561
1047.440624 1951.816418
1064.004878 1995.213208
1016.852197 2005.187487
1072.383457 1946.918846
1117.237451 1938.111680
1134.052604 1980.395905
1089.040722 1989.917337
1141.070435 1933.432029
1183.950501 1925.012448
1200.978222 1966.239026
1157.964584 1975.337767
1206.746095 1920.536491
1247.779726 1912.479460
1264.985914 1952.699380
1223.840349 1961.402965
1269.604220 1908.194180
1308.908163 1900.476778
1326.262439 1939.737463
1286.865842 1948.071085
950.747355 2048.283933
1000.324022 2037.343936
1017.090565 2083.272136
967.299062 2095.051531
1026.628592 2031.539353
1073.889634 2021.110341
1090.947195 2065.799547
1043.503004 2077.023629
1098.979802 2015.573738
1144.083751 2005.620728
1161.388072 2049.135038
1116.129030 2059.842169
1168.041713 2000.333966
1211.132952 1990.825098
1228.644800 2033.223817
1185.423347 2043.448907
1234.033651 1985.771641
1275.243959 1976.677834
1292.928508 2018.015937
1251.610076 2027.790821
1297.155868 1971.842571
1336.605765 1963.137231
1354.432061 2003.465770
1314.893677 2012.819540
977.184404 2122.983011
1027.101794 2110.695661
1044.387730 2158.046621
994.257182 2171.222922
1053.577348 2104.178606
1101.128537 2092.473706
1118.701773 2138.513935
1070.969989 2151.059746
1126.363836 2086.261944
1171.713167 2075.099039
1189.528316 2119.897903
1144.027150 2131.857419
1195.793363 2069.171610
1239.090309 2058.513908
1257.107229 2102.135478
1213.683892 2113.548858
1262.092934 2052.851727
1303.473737 2042.665690
1321.656877 2085.169264
1280.172223 2096.073081
1325.469536 2037.251343
1365.058639 2027.506339
1383.376478 2068.946899
1343.703512 2079.374531
1004.456192 2200.040686
1054.711502 2186.326287
1072.541344 2235.167156
1022.075042 2249.823546
1081.356115 2179.055117
1129.193252 2166.000624
1147.305908 2213.454080
1099.291229 2227.398472
1154.571078 2159.075153
1200.160473 2146.634056
1218.509408 2192.775206
1172.771946 2206.058250
1224.359753 2140.030205
1267.856188 2128.160265
1286.400350 2173.058364
1242.781857 2185.726018
1290.957154 2121.856138
1332.501521 2110.518907
1351.204639 2154.237944
1309.561199 2166.332005
1354.577282 2104.494552
1394.298103 2093.654957
1413.128100 2136.254174
1373.328539 2147.812736
