4368 2912
939.770268 1647.323192
1289.069255 1506.930661
1106.034662 1944.874571
1444.734368 1762.037943
975.071335 1663.447356
1013.839388 1647.457200
1035.965430 1686.397277
997.330254 1703.009839
1035.304654 1638.603701
1072.435527 1623.288811
1094.351375 1661.292173
1057.355003 1677.200073
1093.003809 1614.805279
1128.599064 1600.123766
1150.302876 1637.233843
1114.843205 1652.480984
1148.325434 1591.987486
1182.478401 1577.900855
1203.969083 1614.158157
1169.952319 1628.784869
1201.413514 1570.090935
1234.210111 1556.563748
1255.487205 1592.006117
1222.827035 1606.049513
1252.400637 1549.060938
1283.920091 1536.060518
1304.983683 1570.723353
1273.600543 1584.217645
1011.033178 1727.365096
1049.585149 1710.366901
1072.038389 1749.882820
1033.625939 1767.520942
1070.927355 1700.956772
1107.839607 1684.681555
1130.072585 1723.234838
1093.301218 1740.119413
1128.283650 1675.667442
1163.658616 1660.070040
1185.669887 1697.705823
1150.436636 1713.884130
1183.260023 1651.427458
1217.191776 1636.466392
1238.980629 1673.226744
1205.190967 1688.742188
1236.001590 1628.172837
1268.576683 1613.809945
1290.143029 1649.734135
1257.710017 1664.626636
1286.641905 1605.844692
1317.940104 1592.044803
1339.284383 1627.169544
1308.127928 1641.475879
1047.535154 1792.242855
1085.860262 1774.208218
1108.648012 1814.312847
1070.469324 1833.005513
1107.073429 1764.225942
1143.756705 1746.963901
1166.313746 1786.079129
1129.777977 1803.967406
1164.070766 1737.404718
1199.215498 1720.866669
1221.540808 1759.039409
1186.544145 1776.174124
1218.686427 1711.704238
1252.387418 1695.845570
1274.480691 1733.119514
1240.927889 1749.547301
1271.066638 1687.055693
1303.411058 1671.835386
1325.272595 1708.251292
1293.076106 1724.015014
1321.345893 1663.395795
1352.414035 1648.776066
1374.044649 1684.372008
1343.123864 1699.511133
1084.589524 1858.102426
1122.676573 1839.002000
1145.806364 1879.708595
1107.872900 1899.485756
1143.754496 1828.431549
1180.198051 1810.155326
1203.086293 1849.844875
1166.797114 1868.764764
1200.376177 1800.036117
1235.280368 1782.531876
1257.926486 1821.253147
1223.176951 1839.370320
1254.615107 1772.835621
1288.075447 1756.055462
1310.479565 1793.853838
1277.173727 1811.218319
1306.618593 1746.756186
1338.722855 1730.656093
1360.885685 1767.573878
1328.935408 1784.231617
1356.522044 1721.729906
1387.351028 1706.269357
1409.273777 1742.346046
1378.597955 1758.339330
