2912 4368
168.554421 3337.145236
910.756660 3296.752609
212.684104 3862.953211
1007.616989 3767.561677
220.545673 3379.208385
297.046728 3374.636613
303.875193 3439.370655
226.637809 3444.615861
345.648690 3371.732115
419.809137 3367.300220
427.787140 3430.955771
352.936984 3436.038860
466.935392 3364.483912
538.861030 3360.185571
547.916111 3422.797789
475.344192 3427.726162
584.577781 3357.453497
654.368128 3353.282763
664.432739 3414.885122
594.036603 3419.665738
698.737678 3350.631198
766.486429 3346.582471
777.497549 3407.206869
709.180793 3411.846273
809.567463 3344.007910
875.362911 3340.075914
887.261691 3399.752765
820.933526 3404.257124
230.763428 3488.910074
308.498687 3483.201513
315.568410 3550.222696
237.072931 3556.651287
357.871301 3479.575790
433.187534 3474.044874
441.442949 3539.913872
365.415486 3546.140339
481.035612 3470.531106
554.044001 3465.169668
563.409044 3529.925141
489.735001 3535.958869
600.437082 3461.762750
671.242102 3456.563118
681.645948 3520.241822
610.217719 3526.091623
716.245556 3453.258248
784.945470 3448.213206
796.322119 3510.850119
727.038558 3516.524275
828.620811 3445.005868
895.308120 3440.108625
907.596021 3501.737052
840.361964 3507.243361
241.347074 3602.540113
320.356712 3595.615930
327.680710 3665.047640
247.885789 3672.742232
370.524579 3591.219359
447.032770 3584.514395
455.580325 3652.714331
378.338372 3660.162743
495.624816 3580.255925
569.748503 3573.759932
579.439698 3640.770622
504.630124 3647.984480
616.837824 3569.633156
688.686771 3563.336516
699.447295 3629.198338
626.956985 3636.188550
734.342015 3559.335418
804.019350 3553.229092
815.780037 3617.980419
745.502787 3624.757225
848.305043 3549.348018
915.907753 3543.423506
928.604176 3607.100833
860.440166 3613.673861
252.316625 3720.313359
332.642790 3712.088304
340.235031 3784.062969
259.097273 3793.112961
383.631692 3706.867258
461.369718 3698.907218
470.225197 3769.564047
391.729810 3778.319313
510.728888 3693.853050
586.001876 3686.145417
596.036563 3755.531223
520.056538 3764.005929
633.808219 3681.250252
706.731584 3673.783212
717.867448 3741.942376
644.283786 3750.149795
753.057243 3669.039663
823.739308 3661.802122
835.903813 3728.776765
764.604907 3736.729345
868.652021 3657.203252
937.194551 3650.184790
950.320215 3716.014919
881.201281 3723.724348
