4368 2912
3276.038894 1543.117685
3972.715849 1556.288268
3192.025238 1954.220175
3906.220994 1985.593604
3306.413468 1575.735015
3376.107087 1577.182633
3364.634992 1635.728668
3294.706208 1634.033326
3413.162106 1577.952309
3483.742392 1579.418344
3472.638087 1638.347077
3401.815997 1636.630079
3521.270339 1580.197843
3592.754319 1581.682649
3582.028207 1640.999113
3510.295583 1639.260040
3630.764309 1582.472161
3703.169452 1583.976100
3692.832242 1643.685429
3620.171410 1641.923851
3741.670831 1584.775819
3815.015057 1586.299264
3805.077784 1646.406691
3731.470612 1644.622171
3854.017416 1587.109389
3928.319115 1588.652722
3918.793148 1649.163588
3844.221026 1647.355674
3288.260928 1666.128704
3358.319014 1667.961265
3346.701329 1727.250288
3276.405714 1725.163781
3395.569296 1668.935647
3466.524352 1670.791670
3455.278221 1730.473056
3384.078878 1728.359725
3504.253089 1671.778569
3576.122454 1673.658508
3565.258458 1733.737478
3493.137848 1731.596801
3614.338923 1674.658164
3687.140383 1676.562484
3676.669424 1737.044367
3603.609548 1734.875811
3725.854104 1677.575148
3799.605910 1679.504327
3789.539220 1740.394556
3715.521611 1738.197573
3838.826651 1680.530253
3913.547535 1682.484781
3903.896689 1743.788903
3828.902390 1741.562931
3269.878721 1757.666060
3340.304944 1759.893238
3328.538881 1819.939484
3257.872731 1817.451957
3377.752473 1761.077490
3449.086150 1763.333366
3437.695458 1823.781916
3366.114978 1821.262204
3487.017758 1764.532926
3559.276543 1766.818058
3548.271989 1827.674332
3475.759317 1825.121806
3597.701674 1768.033224
3670.903682 1770.348185
3660.296361 1831.617713
3586.833169 1829.031727
3709.832032 1771.579266
3783.995851 1773.924643
3773.797200 1835.613068
3699.364675 1832.992960
3823.437370 1775.171952
3898.582083 1777.548350
3888.803887 1839.661429
3813.382717 1837.006522
3251.262462 1850.368925
3322.060541 1853.000675
3310.143240 1913.818743
3239.102798 1910.920060
3359.707334 1854.400105
3431.423536 1857.065984
3419.885476 1918.296586
3347.919916 1915.360155
3469.560127 1858.483620
3542.212428 1861.184296
3531.064570 1922.833058
3458.155702 1919.858136
3580.848438 1862.620497
3654.455288 1865.356656
3643.708924 1927.429317
3569.838079 1924.415144
3693.600590 1866.811790
3768.180926 1869.584136
3757.847700 1932.086553
3682.995713 1929.032347
3807.845659 1871.058578
3883.418919 1873.867832
3873.510834 1936.805989
3797.658026 1933.710945
