3324.786019 1416.776217
3219.605574 384.504147
4129.809050 1286.449758
3967.529396 143.141427
3385.460065 1340.593823
3374.626738 1237.530674
3472.159890 1219.059305
3483.650261 1323.533045
3367.693430 1171.570463
3357.037154 1070.191695
3453.507077 1049.462604
3464.806958 1152.204349
3350.216697 1005.305094
3339.733166 905.569749
3435.161452 882.658943
3446.275540 983.711409
3333.022827 841.730757
3322.707876 743.599194
3417.115488 718.579889
3428.048329 817.984400
3316.105009 680.782645
3305.954604 584.216490
3399.361904 557.159227
3410.117894 654.955767
3299.456648 522.398014
3289.466882 427.360105
3381.893649 398.332869
3392.477047 494.560142
3550.600571 1311.900271
3538.654007 1206.466280
3641.048050 1187.074328
3653.710181 1293.984734
3531.009774 1139.002365
3519.263178 1035.333182
3620.499909 1013.579817
3632.946970 1118.674328
3511.746365 968.993802
3500.194757 867.045486
3600.298418 843.012197
3612.535845 946.336688
3492.802204 801.802758
3481.440770 701.532812
3580.434881 675.298021
3592.467924 776.896835
3474.169420 637.359765
3462.993502 538.727082
3560.900887 510.366281
3572.734624 610.282292
3455.840399 475.597624
3444.845490 378.562427
3541.688302 348.148303
3553.327644 446.422976
3724.057194 1281.761775
3710.897828 1173.845790
3818.525424 1153.462679
3832.465404 1262.925593
3702.479347 1104.808371
3689.545709 998.743517
3795.911494 975.888041
3809.608742 1083.444920
3681.271017 930.885267
3668.557349 826.624319
3773.688598 801.383987
3787.149400 907.084185
3660.422793 759.915282
3647.923531 657.412609
3751.846683 629.871555
3765.077108 733.762737
3639.925580 591.823837
3627.635345 491.035332
3730.376033 461.274469
3743.381946 563.402680
3619.770589 426.538841
3607.684181 327.421861
3709.267264 295.519023
3722.054331 395.928762
3906.474331 1250.066368
3891.991443 1139.549277
4005.264346 1118.097026
4020.600323 1230.236708
3882.728328 1068.863612
3868.500186 960.290458
3980.394928 936.246940
3995.456972 1046.383574
3859.399289 890.842668
3845.419231 784.162609
3955.966568 757.621960
3970.761954 865.808740
3836.476330 715.920459
3822.737922 611.084409
3931.967636 582.137045
3946.503384 688.425295
3813.948937 544.016774
3800.445970 440.977333
3908.386908 409.710116
3922.669792 514.149377
3791.806961 375.054149
3778.533432 273.765526
3885.213546 240.261932
3899.250108 342.900034
