4368 2912
604.836653 2027.531293
1069.088395 1968.860488
700.875297 2361.658769
1171.202211 2272.631392
640.576912 2051.789085
690.473246 2045.235805
703.576361 2089.472710
653.576626 2096.452882
718.316399 2041.578944
766.848488 2035.204841
780.102255 2078.789376
731.475502 2085.577874
793.935542 2031.647284
841.158582 2025.445109
854.550082 2068.396149
807.240525 2075.000761
867.519923 2021.982866
913.486172 2015.945755
927.003353 2058.281371
880.958188 2064.709468
939.150579 2012.575046
983.909549 2006.696497
997.541164 2048.433998
952.710371 2054.692564
1008.904300 2003.413739
1052.502938 1997.687585
1066.238482 2038.843566
1022.574646 2044.939220
661.577133 2123.940643
711.639992 2116.696016
724.930215 2161.564612
674.764162 2169.248011
739.573302 2112.653770
788.257804 2105.608606
801.698205 2149.806877
752.919363 2157.277812
815.427308 2101.676890
862.789604 2094.823063
876.367096 2138.370640
828.918710 2145.637803
889.226206 2090.997407
935.319438 2084.327227
949.021822 2127.242890
902.850192 2134.314506
961.052398 2080.603395
1005.926899 2074.109578
1019.742794 2116.411313
974.797073 2123.295170
1030.983940 2070.483559
1074.687413 2064.159202
1088.606202 2105.864240
1044.838205 2112.567717
682.880367 2197.133280
733.109404 2189.178050
746.590773 2234.691964
696.258790 2243.098231
761.132621 2184.739758
809.969002 2177.005095
823.600006 2221.830159
774.669652 2230.002330
837.220602 2172.689011
884.721453 2165.165869
898.488838 2209.322496
850.902370 2217.270216
911.232873 2160.967013
957.452238 2153.646831
971.343655 2197.154546
925.046458 2204.886938
983.253229 2149.560493
1028.242277 2142.435168
1042.246215 2185.312656
997.186594 2192.838352
1053.361017 2138.456884
1097.168226 2131.518738
1111.273950 2173.783892
1067.402937 2181.111071
704.493220 2271.389694
754.888023 2262.703982
768.564690 2308.877236
718.067235 2318.026647
783.000857 2257.858641
831.988511 2249.415456
845.814202 2294.880740
796.732986 2303.773548
859.321817 2244.704470
906.960447 2236.493793
920.921737 2281.272338
873.198007 2289.919189
933.546204 2231.911649
979.890777 2223.924008
993.975167 2268.036111
947.553374 2276.447070
1005.759238 2219.465492
1050.861775 2211.691920
1065.057622 2255.156996
1019.885205 2263.341586
1076.041583 2207.352096
1119.951353 2199.784101
1134.247805 2242.620733
1090.274997 2250.587971
