4368 2912
3278.021630 1709.733266
4115.492678 1844.056120
3138.920194 2211.811990
4002.219188 2435.175887
3311.716607 1758.806550
3384.837847 1771.077135
3366.970467 1838.861678
3293.605063 1825.622441
3430.274836 1778.701984
3506.579243 1791.506741
3489.146477 1860.909089
3412.565557 1847.089593
3554.015933 1799.467162
3633.715985 1812.841747
3616.774586 1883.940364
3536.762023 1869.501606
3683.287353 1821.160392
3766.614868 1835.143707
3750.228072 1908.022865
3666.547924 1892.922268
3818.468317 1843.845311
3905.676705 1858.479881
3889.915086 1933.230243
3802.309273 1917.421237
3959.973529 1867.591512
4051.340366 1882.923918
4036.282817 1959.643199
3944.468468 1943.074736
3282.107215 1868.039528
3355.626022 1881.899772
3337.367968 1951.166433
3263.604917 1936.296963
3401.320510 1890.514395
3478.075377 1904.984723
3460.253011 1975.938121
3383.220820 1960.409645
3525.803507 1913.982740
3606.012900 1929.104338
3588.684319 2001.827850
3508.160741 1985.595565
3655.913518 1938.511927
3739.816016 1954.329773
3723.046049 2028.913059
3638.788222 2011.928008
3792.040902 1964.175548
3879.897573 1980.738860
3863.758672 2057.278507
3775.500675 2039.487085
3934.612980 1991.054165
4026.710092 2008.416912
4011.283368 2087.017162
3918.733422 2068.360551
3251.857660 1979.634150
3325.774115 1995.150725
3307.112434 2065.948649
3232.951823 2049.380290
3371.726496 2004.797070
3448.933100 2021.004315
3430.707926 2093.561348
3353.223342 2076.250373
3496.953854 2031.084853
3577.675274 2048.029929
3559.946087 2122.434685
3478.908937 2104.330025
3627.907260 2058.574651
3712.389099 2076.309116
3695.222363 2152.657009
3610.382602 2133.702800
3764.988644 2087.350837
3853.499929 2105.931165
3836.970035 2184.325119
3748.053587 2164.460130
3908.638448 2117.505868
4001.474497 2136.994053
3985.664854 2217.545305
3892.370658 2196.702275
3220.946955 2093.667842
3295.260856 2110.910691
3276.182015 2183.291223
3201.624234 2164.951927
3341.471361 2121.632787
3419.130718 2139.651873
3400.488925 2213.867527
3322.551100 2194.696826
3467.445137 2150.862133
3548.681053 2169.711078
3530.537205 2245.856057
3448.984162 2225.796107
3599.246409 2181.443617
3684.311776 2201.181099
3666.734020 2279.356971
3581.308253 2258.344430
3737.289119 2213.473285
3826.461245 2234.163646
3809.525974 2314.480119
3719.944924 2292.445485
3882.027362 2247.056499
3975.610991 2268.770448
3959.403992 2351.346257
3865.356929 2328.213098
