2912 4368
2431.765974 2191.043131
2796.766034 2212.176428
2359.181001 2420.257317
2724.181034 2442.354888
2447.741433 2213.209845
2482.051858 2215.203927
2472.691695 2244.782818
2438.381280 2242.777074
2504.632894 2216.516311
2538.987406 2218.512956
2529.627233 2248.111198
2495.272726 2246.102876
2561.597466 2219.827026
2595.996150 2221.826238
2586.635975 2251.443858
2552.237292 2249.432954
2618.635291 2223.141999
2653.078232 2225.143783
2643.718063 2254.780806
2609.275117 2252.767314
2675.746509 2226.461237
2710.233793 2228.465598
2700.873637 2258.122049
2666.386345 2256.105965
2732.931264 2229.784749
2767.462976 2231.791692
2758.102841 2261.467597
2723.571115 2259.448915
2431.775693 2263.643066
2466.086102 2265.657042
2456.722574 2295.246567
2422.412176 2293.220922
2488.667128 2266.982518
2523.021632 2268.999082
2513.658092 2298.607973
2479.303595 2296.579724
2545.631688 2270.326262
2580.030372 2272.345419
2570.666827 2301.973701
2536.268146 2299.942844
2602.669514 2273.674306
2637.112462 2275.696062
2627.748921 2305.343761
2593.305970 2303.310289
2659.780747 2277.026660
2694.268045 2279.051018
2684.904516 2308.718159
2650.417209 2306.682069
2716.965528 2280.383330
2751.497263 2282.410297
2742.133752 2312.096906
2707.602005 2310.058192
2415.804215 2314.094414
2450.114605 2316.128297
2440.747709 2345.728463
2406.437332 2343.682902
2472.695621 2317.466875
2507.050113 2319.503372
2497.683204 2349.122917
2463.328719 2347.074727
2529.660165 2320.843671
2564.058845 2322.882787
2554.691929 2352.521738
2520.293252 2350.470913
2586.697988 2324.224811
2621.140941 2326.266552
2611.774026 2355.924933
2577.331071 2353.871468
2643.809231 2327.610303
2678.296542 2329.654673
2668.929637 2359.332510
2634.442319 2357.276401
2700.994036 2331.000156
2735.525792 2333.047161
2726.158903 2362.744479
2691.627136 2360.685720
2399.826996 2364.563899
2434.137364 2366.617702
2424.767099 2396.228515
2390.456745 2394.163024
2456.718369 2367.969392
2491.072848 2370.025836
2481.702567 2399.656042
2447.348097 2397.587895
2513.682893 2371.379263
2548.081567 2373.438353
2538.711278 2403.087978
2504.312608 2401.017171
2570.720709 2374.793523
2605.163664 2376.855263
2595.793374 2406.524332
2561.350419 2404.450859
2627.831959 2378.212177
2662.319281 2380.276573
2652.948997 2409.965112
2618.461670 2407.888968
2685.016784 2381.635236
2719.548558 2383.702293
2710.178289 2413.410327
2675.646505 2411.331507
