4368 2912
150.027078 1194.238304
1614.455999 1010.083046
312.768813 2221.966587
1811.370280 1972.554185
263.250588 1275.847349
403.143053 1257.777035
424.128644 1384.025600
283.804974 1402.857959
501.654814 1245.051985
638.978801 1227.313449
660.677877 1352.279139
522.940492 1370.764401
735.690122 1214.820967
870.515726 1197.405154
892.898843 1321.113560
757.676896 1339.261233
965.475514 1185.138923
1097.870301 1168.037105
1120.909261 1290.513064
988.134469 1308.332313
1191.125716 1155.991034
1321.154835 1139.194796
1344.822619 1260.462421
1214.429146 1277.962081
1412.751352 1127.363008
1540.477650 1110.864233
1564.748360 1230.946941
1436.672715 1248.135534
298.947928 1496.430009
439.588710 1477.032811
460.858835 1604.993122
319.782538 1625.172206
538.621226 1463.374231
676.662575 1444.335547
698.653120 1570.979818
560.194384 1590.784495
773.873119 1430.928254
909.386441 1412.238236
932.067443 1537.593009
796.154090 1557.033604
1004.824833 1399.075358
1137.878943 1380.724515
1161.221714 1504.815544
1027.784193 1523.902004
1231.593207 1367.799430
1362.254446 1349.778612
1386.231506 1472.630893
1255.202775 1491.372806
1454.290883 1337.084933
1582.623224 1319.385316
1607.208244 1441.023114
1478.523663 1459.429729
335.132649 1720.024323
476.529231 1699.265660
498.089716 1828.972767
356.253256 1850.533761
576.087616 1684.649332
714.853252 1664.276922
737.141178 1792.633822
597.954118 1813.792074
812.567753 1649.931297
948.775197 1629.934460
971.760070 1756.968686
835.148864 1777.735374
1044.696567 1615.852087
1178.415913 1596.220532
1202.068545 1721.958790
1067.962345 1742.344684
1272.593062 1582.394231
1403.891868 1563.118040
1428.184307 1687.586241
1296.514838 1707.601719
1496.371942 1549.540889
1625.315342 1530.610498
1650.220816 1653.833790
1520.922262 1673.488859
371.814802 1946.692393
513.974761 1924.536632
535.831593 2056.026548
393.227335 2079.005713
614.064198 1908.937600
753.561131 1887.196874
776.152511 2017.301381
636.230068 2039.848399
851.784378 1871.888690
988.692419 1850.551445
1011.987311 1979.299103
874.671736 2001.426052
1085.101189 1835.526049
1219.491744 1814.581157
1243.460448 1941.999662
1108.679560 1963.718173
1314.135853 1799.830786
1446.077728 1779.267523
1470.691810 1905.383737
1338.376073 1926.705015
1539.005188 1764.784692
1668.564702 1744.592721
1693.796938 1869.432711
1563.879332 1890.367557
