2912 4368
2184.874565 3392.593712
2706.145937 3444.839409
2142.604611 3759.778313
2687.372135 3844.918308
2211.089269 3426.568880
2258.753824 3431.555440
2253.695080 3480.188230
2205.769843 3474.826644
2288.670614 3434.685268
2337.443982 3439.787829
2332.824839 3489.040790
2283.777643 3483.553685
2368.060786 3442.990891
2417.982114 3448.213548
2413.824810 3498.102577
2363.615792 3492.485495
2449.323792 3451.492444
2500.434088 3456.839489
2496.762091 3507.381099
2445.349474 3501.629367
2532.526692 3460.196946
2584.868946 3465.672876
2581.707024 3516.884226
2529.047006 3510.992941
2617.739790 3469.111750
2671.359088 3474.721282
2668.733402 3526.620211
2614.780027 3520.584234
2202.328439 3506.047010
2250.422088 3511.653503
2245.258088 3561.298169
2196.899126 3555.301658
2280.611762 3515.172848
2329.835909 3520.911127
2325.119521 3571.200987
2275.616529 3565.062616
2360.739416 3524.513687
2411.134396 3530.388455
2406.888524 3581.340344
2356.200418 3575.055019
2442.777356 3534.077218
2494.385445 3540.093403
2490.634269 3591.724817
2438.717978 3585.287197
2526.794721 3543.871497
2579.660253 3550.034268
2576.429316 3602.363404
2523.239653 3595.767885
2612.864022 3553.904981
2667.033523 3560.219762
2664.349816 3613.265546
2609.839352 3606.506248
2193.386264 3587.170303
2241.916641 3593.421543
2236.644068 3644.109999
2187.843625 3637.453046
2272.384133 3597.346087
2322.067333 3603.745822
2317.250598 3655.105674
2267.283397 3648.289562
2353.262889 3607.764148
2404.140484 3614.317735
2399.803183 3666.366815
2348.626873 3659.385765
2436.090515 3618.433246
2488.206099 3625.146299
2484.373158 3677.903150
2431.943316 3670.751105
2520.938311 3629.362563
2574.337625 3636.240974
2571.035388 3689.724895
2517.305387 3682.395492
2607.881098 3640.561738
2662.612165 3647.611693
2659.868491 3701.842772
2604.789361 3694.329332
2184.257053 3669.990374
2233.231995 3676.912337
2227.847387 3728.677851
2178.597504 3721.333741
2263.982368 3681.258498
2314.133124 3688.346647
2309.212802 3740.811006
2258.772751 3733.289420
2345.626219 3692.797782
2396.995647 3700.058175
2392.563930 3753.240270
2340.890041 3745.534694
2429.258701 3704.618133
2481.891770 3712.057125
2477.974359 3765.976615
2425.020801 3758.080216
2514.953368 3716.729946
2568.897284 3724.354209
2565.521361 3779.031566
2511.240002 3770.937166
2602.787445 3729.144137
2658.091795 3736.960679
2655.286121 3792.417225
2599.626387 3784.117284
