4368 2912
3539.682750 1347.030528
4183.526345 1555.478720
3321.658810 1746.673043
3915.206078 2010.522706
3555.758300 1392.682716
3611.411940 1411.195632
3580.248255 1467.616807
3525.182620 1448.420783
3646.004815 1422.702786
3704.115671 1442.033084
3671.962073 1499.588484
3614.473268 1479.547736
3740.252889 1454.053957
3800.987366 1474.256989
3767.785385 1532.992741
3707.709868 1512.050259
3838.774700 1486.826765
3902.314577 1507.962999
3868.000729 1567.928072
3805.159903 1546.021596
3941.867686 1521.120151
4008.411929 1543.255774
3972.917146 1604.502208
3907.115586 1581.563613
4049.857540 1557.042458
4119.624384 1580.250065
4082.873372 1642.833236
4013.896794 1618.787821
3506.077290 1483.248925
3560.776862 1502.869342
3529.939991 1558.698828
3475.818065 1538.410110
3594.772882 1515.063514
3651.874498 1535.545530
3620.065435 1592.484205
3563.574692 1571.307488
3687.379924 1548.281120
3747.045355 1569.682760
3714.207063 1627.775131
3655.188508 1605.650812
3784.162992 1582.996640
3846.568867 1605.381263
3812.639444 1664.674535
3750.919530 1641.537556
3885.411071 1619.313734
3950.750628 1642.750651
3915.662764 1703.294947
3851.051686 1679.074155
3991.440444 1657.345850
4059.925523 1681.911048
4023.605877 1743.759644
3955.895622 1718.377061
3456.909963 1572.878715
3510.672261 1593.582635
3480.157089 1648.829691
3426.962305 1627.471927
3544.082034 1606.448776
3600.192530 1628.056990
3568.722496 1684.388800
3513.211944 1662.101252
3635.077622 1641.491278
3693.693593 1664.064353
3661.213047 1721.523857
3603.232144 1698.244461
3730.153929 1678.105268
3791.447016 1701.709305
3757.895593 1760.342004
3697.275686 1736.003045
3829.591751 1716.398884
3893.749640 1741.106158
3859.061734 1800.960321
3795.618462 1775.487778
3933.698254 1756.490413
4000.926592 1782.380121
3965.030763 1843.507002
3898.562181 1816.819794
3408.248391 1661.586536
3461.089841 1683.350528
3430.891361 1738.024222
3378.607513 1715.620503
3493.923744 1696.873943
3549.060838 1719.583450
3517.924441 1775.318045
3463.376605 1751.944204
3583.336796 1733.700809
3640.922447 1757.418813
3608.793833 1814.255734
3551.831708 1789.847366
3676.737593 1772.170122
3736.938609 1796.965324
3703.758903 1854.948429
3644.218582 1829.435299
3774.398997 1812.394265
3837.397684 1838.341754
3803.102939 1897.517518
3740.805332 1870.822887
3876.619341 1854.496115
3942.615354 1881.678124
3907.135967 1942.095848
3841.885007 1914.135701
