4368 2912
2518.519277 985.942256
4478.065652 757.826062
2045.957011 2028.978791
4318.382729 2439.342387
2570.304187 1058.736711
2705.705965 1045.643303
2652.044284 1177.182370
2515.351110 1186.005103
2795.820806 1036.929160
2947.874249 1022.225529
2897.083135 1161.366566
2743.143144 1171.302479
3049.420252 1012.405989
3221.397615 995.775707
3174.717416 1143.446921
3000.047548 1154.720825
3336.696412 984.626266
3532.787200 965.664205
3491.914364 1122.973740
3292.026244 1135.875332
3664.834507 952.895176
3890.490988 931.074101
3857.779194 1099.359338
3626.788345 1114.268425
4043.220305 916.305112
4305.671877 890.925937
4284.443327 1071.820699
4014.480788 1089.245179
2478.312575 1271.784376
2615.826387 1265.962083
2557.675953 1408.504282
2418.930267 1409.310631
2707.556801 1262.078245
2862.718097 1255.508762
2807.399415 1407.052964
2650.365352 1407.965599
2966.607606 1251.110112
3143.045552 1243.639783
3091.911862 1405.399464
2912.719339 1406.440877
3261.682417 1238.616734
3464.094217 1230.046679
3419.027258 1403.498367
3212.631719 1404.697876
3600.857084 1224.256181
3835.431947 1214.324352
3799.089082 1401.289562
3558.789554 1402.686111
3994.816330 1207.576065
4269.878722 1195.930007
4246.084014 1398.691762
3962.782739 1400.338224
2378.845305 1502.145265
2518.364055 1504.868213
2455.137120 1659.854268
2314.475836 1651.221520
2611.663297 1506.689107
2769.901575 1509.777398
2709.421767 1675.460379
2549.351999 1665.636481
2876.149831 1511.851014
3057.144937 1515.383444
3000.888596 1693.348455
2817.096911 1682.068682
3179.237893 1517.766296
3388.277654 1521.846065
3338.336201 1714.058492
3125.129176 1700.973423
3530.043495 1524.612869
3774.190898 1529.377823
3733.576970 1738.315445
3483.281562 1722.954165
3940.798325 1532.629452
4229.704325 1538.267947
4202.848329 1767.115847
3904.870004 1748.828143
2270.952523 1752.019190
2412.317121 1764.817488
2343.318656 1933.951101
2200.940159 1914.164091
2507.106375 1773.399135
2668.342346 1787.996467
2601.943882 1969.893465
2438.955591 1947.242216
2776.937014 1797.827973
2962.549705 1814.632226
2900.360447 2011.365819
2711.939705 1985.180103
3088.201255 1826.007959
3304.168824 1845.560360
3248.516958 2059.750768
3028.209758 2029.133640
3451.236199 1858.874953
3705.664746 1881.909378
3659.980002 2116.933722
3398.947794 2080.656849
3880.129464 1897.704361
4184.291816 1925.241385
4153.743300 2185.554331
3839.550310 2141.889453
