4368 2912
584.583636 921.425525
1116.832746 889.792082
667.214719 1270.540176
1211.525862 1197.381339
627.415449 950.460967
682.512513 946.843110
693.180864 989.619293
637.897945 993.760120
718.062336 944.508791
771.097488 941.026326
782.049544 982.962809
728.846780 986.947828
805.329276 938.778553
856.416133 935.424019
867.623819 976.553085
816.385973 980.390926
889.401850 933.258067
938.645833 930.024543
950.083543 970.376648
900.703736 974.075317
970.452300 927.936025
1017.951358 924.817078
1029.595712 964.420990
981.974679 967.987923
1048.640700 922.801914
1094.485963 919.791561
1106.315593 958.674481
1060.361015 962.116592
645.365790 1024.606911
700.780266 1020.090111
711.654130 1063.690320
656.052617 1068.750079
736.528324 1017.176309
789.849638 1012.830121
801.008642 1055.559025
747.518922 1060.426610
824.260045 1010.025350
875.604593 1005.840287
887.020088 1047.731951
835.524095 1052.418106
908.751050 1003.138540
958.226755 999.105805
969.872637 1040.192337
920.260944 1044.707020
990.177644 996.501508
1037.884716 992.612933
1049.737174 1032.924634
1001.908216 1037.277087
1068.703574 990.100907
1114.735181 986.348899
1126.772475 1025.914392
1080.631861 1030.113205
663.666742 1100.201097
719.400632 1094.750956
730.486003 1139.199234
674.563934 1145.213201
755.348011 1091.235711
808.956823 1085.993378
820.328695 1129.537378
766.550734 1135.320763
843.546530 1082.610898
895.149527 1077.564711
906.778663 1120.240382
855.023821 1125.806197
928.457050 1074.307614
978.164737 1069.446767
990.024525 1111.287962
940.180748 1116.648257
1010.260070 1066.308208
1058.174980 1061.622675
1070.241171 1102.661309
1022.204529 1107.827262
1089.123113 1058.596299
1135.340516 1054.076762
1147.590991 1094.342961
1101.264957 1099.324951
682.328680 1177.286376
738.383919 1170.866981
749.687029 1216.188315
693.442509 1223.193328
774.531660 1166.727375
828.429221 1160.555076
840.020112 1204.937718
785.952707 1211.671581
863.198851 1156.573289
915.060960 1150.634088
926.909793 1194.115982
874.895497 1200.594139
948.529812 1146.801266
998.469633 1141.082203
1010.549277 1183.699044
960.473327 1189.935788
1030.709362 1137.390139
1078.831824 1131.879199
1091.117583 1173.664609
1042.873612 1179.673188
1109.908914 1128.320279
1156.311446 1123.006303
1168.780816 1163.991987
1122.270100 1169.784697
