4368 2912
291.447624 2264.921633
784.378779 2236.555976
226.938393 2582.509991
737.807298 2537.399122
317.183813 2291.616428
365.657147 2288.701589
357.909558 2328.470043
309.208143 2331.588285
397.286807 2286.799609
444.998480 2283.930571
437.620257 2323.366346
389.687055 2326.435401
476.133089 2282.058359
523.100912 2279.234051
516.081492 2318.342650
468.898469 2321.363673
553.752002 2277.390915
599.993237 2274.610299
593.322412 2313.397088
546.872093 2316.371198
630.171985 2272.795565
675.703362 2270.057635
669.371268 2308.527852
623.636718 2311.456132
705.420604 2268.270653
750.258344 2265.574433
744.255443 2303.733187
699.220244 2306.616689
303.542753 2359.981657
352.406358 2356.718021
344.554462 2397.021879
295.459183 2400.494275
384.288979 2354.588558
432.379699 2351.376544
424.902934 2391.339017
376.587237 2394.756275
463.760014 2349.280630
511.096041 2346.119023
503.983611 2385.745824
456.429074 2389.109246
541.985827 2344.055872
588.584788 2340.943494
581.826265 2380.240193
535.015042 2383.551042
618.995459 2338.912343
664.874436 2335.848053
658.459744 2374.820084
612.374541 2378.079584
694.817051 2333.848164
739.992603 2330.830856
733.912003 2369.483520
688.536061 2372.692856
289.716889 2429.273071
338.976922 2425.651445
331.018600 2466.501593
281.523216 2470.337499
371.116474 2423.288527
419.592149 2419.724568
412.014854 2460.224361
363.310673 2463.998949
451.221979 2417.399124
498.931881 2413.891465
491.724581 2454.046836
443.792782 2457.761563
530.064020 2411.602612
577.026153 2408.149930
570.178192 2447.966660
523.000546 2451.622940
607.672256 2405.896811
653.904062 2402.497822
647.405146 2441.981550
600.963994 2445.580752
684.075423 2400.279606
729.593808 2396.933068
723.433990 2436.089294
677.712219 2439.632744
275.702440 2499.509620
325.365203 2495.520531
317.298275 2536.928152
267.396398 2541.137209
357.765744 2492.918005
406.632422 2488.992860
398.952556 2530.040884
349.853762 2534.182204
438.515661 2486.431885
486.605242 2482.569159
479.301161 2523.263746
430.986219 2527.338951
517.983472 2480.048748
565.314346 2476.246964
558.375159 2516.594117
510.825448 2520.604778
596.199470 2473.766162
642.789452 2470.023889
636.204642 2510.029459
589.402124 2513.977096
673.193003 2467.581768
719.059354 2463.897620
712.818761 2503.567313
666.745961 2507.453400
