618.123172 1945.962618
1167.001898 1817.930248
860.010417 2414.457124
1407.403165 2213.815681
667.243412 1973.640267
731.815656 1957.961534
766.074569 2022.182063
701.443623 2039.015750
763.140678 1950.355531
824.825468 1935.377898
859.136697 1997.943230
797.421459 2014.017495
854.765284 1928.108236
913.752056 1913.785707
948.077738 1974.777770
889.085260 1990.142869
942.396556 1906.830560
998.858531 1893.121074
1033.165504 1952.615929
976.719493 1967.317778
1026.289994 1886.460464
1080.385874 1873.325488
1114.645093 1931.393868
1060.584156 1945.474505
1106.679754 1866.941092
1158.555214 1854.345255
1192.741251 1911.053051
1140.917350 1924.551033
719.297543 2073.144448
783.955271 2055.700587
819.175090 2121.722398
754.472350 2140.382922
815.311701 2047.241007
877.039135 2030.587702
912.290599 2094.867521
850.546550 2112.674746
906.990469 2022.507200
965.982392 2006.591903
1001.227552 2069.217755
942.243797 2086.228901
994.621001 1998.865558
1051.055309 1983.640274
1086.261048 2044.693762
1029.856536 2060.961044
1078.465642 1976.245302
1132.505131 1961.666112
1167.642551 2021.223018
1113.651729 2036.794183
1158.764546 1954.581644
1210.558483 1940.608275
1245.602384 1998.739097
1193.873568 2013.657890
772.838692 2175.491140
837.560851 2156.187686
873.782580 2224.087641
809.030355 2244.673389
868.938176 2146.829364
930.686996 2128.412711
966.917880 2194.478467
905.167483 2214.109887
960.639274 2119.479411
1019.615043 2101.889823
1055.817129 2166.216001
996.864554 2184.957950
1048.237197 2093.353234
1104.622609 2076.536224
1140.762902 2139.210407
1084.422216 2157.121995
1132.001314 2068.370495
1185.963360 2052.276256
1222.013188 2113.379666
1168.114578 2130.514880
1212.177919 2044.457735
1263.869539 2029.040652
1299.804006 2088.648745
1248.192066 2105.056991
827.931499 2280.803911
892.695103 2259.540380
929.962111 2329.399776
865.184760 2352.015457
924.081869 2249.235310
985.828966 2228.962175
1023.080662 2296.889348
961.348339 2318.441920
1015.770715 2219.131540
1074.707254 2199.781182
1111.905773 2265.877886
1053.008703 2286.440587
1103.301530 2190.392958
1159.615130 2171.903777
1196.727689 2236.264057
1140.474935 2255.903550
1186.950887 2162.928756
1240.812832 2145.244516
1277.811074 2207.955459
1224.028466 2226.732552
1266.971366 2136.656007
1318.538343 2119.725263
1355.397760 2180.867662
1303.926095 2198.837936
