4368 2912
3502.840458 1675.071507
4025.403454 1712.243303
3466.430226 1990.842612
4004.837103 2045.450763
3530.764762 1704.719403
3578.717241 1708.246788
3574.315583 1749.568387
3526.183035 1745.839657
3609.891978 1710.540001
3658.563796 1714.120300
3654.465996 1755.777474
3605.608357 1751.992574
3690.207945 1716.448044
3739.615409 1720.082456
3735.831198 1762.080668
3686.231960 1758.238318
3771.739655 1722.445516
3821.899571 1726.135279
3818.439018 1768.480126
3768.081165 1764.579007
3854.514921 1728.534465
3905.444611 1732.280853
3902.318140 1774.978069
3851.184136 1771.016822
3938.562414 1734.716999
3990.279733 1738.521325
3987.498140 1781.576788
3935.569900 1777.554013
3523.112671 1773.395685
3571.365794 1777.260212
3566.902204 1819.163207
3518.466773 1815.091867
3602.737613 1779.772739
3651.719696 1783.695649
3647.563802 1825.943386
3598.393544 1821.810278
3683.567242 1786.246277
3733.294926 1790.228900
3729.456656 1832.827060
3679.534722 1828.630768
3765.629104 1792.818501
3816.119544 1796.862213
3812.609175 1839.816618
3761.918196 1835.555682
3848.951594 1799.491688
3900.222474 1803.597904
3897.050649 1846.914521
3845.572716 1842.587437
3933.563982 1806.268181
3985.633541 1810.438362
3982.811281 1854.123310
3930.527925 1849.728524
3515.353253 1843.035197
3563.910766 1847.246032
3559.383928 1889.742780
3510.641826 1885.319491
3595.482146 1849.983856
3644.778430 1854.258757
3640.563199 1897.109704
3591.076339 1892.618830
3676.831981 1857.038393
3726.884024 1861.378833
3722.990530 1904.589888
3672.741711 1900.029867
3759.430876 1864.201247
3810.256192 1868.608743
3806.694926 1912.185965
3755.666414 1907.555187
3843.307821 1871.474932
3894.924471 1875.951051
3891.706296 1919.900647
3839.879802 1915.197454
3928.492712 1878.862039
3980.919322 1883.408397
3978.055495 1927.736737
3925.412152 1922.959414
3507.484237 1913.658347
3556.349952 1918.224944
3551.758512 1961.328154
3502.705885 1956.543286
3588.123417 1921.194235
3637.737915 1925.830808
3633.462066 1969.297978
3583.654547 1964.439473
3670.000125 1928.845773
3720.380749 1933.553942
3716.430830 1977.391217
3665.850857 1972.457362
3753.143068 1936.615644
3804.307701 1941.397078
3800.694421 1985.610761
3749.323884 1980.599790
3837.581848 1944.506612
3889.548936 1949.363037
3886.283388 1993.959589
3834.103607 1988.869680
3923.346998 1952.521532
3976.135568 1957.454727
3973.229249 2002.440776
3920.220950 1997.270049
