2912 4368
2416.976257 3464.900935
2694.746855 3524.679741
2360.818585 3663.426399
2642.935819 3733.656815
2428.684829 3486.387914
2454.040165 3491.914525
2446.994293 3517.337458
2421.590862 3511.692317
2470.827998 3495.573709
2496.523293 3501.174420
2489.559381 3526.796256
2463.814308 3521.075195
2513.536971 3504.882830
2539.579108 3510.559141
2532.700018 3536.382952
2506.606365 3530.584430
2556.823217 3514.317778
2583.219267 3520.071230
2576.427957 3546.100158
2549.978596 3540.222591
2600.698522 3523.881120
2627.455748 3529.713297
2620.755272 3555.950558
2593.942880 3549.992318
2645.174992 3533.575496
2672.300859 3539.488024
2665.694374 3565.936908
2638.511425 3559.896323
2416.559696 3529.638642
2441.997134 3535.368219
2434.878159 3561.054925
2409.392423 3555.204530
2458.839905 3539.161916
2484.620180 3544.968714
2477.583526 3570.858183
2451.753251 3564.928698
2501.690718 3548.813714
2527.820806 3554.699304
2520.869372 3580.794694
2494.687524 3574.784502
2545.123764 3558.596655
2571.610834 3564.562652
2564.747613 3590.867192
2538.206965 3584.774636
2589.150989 3568.513430
2616.002408 3574.561494
2609.230494 3601.078488
2582.323619 3594.901863
2633.784673 3578.566805
2661.008010 3584.698640
2654.330600 3611.431472
2627.049865 3605.169025
2404.309132 3573.336786
2429.829017 3579.273249
2422.635794 3605.227855
2397.067411 3599.168233
2446.726964 3583.204067
2472.592597 3589.220959
2465.482055 3615.382277
2439.566201 3609.240306
2489.720257 3593.205214
2515.938712 3599.304179
2508.913786 3625.675454
2482.643328 3619.449442
2533.300803 3603.342967
2559.879348 3609.525697
2552.943068 3636.110248
2526.310679 3629.798460
2577.480715 3613.620146
2604.426821 3619.888378
2597.582320 3646.689603
2570.580469 3640.290254
2622.272445 3624.039646
2649.593789 3630.395167
2642.844305 3657.416544
2615.465249 3650.927798
2391.931182 3617.489322
2417.533855 3623.636684
2410.265217 3649.863403
2384.613846 3643.590488
2434.487214 3627.707291
2460.438582 3633.938376
2453.252983 3660.375848
2427.251173 3654.017235
2477.623625 3638.064612
2503.930860 3644.381143
2496.831270 3671.032702
2470.471790 3664.586622
2521.352369 3648.564156
2548.022843 3654.967903
2541.012331 3681.836961
2514.287749 3675.301597
2565.685732 3659.208873
2592.727019 3665.701654
2585.808758 3692.791705
2558.711436 3686.165189
2610.636341 3670.001794
2638.056228 3676.585480
2631.233497 3703.900099
2603.755583 3697.180512
