4368 2912
163.295300 929.512474
1106.973989 569.204754
614.865094 1643.374981
1449.953889 1151.226677
279.556795 971.020068
377.312088 932.040722
431.030084 1018.067057
334.762460 1058.782362
449.069575 903.427847
539.812722 867.244553
591.087721 950.372485
501.704168 988.176251
606.513806 840.647889
690.973123 806.970235
740.009244 887.387809
656.796881 922.581538
753.134024 782.183942
831.940345 750.760386
878.917782 828.638010
801.258872 861.482969
890.009334 727.605720
963.711795 698.217299
1008.790352 773.709872
936.146934 804.433586
1018.080011 676.538294
1087.158858 648.993510
1130.480860 722.242246
1062.382283 751.043770
377.778799 1127.166872
472.892468 1085.107302
525.994624 1170.147404
432.337949 1213.901377
542.726029 1054.226676
631.054602 1015.167497
681.762812 1097.376540
594.766739 1138.018853
695.993944 986.451110
778.238409 950.082343
826.751224 1029.641710
745.729670 1067.492882
838.780586 923.310396
915.548591 889.363338
962.041438 966.437625
886.399416 1001.775619
972.125556 864.344822
1043.946440 832.585396
1088.575025 907.324411
1017.794009 940.391468
1096.935368 809.153521
1164.272385 779.376875
1207.175492 851.917344
1140.801517 882.925546
474.851991 1281.487372
567.378457 1236.421275
619.875303 1320.492008
528.775915 1367.212037
635.327047 1203.326120
721.289120 1161.457288
771.439887 1242.762595
686.783870 1286.178163
784.501218 1130.669097
864.573499 1091.668956
912.571337 1170.383782
833.698481 1210.833474
923.527636 1062.954655
998.295359 1026.538161
1044.311076 1102.821479
970.648386 1140.599153
1053.407712 999.695045
1123.381062 965.613708
1167.566383 1039.610389
1098.614137 1074.972328
1175.015287 940.464655
1240.641064 908.500853
1283.131322 980.343279
1218.451721 1013.514006
570.796409 1434.013422
660.788743 1386.012573
712.690569 1469.130416
624.096136 1518.745781
726.890371 1350.754744
810.532868 1306.140824
860.135335 1386.557216
777.773078 1432.682388
872.051404 1273.327564
949.993183 1231.754338
997.484205 1309.638000
920.718905 1352.628718
1007.389269 1201.139944
1080.193894 1162.306816
1125.739790 1237.811277
1054.019715 1277.976530
1133.868445 1133.677445
1202.027571 1097.322172
1245.776196 1170.587526
1178.619818 1208.196980
1252.331150 1070.490836
1316.275635 1036.383603
1358.358977 1107.538014
1295.344154 1142.828080
