2912 4368
2066.347018 2452.621639
2494.511363 2478.189443
2011.760892 2717.705947
2447.109462 2745.522487
2086.748234 2476.328928
2128.665800 2478.845835
2121.431102 2514.830369
2079.419621 2512.284237
2153.692746 2480.348558
2195.696948 2482.870667
2188.612693 2518.901951
2146.514180 2516.350545
2220.775646 2484.376497
2262.866753 2486.903824
2255.933582 2522.981975
2213.747763 2520.425277
2287.997363 2488.412772
2330.175644 2490.945333
2323.394200 2527.070467
2281.120803 2524.508461
2355.358331 2492.457407
2397.624057 2494.995219
2390.994983 2531.167454
2348.633736 2528.600125
2422.858979 2496.510429
2465.212424 2499.053508
2458.736367 2535.272962
2416.286998 2532.700292
2074.887806 2534.518028
2116.957348 2537.082287
2109.667362 2573.341814
2067.503224 2570.747929
2142.075130 2538.613287
2184.231954 2541.182865
2177.093506 2577.489787
2134.841683 2574.890508
2209.401875 2542.717044
2251.646252 2545.291959
2244.659988 2581.646393
2202.320207 2579.041702
2276.868474 2546.829325
2319.200677 2549.409593
2312.367246 2585.811660
2269.939232 2583.201541
2344.475363 2550.950158
2386.895667 2553.535795
2380.215722 2589.985613
2337.699198 2587.370050
2412.222981 2555.079567
2454.731661 2557.670592
2448.205856 2594.168282
2405.600547 2591.547256
2062.936733 2593.151845
2105.159355 2595.764107
2097.813445 2632.301793
2055.495538 2629.659495
2130.368633 2597.323774
2172.679190 2599.941476
2165.485923 2636.527211
2123.079675 2633.879397
2197.940997 2601.504393
2240.339763 2604.127553
2233.299793 2640.761456
2190.804926 2638.108109
2265.654263 2605.693730
2308.141515 2608.322364
2301.255498 2645.004559
2258.671734 2642.345661
2333.508874 2609.891811
2376.084888 2612.525937
2369.353483 2649.256544
2326.680544 2646.592078
2401.505271 2614.098665
2444.170326 2616.738300
2437.594198 2653.517442
2394.831801 2650.847391
2050.893972 2652.235496
2093.270789 2654.896425
2085.868309 2691.715481
2043.395512 2689.024102
2118.572231 2656.485154
2161.037643 2659.151645
2153.788923 2696.019416
2111.227119 2693.322397
2186.392009 2660.743698
2228.946293 2663.415769
2221.851995 2700.332378
2179.200904 2697.629700
2254.353749 2665.011156
2296.997185 2667.688825
2290.057973 2704.654394
2247.317314 2701.946042
2322.457898 2669.287557
2365.190767 2671.970842
2358.407308 2708.985496
2315.576797 2706.271449
2390.704905 2673.572927
2433.527487 2676.261845
2426.900450 2713.325710
2383.979807 2710.605952
