4368 2912
475.604944 2198.653993
855.006072 2184.760238
474.903962 2450.515819
867.394624 2420.910721
499.962710 2220.316581
537.570504 2218.817129
537.783116 2250.194865
500.004991 2251.885302
562.068535 2217.840374
598.960417 2216.369466
599.446773 2247.435635
562.391027 2249.093748
622.994308 2215.411216
659.190527 2213.968044
659.940271 2244.728765
623.586380 2246.355473
682.773346 2213.027779
718.293395 2211.611567
719.296606 2242.072780
683.624818 2243.668966
741.437720 2210.688785
776.300372 2209.298784
777.547545 2239.466257
742.538841 2241.032772
799.018321 2208.393002
833.241658 2207.028491
834.723681 2236.907827
800.359742 2238.445492
500.035057 2274.333660
537.934297 2272.506403
538.150231 2304.374189
500.078003 2306.398335
562.620331 2271.316201
599.792576 2269.523995
600.286454 2301.070657
562.947839 2303.055800
624.007337 2268.356515
660.473307 2266.598360
661.234535 2297.830294
624.608532 2299.777550
684.230163 2265.452958
720.009797 2263.727894
721.028230 2294.651305
685.094630 2296.561749
743.321614 2262.603948
778.434108 2260.911050
779.700027 2291.531963
744.439380 2293.406629
801.313277 2259.807963
835.777116 2258.146339
837.281208 2288.470604
802.674785 2290.310488
500.108543 2329.200753
538.303782 2327.035548
538.523114 2359.404954
500.152169 2361.773160
563.180725 2325.625328
600.637627 2323.501977
601.139203 2355.540367
563.513369 2357.862586
625.036000 2322.118886
661.775768 2320.036189
662.548748 2351.750246
625.646529 2354.027805
685.709248 2318.679452
721.752283 2316.636250
722.786287 2348.032460
686.587009 2350.266635
745.234031 2315.305121
780.599966 2313.300303
781.885056 2344.384958
746.368822 2346.576975
803.642652 2311.994063
838.350388 2310.026557
839.877045 2340.805765
805.024704 2342.956808
500.183194 2384.938081
538.679092 2382.424426
538.901904 2415.307390
500.227516 2418.030377
563.749921 2380.787383
601.495872 2378.322697
602.005328 2410.864401
564.087821 2413.534099
626.080660 2376.717392
663.098368 2374.300258
663.883373 2406.507689
626.700744 2409.125645
687.211115 2372.725775
723.521453 2370.354830
724.571388 2402.234765
688.102478 2404.802470
747.175623 2368.810291
782.798676 2366.484223
784.103378 2398.043235
748.327832 2400.562121
806.007229 2364.968781
840.962326 2362.686328
842.512060 2393.930794
807.410291 2396.402240
