4368 2912
215.716337 968.077922
924.252685 758.195862
490.576594 1461.022687
1155.343319 1173.523518
279.384284 994.351131
363.170650 968.693214
401.977011 1038.318698
318.934504 1065.293674
405.034654 955.873193
484.252541 931.614283
521.984475 999.336271
443.469460 1024.840567
523.864725 919.483836
598.877851 896.512552
635.593244 962.432353
561.245299 986.583046
636.415131 885.017503
707.549604 863.233978
743.301789 927.445025
672.797756 950.347086
743.170840 852.325681
810.719895 831.640120
845.558113 894.228760
778.607409 915.976581
844.568132 821.274767
908.796176 801.606201
942.765986 862.652401
879.106596 883.331094
339.994588 1103.069845
422.641055 1075.393654
461.435773 1144.998248
379.532717 1173.990702
463.935684 1061.565137
542.076480 1035.397780
579.797404 1103.100006
502.359068 1130.512016
581.150232 1022.312977
655.144024 997.534346
691.848991 1063.435425
618.519999 1089.392788
692.171362 985.134836
762.339735 961.637240
798.082029 1025.830523
728.543747 1050.446031
797.477313 949.870562
864.109439 927.557165
898.938263 990.128929
832.904166 1013.504008
897.498324 916.376080
960.854946 895.159566
994.815822 956.189711
932.027554 978.415816
400.586362 1211.755326
482.093618 1182.062082
520.876700 1251.645797
440.112407 1282.654506
522.819209 1167.225674
599.883546 1139.150993
637.593466 1206.833467
561.231177 1236.152067
638.419178 1125.112392
711.394219 1098.527450
748.088761 1164.409815
675.778143 1192.172812
747.911900 1085.223990
817.114708 1060.013280
852.847116 1124.188807
784.274048 1150.516805
851.768896 1047.388695
917.484586 1023.448348
952.304019 1086.003242
887.186035 1111.004695
950.414365 1011.451968
1012.900025 988.688328
1046.851972 1049.702425
984.934365 1073.475121
461.159617 1320.407588
541.528348 1288.698515
580.299799 1358.261361
500.673582 1391.285102
581.685240 1272.854817
657.673749 1242.873938
695.372668 1310.536669
620.085795 1341.760734
695.671571 1227.882091
767.628439 1199.491875
804.312563 1265.355532
733.019738 1294.923129
803.636752 1185.284978
871.874531 1158.362109
907.597057 1222.519887
839.988668 1250.559420
906.045592 1144.880091
970.845343 1119.313679
1005.655390 1181.851710
941.453022 1208.478649
1003.316262 1106.502443
1064.931419 1082.192496
1098.874440 1143.190553
1037.827036 1168.509019
