4368 2912
1099.028866 1290.233546
1793.166837 1192.502463
1224.355130 1827.149062
1929.220799 1657.204349
1154.066126 1329.077963
1229.047183 1317.923340
1245.942785 1387.095008
1170.763660 1399.250029
1273.696920 1311.280983
1345.552441 1300.591334
1362.733237 1368.212236
1290.705066 1379.857808
1388.360227 1294.222995
1457.281649 1283.969840
1474.710160 1350.107719
1405.638916 1361.275212
1498.359156 1277.858908
1564.522591 1268.016046
1582.165128 1332.734315
1515.872395 1343.452576
1603.972647 1262.147225
1667.540392 1252.690513
1685.366637 1316.048613
1621.688067 1326.344215
1705.457830 1247.049692
1766.579693 1237.956845
1784.562336 1300.010575
1723.346293 1309.908033
1181.349251 1443.736405
1256.652621 1430.941750
1273.860680 1501.392637
1198.359808 1515.223963
1301.485446 1423.324289
1373.621760 1411.067743
1391.113529 1479.912589
1318.805566 1493.158992
1416.588706 1403.767309
1485.753640 1392.015625
1503.491039 1459.325675
1434.177643 1472.023490
1526.968812 1385.012833
1593.342250 1373.735447
1611.291090 1439.577325
1544.790014 1451.759940
1632.910634 1367.012456
1696.658228 1356.181222
1714.787778 1420.617327
1650.931268 1432.315473
1734.676587 1349.721594
1795.951135 1339.310550
1814.233747 1402.399397
1752.867130 1413.641410
1209.144776 1560.548232
1284.769495 1546.054015
1302.298760 1617.819936
1226.477241 1633.388622
1329.784598 1537.426431
1402.200030 1523.547306
1420.011293 1593.649628
1347.425354 1608.553942
1445.324930 1515.281997
1514.731115 1501.979623
1532.785687 1570.493284
1463.232549 1584.774863
1556.082417 1494.054242
1622.663110 1481.293402
1640.926298 1548.288410
1574.219779 1561.985484
1662.348020 1473.687401
1726.272310 1461.435686
1744.712972 1526.977546
1680.681822 1540.125275
1764.389566 1454.130141
1825.813317 1442.357679
1844.403466 1506.507763
1782.889904 1519.138548
1237.467274 1679.574683
1313.412153 1663.318867
1331.271701 1736.436990
1255.130873 1753.806675
1358.608577 1653.644684
1431.301221 1638.085001
1449.440811 1709.479570
1376.578958 1726.101236
1474.582723 1628.820701
1544.227655 1613.913374
1562.607984 1683.663220
1492.817763 1699.584169
1585.713408 1605.033451
1652.498357 1590.738296
1671.084226 1658.916994
1604.175415 1674.180619
1692.297844 1582.219313
1756.395431 1568.499381
1775.155283 1635.175704
1710.953050 1649.821888
1794.609413 1560.319772
1856.178642 1547.141029
1875.084153 1612.379353
1813.427528 1626.444818
