4368 2912
3922.904027 1998.633840
4260.957997 2051.864605
3843.401143 2215.060702
4177.763160 2280.288508
3935.947949 2021.509160
3966.494794 2026.412680
3956.173029 2054.549971
3925.669417 2049.507005
3986.750909 2029.664285
4017.802626 2034.648849
4007.408411 2063.020386
3976.400516 2057.894051
4038.394917 2037.954418
4069.964126 2043.022053
4059.496470 2071.631770
4027.971684 2066.419980
4090.901033 2046.382941
4123.000780 2051.535740
4112.458671 2080.387669
4080.403959 2075.088270
4144.291026 2054.953348
4176.934798 2060.193477
4166.317204 2089.291754
4133.719092 2083.902518
4198.587404 2063.669253
4231.789149 2068.998949
4221.095018 2098.347817
4187.939570 2092.866440
3918.413991 2069.270166
3948.887071 2074.411604
3938.556637 2102.572528
3908.126868 2097.291411
3969.094341 2077.820989
4000.071287 2083.047440
3989.668270 2111.443004
3958.735226 2106.074543
4020.614065 2086.513432
4052.107479 2091.827022
4041.630885 2120.461169
4010.181976 2115.003179
4072.994191 2095.351043
4105.017097 2100.753969
4094.465911 2129.630742
4062.488125 2124.080964
4126.256455 2104.337488
4158.822319 2109.832023
4148.195505 2138.955567
4115.675387 2133.311668
4180.423328 2113.476560
4213.546078 2119.065053
4202.842581 2148.439623
4169.766217 2142.699186
3900.865376 2117.071093
3931.264558 2122.450848
3920.925443 2150.635434
3890.569652 2145.115767
3951.422893 2126.018276
3982.324931 2131.487022
3971.913101 2159.906643
3941.055045 2154.295648
4002.818105 2135.113707
4034.235582 2140.673670
4023.750038 2169.332278
3992.377148 2163.627670
4055.072007 2144.361100
4087.017928 2150.014582
4076.457652 2178.916230
4044.556936 2173.115646
4108.206301 2153.764297
4140.694110 2159.513677
4130.058064 2188.662522
4097.616088 2182.763520
4162.243424 2163.327268
4195.287028 2169.175007
4184.574154 2198.575314
4151.577024 2192.575367
3883.302088 2164.911991
3913.627235 2170.530460
3903.279429 2198.738739
3872.997751 2192.980125
3933.736546 2174.256198
3964.563539 2179.967645
3954.142884 2208.411354
3923.359955 2202.557418
3985.007017 2183.755295
4016.348417 2189.562049
4005.853912 2218.245150
3974.557182 2212.293505
4037.134461 2193.413168
4069.003252 2199.317634
4058.433875 2228.244190
4026.610373 2222.192370
4090.140545 2203.233830
4122.550152 2209.238495
4111.904862 2238.412674
4079.541174 2232.258128
4144.047673 2213.221432
4177.011980 2219.328869
4166.289715 2248.754947
4133.371971 2242.495037
