4368 2912
3483.580128 1995.941972
3927.664861 2044.572533
3447.745584 2268.623554
3909.500028 2333.923644
3506.337481 2021.851615
3547.755199 2026.491390
3543.420028 2062.599338
3501.796758 2057.763762
3573.652060 2029.392457
3615.708910 2034.103830
3611.715628 2070.533566
3569.446501 2065.622958
3642.006941 2037.049839
3684.717830 2041.834480
3681.077652 2078.591686
3638.147519 2073.604286
3711.426426 2044.826481
3754.806730 2049.686112
3751.531275 2086.776622
3707.924507 2081.710615
3781.935580 2052.725193
3826.001163 2057.661592
3823.102469 2095.091393
3778.802943 2089.944904
3853.560264 2060.748870
3898.327493 2065.763870
3895.818039 2103.539110
3850.809114 2098.310207
3498.862802 2080.968139
3540.618769 2085.931219
3536.204768 2122.695741
3494.239907 2117.530183
3566.728922 2089.034650
3609.135108 2094.075014
3605.068646 2131.172362
3562.446662 2125.925919
3635.653435 2097.226960
3678.725148 2102.346428
3675.017733 2139.782566
3631.723072 2134.453320
3705.661293 2105.548036
3749.414324 2110.748485
3746.077888 2148.529533
3702.094496 2143.115510
3776.778242 2114.000937
3821.228886 2119.284304
3818.275792 2157.416548
3773.587105 2151.915709
3849.030847 2122.588822
3894.195923 2127.957105
3891.638994 2166.447003
3846.227908 2160.857242
3491.252616 2141.156393
3533.352341 2146.453815
3528.857341 2183.892982
3486.545297 2178.386136
3559.679294 2149.766543
3602.440618 2155.147215
3598.298944 2192.930697
3555.318216 2187.336823
3629.182932 2158.512209
3672.621576 2163.978107
3668.845044 2202.112161
3625.179654 2196.429179
3699.789157 2167.396612
3743.921340 2172.949780
3740.522204 2211.440830
3696.155662 2205.666594
3771.524416 2176.423083
3816.366882 2182.065625
3813.357844 2220.920274
3768.273124 2215.052569
3844.416007 2185.595055
3889.986044 2191.329147
3887.380279 2230.554177
3841.559802 2224.590714
3483.503200 2202.445786
3525.952329 2208.089036
3521.374080 2246.221591
3478.709123 2240.361688
3552.499676 2211.618279
3595.622084 2217.351035
3591.403093 2255.839865
3548.057584 2249.886490
3622.592171 2220.936478
3666.404006 2226.760887
3662.556408 2265.612557
3618.513931 2259.563456
3693.807010 2230.403882
3738.324939 2236.322161
3734.861317 2275.543418
3690.104928 2269.396263
3766.171368 2240.024105
3811.412598 2246.038540
3808.346009 2285.636318
3762.858205 2279.388706
3839.713304 2249.800878
3885.695607 2255.913832
3883.039594 2295.895256
3836.802300 2289.544704
