4368 2912
3736.105641 2154.793306
4184.810420 2247.922633
3596.529929 2482.155557
4016.956830 2631.856961
3749.032438 2191.478334
3784.709021 2199.301396
3766.774464 2241.206800
3731.378650 2232.811633
3810.822238 2205.027429
3848.266606 2213.238126
3829.829593 2256.162195
3792.681593 2247.351445
3875.689935 2219.251437
3915.036813 2227.879310
3896.068822 2271.872793
3857.035231 2262.614819
3943.871379 2234.202073
3985.269538 2243.279746
3965.739579 2288.397279
3924.673097 2278.657145
4015.627149 2249.936478
4059.241285 2259.500064
4039.115610 2305.800582
3995.853187 2295.539615
4091.245880 2266.517942
4137.258805 2276.607528
4116.500574 2324.154721
4070.861244 2313.330001
3717.911461 2264.342733
3753.093401 2273.173603
3735.217787 2314.941281
3700.314894 2305.542060
3778.843551 2279.637039
3815.765812 2288.904740
3797.390884 2331.684267
3760.763129 2321.820548
3842.805643 2295.691894
3881.600627 2305.429659
3862.698118 2349.271266
3824.214406 2338.907744
3910.029511 2312.565473
3950.843399 2322.809994
3931.382604 2367.767746
3890.898209 2356.865447
3980.771189 2330.322042
4023.765780 2341.113933
4003.713270 2387.246129
3961.068018 2375.761919
4055.314224 2349.032774
4100.669083 2360.417106
4079.988374 2407.786734
4035.004523 2395.672749
3686.891321 2336.971042
3721.581652 2346.803107
3703.764692 2388.433736
3669.351697 2378.037047
3746.970989 2353.999050
3783.374420 2364.316649
3765.061263 2406.952363
3728.950491 2396.042749
3810.033189 2371.872378
3848.279826 2382.712386
3829.442461 2426.402903
3791.505097 2414.941448
3876.305669 2390.655576
3916.539132 2402.058697
3897.147135 2446.857515
3857.240997 2434.801263
3946.039966 2410.419936
3988.419194 2422.431218
3968.439451 2468.396009
3926.407206 2455.697428
4019.514603 2431.244397
4064.215951 2443.913823
4043.612330 2491.106879
3999.279425 2477.713234
3655.971527 2409.364406
3690.173263 2420.191103
3672.414668 2461.685356
3638.488570 2450.297735
3715.204024 2428.114691
3751.091880 2439.475136
3732.840183 2481.967761
3697.243152 2470.019276
3777.372005 2447.794215
3815.073816 2459.728874
3796.301257 2503.269081
3758.906735 2490.717250
3842.699235 2468.473811
3882.356091 2481.027348
3863.032527 2525.668073
3823.700845 2512.466016
3911.432810 2490.231701
3953.200823 2503.453533
3933.293451 2549.251828
3891.870086 2535.347677
3983.846290 2513.154478
4027.898644 2527.099428
4007.371681 2574.116898
3963.685225 2559.453119
