4368 2912
822.474442 1633.823544
1721.957799 1533.457912
819.225514 2236.074331
1762.777107 2115.526990
872.411478 1675.275117
966.544569 1664.655398
967.192112 1747.471660
872.421090 1758.372324
1017.114115 1658.950345
1110.526588 1648.411923
1112.143663 1730.799178
1018.103036 1741.615831
1160.709750 1642.750460
1253.409850 1632.292406
1255.981620 1714.254783
1162.662975 1724.988393
1303.211038 1626.674035
1395.206884 1616.295432
1398.718764 1697.837006
1306.113820 1708.488525
1444.630444 1610.719664
1535.930029 1600.419611
1540.367685 1681.544396
1448.468286 1692.114762
1584.980239 1594.885962
1675.591439 1584.663569
1680.940782 1665.375529
1589.738893 1675.865667
872.426511 1805.248005
967.557386 1794.187618
968.218778 1878.774987
872.436329 1890.126864
1018.660870 1788.246073
1113.055805 1777.271251
1114.707328 1861.413559
1019.670911 1872.677019
1163.764712 1771.375582
1257.432216 1760.485333
1260.058557 1844.186923
1165.759489 1855.362994
1307.751099 1754.635010
1400.699547 1743.828363
1404.285659 1827.093516
1310.715392 1838.183212
1450.632888 1738.022866
1542.870529 1727.298860
1547.401624 1810.131798
1454.551742 1821.136116
1592.422743 1721.537675
1683.957698 1710.895367
1689.419242 1793.300253
1597.281459 1804.220175
872.441867 1938.012995
968.591906 1926.495374
969.267594 2012.911279
872.451898 2024.731427
1020.240722 1920.308465
1115.639005 1908.880895
1117.326089 1994.834941
1021.272567 2006.562035
1166.884790 1902.742264
1261.540099 1891.403693
1264.222768 1976.900446
1168.922459 1988.535582
1312.387552 1885.312778
1406.308532 1874.062171
1409.971256 1959.106134
1315.415334 1970.650388
1456.762279 1868.018416
1549.957445 1856.854753
1554.584961 1941.450367
1460.764738 1952.904800
1600.022040 1850.857615
1692.499772 1839.779891
1698.077085 1923.931532
1604.984008 1935.297188
872.457557 2073.661037
969.648832 2061.668842
970.339288 2149.973222
872.467807 2162.279500
1021.854746 2055.227281
1118.277934 2043.329858
1120.001738 2131.154792
1022.909109 2143.363137
1170.072086 2036.939103
1265.736255 2025.135333
1268.477084 2112.485628
1172.154046 2124.597205
1317.123499 2018.794786
1412.037576 2007.083569
1415.779392 2093.963960
1320.216831 2105.979915
1463.022687 2000.792640
1557.195459 1989.172890
1561.922508 2075.588048
1467.111454 2087.509510
1607.783140 1982.930999
1701.223260 1971.401650
1706.920064 2057.356178
1612.851686 2069.184255
