4368 2912
469.005243 2234.194586
1150.086463 2083.701444
579.555553 2766.668775
1285.264580 2526.811613
524.892250 2269.968131
597.442741 2253.234412
612.017263 2317.956249
539.059722 2335.848498
643.984391 2242.499613
712.970931 2226.587916
728.153414 2289.474793
658.809779 2306.480761
757.254088 2216.374037
822.932988 2201.225246
838.648263 2262.376822
772.656512 2278.560767
865.118145 2191.495268
927.721709 2177.055800
943.903104 2236.563921
881.025948 2251.984036
967.954506 2167.776134
1027.693789 2153.997310
1044.282046 2211.946795
984.304079 2226.655907
1066.106690 2145.137402
1123.173861 2131.974900
1140.116235 2188.444231
1082.841461 2202.490408
548.812129 2381.198312
622.047608 2362.498523
637.051147 2429.125510
563.403272 2449.048799
669.011296 2350.506916
738.598412 2332.738692
754.216490 2397.429837
684.268630 2416.352194
783.251366 2321.337104
849.456111 2304.432527
865.611135 2367.295258
799.091300 2385.290263
891.964771 2293.578458
955.027894 2277.476057
971.651166 2338.609215
908.313390 2355.743407
995.543090 2267.130995
1055.683020 2251.774996
1072.713607 2311.269713
1012.334903 2327.603414
1094.341760 2241.903956
1151.757139 2227.243638
1169.140899 2285.184117
1111.518639 2300.772142
573.449514 2495.764977
647.378931 2474.988635
662.830710 2543.606149
588.483621 2565.675298
694.769552 2461.670476
764.963325 2441.943961
781.036018 2508.518150
710.477989 2529.462556
809.989253 2429.290351
876.723538 2410.536053
893.337028 2475.182779
826.285606 2495.086286
919.557446 2398.498465
983.081835 2380.646242
1000.165337 2443.471923
936.365459 2462.410243
1023.879986 2369.180761
1084.420627 2352.167059
1101.911475 2413.269653
1041.132231 2431.311332
1123.324776 2341.233849
1181.087059 2325.000948
1198.929680 2384.470823
1140.961516 2401.678061
598.837181 2613.820537
673.469363 2590.849762
689.389774 2661.548356
614.334734 2685.885937
721.291694 2576.130696
792.097963 2554.337486
808.645413 2622.878150
737.471541 2645.957212
837.499852 2540.363400
904.767043 2519.659470
921.858796 2586.167226
854.272641 2608.082924
947.927704 2506.375203
1011.914676 2486.680880
1029.477788 2551.270357
965.214752 2572.108489
1052.996062 2474.036586
1113.937032 2455.279781
1131.907054 2518.056322
1070.727938 2537.894454
1153.085855 2443.230303
1211.193262 2425.345630
1229.513155 2486.406264
1171.201174 2505.314689
