4368 2912
3508.081097 2258.664373
4119.190922 2236.083556
3585.713318 2720.166834
4250.933485 2693.529630
3551.193228 2295.606758
3610.867263 2293.387103
3621.916421 2352.012189
3561.577232 2354.280181
3647.871451 2292.010683
3707.469129 2289.793869
3719.593917 2348.340747
3659.332803 2350.605804
3744.425982 2288.419210
3803.947449 2286.205231
3817.145093 2344.674053
3756.961902 2346.936182
3840.857058 2284.832329
3900.302460 2282.621178
3914.570194 2341.012098
3854.464774 2343.271303
3937.164917 2281.250031
3996.534400 2279.041704
4011.869465 2337.354872
3951.841666 2339.611160
4033.349794 2277.672307
4092.643504 2275.466798
4109.043148 2333.702367
4049.092818 2335.955743
3568.350329 2392.550649
3629.123317 2390.250848
3640.588170 2451.081549
3579.125164 2453.432409
3666.808524 2388.824745
3727.502309 2386.527941
3740.082959 2447.276034
3678.700970 2449.623796
3765.138417 2385.103697
3825.753154 2382.809884
3839.446669 2443.475533
3778.145537 2445.820202
3863.340260 2381.387494
3923.876103 2379.096667
3938.679559 2439.680037
3877.459125 2442.021619
3961.414303 2377.676127
4021.871405 2375.388280
4037.781888 2435.889533
3976.641992 2438.228035
4059.360794 2373.969588
4119.739309 2371.684714
4136.753911 2432.104014
4075.694395 2434.439441
3586.155600 2493.156944
3648.068776 2490.772467
3659.973232 2553.935637
3597.343754 2556.374103
3686.460538 2489.293876
3748.291502 2486.912566
3761.354214 2549.988389
3698.808865 2552.423580
3786.632301 2485.435937
3848.381217 2483.057787
3862.599083 2546.046442
3800.137696 2548.478363
3886.671156 2481.583117
3948.338188 2479.208119
3963.708115 2542.109783
3901.330521 2544.538442
3986.577367 2477.735405
4048.162677 2475.363555
4064.681583 2538.178402
4002.387611 2540.603805
4086.351198 2473.892791
4147.854948 2471.524083
4165.519759 2534.252289
4103.309243 2536.674443
3604.646480 2597.637178
3667.743442 2595.163148
3680.113280 2660.795558
3616.272198 2663.326738
3706.868757 2593.629045
3769.880325 2591.158362
3783.453348 2656.698319
3719.699693 2659.226031
3808.952707 2589.626335
3871.879053 2587.158995
3886.651976 2652.606687
3822.985567 2655.130940
3910.898608 2585.629039
3973.739905 2583.165033
3989.709453 2648.520651
3926.130114 2651.041453
4012.706741 2581.637144
4075.463161 2579.176467
4092.626071 2644.440201
4029.133620 2646.957558
4114.377384 2577.650641
4177.049100 2575.193284
4195.402116 2640.365324
4131.996378 2642.879242
