4368 2912
3063.011637 1721.716497
4049.196374 1720.020853
3041.262954 2305.040881
3993.733797 2340.404017
3116.772772 1771.513910
3208.768876 1771.634868
3204.982686 1854.217909
3113.406280 1853.603701
3264.169739 1771.707710
3357.960884 1771.831029
3353.483907 1855.213916
3260.128499 1854.587776
3414.448028 1771.905299
3510.087269 1772.031048
3504.892990 1856.229425
3409.706229 1855.591002
3567.692960 1772.106790
3665.235463 1772.235040
3659.296186 1857.265017
3562.223652 1856.613946
3723.993257 1772.312296
3823.496407 1772.443125
3816.783196 1858.321292
3717.768290 1857.657193
3883.441215 1772.521941
3984.964725 1772.655427
3977.447340 1859.398876
3876.431172 1858.721355
3111.346854 1903.821522
3202.666610 1904.735349
3198.933114 1986.169059
3108.026938 1984.775620
3257.656467 1905.285627
3350.745452 1906.217159
3346.331383 1988.428425
3253.671670 1987.008108
3406.805863 1906.778150
3501.715999 1907.727906
3496.595413 1990.731719
3402.130931 1989.283738
3558.878532 1908.299926
3655.663787 1909.268446
3649.809599 1993.080234
3553.487102 1991.603772
3713.961268 1909.851823
3812.677765 1910.839669
3806.061684 1995.475315
3707.825809 1993.969525
3872.144331 1911.434745
3972.850458 1912.442501
3965.442925 1997.918360
3865.236090 1996.382359
3105.995906 2034.301086
3196.649159 2035.985872
3192.967264 2116.294076
3102.721605 2114.142898
3251.234045 2037.000330
3343.631272 2038.717528
3339.278792 2119.781693
3247.304519 2117.589310
3399.271321 2039.751596
3493.463336 2041.502150
3488.414888 2123.336640
3394.661854 2121.101856
3550.189444 2042.556401
3646.229055 2044.341293
3640.458141 2126.960884
3544.874242 2124.682457
3704.073333 2045.416325
3802.015437 2047.236575
3795.494393 2130.656472
3698.025469 2128.333112
3861.011278 2048.333010
3960.912973 2050.189678
3953.612901 2134.425530
3854.202635 2132.055896
3100.718383 2162.990229
3190.714768 2165.424740
3187.083411 2244.630613
3097.488762 2241.742520
3244.900586 2166.890531
3336.616224 2169.371550
3332.324054 2249.312458
3241.025188 2246.369430
3391.842147 2170.865478
3485.326779 2173.394350
3480.348953 2254.084055
3387.296777 2251.084509
3541.623044 2174.917232
3636.928347 2177.495356
3631.238943 2258.948008
3536.382462 2255.890301
3694.326375 2179.048042
3791.506062 2181.676869
3785.078021 2263.907026
3688.364243 2260.789448
3850.038515 2183.260243
3949.148428 2185.941286
3941.953498 2268.963922
3843.327333 2265.784698
