4368 2912
3857.706845 1166.250570
4255.016983 1182.422977
3894.375063 1442.304172
4314.029214 1444.472456
3890.680553 1194.619036
3925.434270 1195.923554
3929.939196 1226.348808
3894.955673 1225.175066
3954.841463 1197.027385
3989.014620 1198.310113
3993.934022 1228.495917
3959.539049 1227.341922
4017.932609 1199.395580
4051.539632 1200.657056
4056.859134 1230.607135
4023.037982 1229.472393
4079.980524 1201.724616
4113.035365 1202.965366
4118.741133 1232.683356
4085.479562 1231.567388
4141.010871 1204.015457
4173.527028 1205.235986
4179.605741 1234.725443
4146.889978 1233.627787
4201.048477 1206.269034
4233.039013 1207.469833
4239.477846 1236.734229
4207.294566 1235.654438
3898.751994 1252.308925
3933.939338 1253.364863
3938.567616 1284.623207
3903.144721 1283.705546
3963.710043 1254.258254
3998.301701 1255.296315
4003.354650 1286.301572
3968.535745 1285.399558
4027.570544 1256.174645
4061.581516 1257.195281
4067.044201 1287.951505
4032.813967 1287.064742
4090.361079 1258.058928
4123.805865 1259.062573
4129.663917 1289.573723
4096.007555 1288.701826
4152.108317 1259.911903
4185.000938 1260.898978
4191.240535 1291.168919
4158.143729 1290.311517
4212.838045 1261.734342
4245.192063 1262.705256
4251.799899 1292.737762
4219.248812 1291.894497
3907.046201 1311.591021
3942.678042 1312.384101
3947.434809 1344.510227
3911.561457 1343.863405
3972.821276 1313.055017
4007.841709 1313.834488
4013.033718 1345.693024
3977.780409 1345.057381
4037.469923 1314.493941
4071.894552 1315.260150
4077.506277 1346.855512
4042.857074 1346.230761
4101.020835 1315.908432
4134.864733 1316.661716
4140.881249 1347.998208
4106.820757 1347.384073
4163.501732 1317.299107
4196.779474 1318.039790
4203.186427 1349.121617
4169.699767 1348.517827
4224.939416 1318.666563
4257.665089 1319.394958
4264.448670 1350.226220
4231.521462 1349.632517
3915.572526 1372.532163
3951.660145 1373.047192
3956.550826 1406.077746
3920.215510 1405.717467
3982.185259 1373.482835
4017.645117 1373.988905
4022.982006 1406.736435
3987.283435 1406.382470
4047.641534 1374.417003
4082.489871 1374.914346
4088.256821 1407.383659
4053.178403 1407.035843
4111.971208 1375.335092
4146.223707 1375.823932
4152.405204 1408.019713
4117.930918 1407.677888
4175.203118 1376.237516
4208.874932 1376.718068
4215.456063 1408.644886
4181.570435 1408.308897
4237.365125 1377.124669
4270.470896 1377.597142
4277.437325 1409.259453
4244.125407 1408.929153
