4368 2912
1651.030293 1858.143988
2045.669632 1898.061803
1617.910244 2138.203265
2031.968916 2166.460418
1675.375351 1887.883549
1711.465618 1891.429285
1708.010231 1923.727996
1671.706454 1920.301400
1739.069553 1894.141270
1774.621410 1897.634110
1771.535563 1929.723948
1735.776323 1926.348748
1801.815069 1900.305787
1836.840476 1903.746905
1834.113601 1935.630487
1798.886737 1932.305537
1863.632938 1906.379166
1898.143502 1909.769702
1895.765376 1941.449599
1861.059087 1938.173784
1924.543581 1912.363413
1958.550571 1915.704475
1956.511303 1947.183210
1922.314134 1943.955450
1984.566824 1918.260476
2018.081182 1921.553139
2016.371200 1952.833193
1982.672030 1949.652437
1668.661087 1947.209836
1705.142210 1950.536392
1701.616958 1983.488148
1664.917687 1980.285990
1733.042985 1953.080543
1768.974458 1956.356978
1765.826694 1989.090704
1729.683391 1985.937056
1796.456440 1958.862941
1831.850593 1962.090381
1829.069416 1994.608884
1793.469544 1991.502653
1858.923139 1964.559010
1893.791935 1967.738544
1891.366806 2000.044581
1856.298201 1996.984705
1920.464128 1970.170666
1954.819177 1973.303355
1952.739903 2005.399629
1918.190760 2002.385078
1981.099833 1975.699774
2014.952407 1978.786644
2013.209127 2010.675810
1979.167988 2007.705585
1661.810162 2007.743636
1698.690655 2010.841332
1695.093399 2044.466141
1657.989966 2041.498350
1726.894693 2013.210268
1763.213941 2016.260824
1760.002376 2049.658013
1723.466709 2046.735636
1790.990399 2018.593846
1826.761117 2021.598329
1823.923999 2054.770910
1787.943166 2051.892912
1854.119646 2023.896249
1889.354167 2026.855695
1886.880628 2059.806619
1851.442084 2056.971998
1916.304128 2029.119298
1951.014419 2032.034713
1948.893950 2064.766877
1913.985528 2061.974658
1977.564897 2034.264762
2011.762570 2037.137120
2009.985010 2069.653365
1975.594902 2066.902605
1654.818362 2069.522194
1692.107017 2072.380890
1688.435528 2106.699586
1650.918981 2103.976565
1720.620951 2074.566882
1757.336396 2077.381633
1754.059071 2111.462664
1717.122467 2108.781737
1785.413686 2079.534150
1821.569037 2082.305963
1818.674274 2116.152555
1782.304267 2113.512752
1849.219635 2084.425767
1884.827611 2087.155616
1882.304199 2120.770932
1846.487851 2118.171316
1912.061172 2089.243449
1947.134110 2091.932280
1944.971211 2125.319420
1909.695977 2122.759078
1973.959997 2093.988859
2008.509867 2096.637589
2006.697005 2129.799592
1971.950713 2127.277642
