4368 2912
1086.973148 1467.875235
1802.376178 1505.880743
983.583296 1922.899419
1732.045016 1952.470302
1120.824180 1507.843116
1192.576078 1511.577468
1179.576044 1572.006218
1107.382133 1568.378942
1235.227349 1513.797269
1306.497299 1517.506538
1294.195435 1577.765097
1222.489224 1574.162326
1348.862568 1519.711453
1419.655410 1523.395891
1408.042645 1583.485180
1336.819208 1579.906665
1461.737544 1525.586070
1532.058053 1529.245926
1521.125449 1589.166856
1450.379928 1585.612353
1573.859880 1531.421517
1643.712769 1535.057035
1633.451522 1594.810511
1563.179121 1591.279780
1685.237080 1537.218182
1754.626995 1540.829605
1745.028434 1600.416527
1675.224424 1596.909329
1099.023907 1606.019946
1171.492820 1609.579897
1158.247961 1671.146682
1085.328167 1667.698279
1214.568945 1611.695963
1286.546562 1615.231779
1274.013813 1676.621289
1201.591234 1673.196400
1329.331152 1617.333522
1400.822454 1620.845450
1388.992478 1682.058671
1317.062046 1678.657055
1443.318458 1622.933016
1514.328357 1626.421295
1503.191960 1687.459205
1431.748675 1684.080627
1556.538686 1628.494828
1627.072029 1631.959697
1616.620151 1692.823264
1545.659080 1689.467490
1668.999552 1634.019338
1739.061119 1637.461031
1729.284838 1698.151216
1658.801117 1694.818017
1076.811448 1706.053053
1150.011789 1709.431318
1136.515122 1772.168590
1062.854763 1768.906543
1193.521283 1711.439322
1266.220708 1714.794469
1253.450512 1777.347070
1180.297163 1774.107477
1309.432971 1716.788756
1381.636605 1720.121021
1369.583268 1782.490007
1296.931713 1779.272635
1424.554674 1722.101730
1496.267572 1725.411348
1484.921629 1787.597763
1412.766722 1784.402385
1538.894440 1727.378618
1610.121587 1730.665817
1599.473715 1792.670699
1527.810383 1789.497090
1652.460208 1732.619785
1723.206523 1735.884794
1713.247542 1797.709170
1642.070776 1794.557109
1054.174999 1807.995585
1128.121621 1811.184554
1114.365897 1875.126015
1039.949839 1872.058140
1172.073255 1813.079981
1245.509056 1816.246921
1232.494600 1879.995985
1158.595641 1876.949428
1289.157597 1818.129277
1362.087851 1821.274415
1349.804766 1884.832210
1276.417536 1881.806751
1405.436425 1823.143835
1477.866334 1826.267395
1466.304875 1889.635040
1393.424074 1886.630458
1520.918020 1828.124012
1592.852718 1831.226217
1582.003286 1894.404819
1509.623693 1891.420900
1635.610556 1833.070160
1707.055102 1836.151227
1696.908250 1899.141888
1625.024710 1896.178419
