4368 2912
1067.120908 2189.438370
1545.159680 2049.077386
1273.716496 2671.808125
1743.907923 2434.092106
1115.939170 2220.132414
1169.836033 2203.440391
1196.513005 2263.430413
1142.635561 2281.498713
1201.600944 2193.602702
1252.212573 2177.928127
1278.820317 2235.827894
1228.256884 2252.784809
1282.070449 2168.681052
1329.688320 2153.933653
1356.187356 2209.882142
1308.641302 2225.827151
1357.805881 2145.225558
1402.687980 2131.325436
1429.045952 2185.448337
1384.255020 2200.469391
1429.213066 2123.110536
1471.588567 2109.986715
1497.779030 2162.398064
1455.510500 2176.573206
1496.652732 2102.224266
1536.725907 2089.813482
1562.727347 2140.617045
1522.773986 2154.015774
1159.669493 2320.654169
1213.529250 2301.695808
1241.044433 2363.570762
1187.222018 2383.988438
1245.256595 2290.527944
1295.784336 2272.742436
1323.201781 2332.404154
1272.739906 2351.547000
1325.578882 2262.254908
1373.074516 2245.536687
1400.355322 2303.135755
1352.948793 2321.119546
1401.107648 2235.669166
1445.836143 2219.924964
1472.948679 2275.597272
1428.328174 2292.524179
1472.259567 2210.624053
1514.455892 2195.771161
1541.374546 2249.639738
1499.301487 2265.600264
1539.404378 2186.989421
1579.277634 2172.954238
1605.981784 2225.130811
1566.244079 2240.205415
1204.806621 2424.409709
1258.599567 2403.047987
1286.993097 2466.898126
1233.257132 2489.808156
1290.271389 2390.470785
1340.685983 2370.450641
1368.950660 2431.955976
1318.621200 2453.413661
1370.399584 2358.651069
1417.744377 2339.849973
1445.842063 2399.173754
1398.605148 2419.312949
1445.675910 2328.758078
1490.222992 2311.067982
1518.122963 2368.357195
1473.702066 2387.295796
1516.528099 2300.621958
1558.518327 2283.947214
1586.195968 2339.334648
1544.346573 2357.176904
1583.335038 2274.092246
1622.982396 2258.347880
1650.418134 2311.953885
1610.923237 2328.792314
1251.419549 2531.557631
1305.113130 2507.645672
1334.427745 2573.567111
1280.812673 2599.122840
1336.709802 2493.574375
1386.979344 2471.187281
1416.131139 2534.623028
1365.967745 2558.533508
1416.592833 2457.999175
1463.755728 2436.995599
1492.707542 2498.122736
1445.672914 2520.541884
1491.567055 2424.610072
1535.902642 2404.865611
1564.624859 2463.843206
1520.435144 2484.906320
1562.071448 2393.211566
1603.826554 2374.616299
1632.295742 2431.587747
1590.700415 2451.414241
1628.494167 2363.630798
1667.887701 2346.087237
1696.085509 2401.182230
1656.862618 2419.877898
