4368 2912
3428.656213 1143.731874
3911.300922 1154.285038
3428.259711 1470.792500
3927.415543 1479.889487
3457.870020 1172.380292
3504.596547 1173.388312
3504.913231 1216.215184
3457.978209 1215.224935
3533.948152 1174.021506
3580.595999 1175.027828
3581.251330 1217.825788
3534.395693 1216.837214
3609.898200 1175.659957
3656.467565 1176.664586
3657.460401 1219.433670
3610.683946 1218.446767
3685.720487 1177.295652
3732.211566 1178.298592
3733.540770 1221.038837
3686.843299 1220.053599
3761.415335 1178.928597
3807.828327 1179.929854
3809.492765 1222.641295
3762.874076 1221.657720
3836.983064 1180.558802
3883.318164 1181.558377
3885.316708 1224.241051
3838.776602 1223.259134
3458.048906 1243.222388
3505.120172 1244.200918
3505.441557 1287.663660
3458.158703 1286.703497
3534.688142 1244.815585
3581.679561 1245.792455
3582.344615 1289.225312
3535.142325 1288.266787
3611.197397 1246.406080
3658.109174 1247.381295
3659.116727 1290.784306
3611.994796 1289.827412
3687.577003 1247.993880
3734.409339 1248.967443
3735.758228 1292.340647
3688.716452 1291.385381
3763.827288 1249.578991
3810.580385 1250.550907
3812.269451 1293.894344
3765.307625 1292.940701
3839.948581 1251.161421
3886.622639 1252.131693
3888.650729 1295.445401
3841.768650 1294.493378
3458.230454 1315.118408
3505.651582 1316.066457
3505.977775 1360.179335
3458.341894 1359.250272
3535.439131 1316.661973
3582.779222 1317.608401
3583.454215 1361.690389
3535.900106 1360.762922
3612.515890 1318.202901
3659.775151 1319.147713
3660.797750 1363.198852
3613.325202 1362.272975
3689.461068 1319.741197
3736.639707 1320.684398
3738.008721 1364.704730
3690.617527 1363.780439
3766.275002 1321.276870
3813.373225 1322.218464
3815.087471 1366.208028
3767.777419 1365.285320
3842.958027 1322.809926
3889.976040 1323.749916
3892.034337 1367.708755
3844.805220 1366.787625
3458.414723 1388.092047
3506.190952 1389.008588
3506.522062 1433.786298
3458.527843 1432.889385
3536.201367 1389.584308
3583.895343 1390.499271
3584.580499 1435.245051
3536.669287 1434.349688
3613.854111 1391.074000
3661.466044 1391.987389
3662.504027 1436.701282
3614.675606 1435.807467
3691.373300 1392.561131
3738.903402 1393.472949
3740.292995 1438.154999
3692.547152 1437.262726
3768.759278 1394.045706
3816.207760 1394.955958
3817.947752 1439.606207
3770.284271 1438.715474
3846.012389 1395.527731
3893.379460 1396.436422
3895.468645 1441.054914
3847.887315 1440.165716
