4368 2912
586.685291 1957.907463
872.433671 1878.190341
702.984741 2187.776602
990.700116 2079.501904
617.271542 1973.610527
645.530114 1965.498235
659.526027 1992.413282
631.224012 2000.858660
665.372770 1959.801931
692.664251 1951.967266
706.724065 1978.329294
679.396889 1986.483778
711.833602 1946.464251
738.206801 1938.893200
752.318192 1964.723917
725.916343 1972.602281
756.736544 1933.573799
782.237039 1926.253278
796.388801 1951.573160
770.866062 1959.189196
800.158661 1921.108453
824.829064 1914.026230
839.010998 1938.854612
814.324182 1946.221207
842.172017 1909.047525
866.052211 1902.192151
880.255034 1926.547310
856.363735 1933.676521
642.011050 2021.924942
670.345349 2013.219539
684.671968 2040.770555
656.296666 2049.823684
690.237097 2007.108017
717.590600 1998.703952
731.976806 2025.677964
704.590142 2034.415669
736.799708 1992.802164
763.222473 1984.684058
777.655812 2011.104095
751.207003 2019.542577
781.783488 1978.981390
807.322224 1971.134892
821.791386 1997.022656
796.233069 2005.177028
825.267400 1965.621434
849.965743 1958.033138
864.460457 1983.409106
839.748403 1991.293477
867.325228 1952.699626
891.223987 1945.356994
905.734920 1970.240504
881.827785 1977.868066
667.342815 2071.395988
695.748454 2062.071356
710.417640 2090.281151
681.973652 2099.968923
715.686099 2055.526487
743.097074 2046.528370
757.821172 2074.135926
730.379780 2083.482222
762.342640 2040.210687
788.810296 2031.522231
803.576726 2058.551987
777.085839 2067.574550
807.399203 2025.420107
832.971410 2017.025598
847.768771 2043.500565
822.179847 2052.215928
850.936702 2011.128186
875.658145 2003.012954
890.476102 2028.954825
865.743846 2037.378413
893.030685 1997.310123
916.943125 1989.460460
931.772304 2014.889702
907.854406 2023.035927
693.288360 2122.065704
721.760571 2112.094342
736.784760 2140.986830
708.277086 2151.337568
741.740644 2105.097044
769.204166 2095.478939
784.278201 2123.742624
756.787233 2133.724211
788.482624 2088.727357
814.990125 2079.444064
830.101312 2107.104892
803.573613 2116.736730
833.603288 2072.925477
859.203833 2063.959813
874.340688 2091.042192
848.726503 2100.342346
877.185553 2057.662366
901.924906 2048.998303
917.077040 2075.525220
892.329980 2084.510532
919.306779 2042.910930
943.227675 2034.533502
958.385685 2060.526627
934.462452 2069.212819
