4368 2912
3046.630459 1819.885243
4013.962178 1900.931748
2998.107771 2475.596194
4035.831498 2595.782960
3093.846182 1874.099522
3190.577461 1882.434607
3185.478172 1973.478907
3087.833836 1964.641772
3242.045121 1886.869443
3340.149191 1895.322819
3336.478870 1987.144971
3237.435191 1978.181189
3392.349868 1899.820817
3491.856162 1908.395017
3489.656481 2001.008051
3389.183160 1991.914883
3544.805628 1912.957537
3645.744425 1921.655174
3645.058421 2015.072440
3543.124280 2005.847063
3699.458908 1926.283612
3801.861366 1935.107368
3802.733497 2029.342557
3699.306444 2019.982066
3856.357566 1939.803166
3960.255753 1948.755805
3962.731949 2043.822946
3857.778943 2034.324352
3084.494956 2014.923265
3182.646150 2024.042714
3177.390607 2117.876825
3078.299245 2108.226873
3234.874852 2028.895401
3334.440244 2038.146247
3330.656636 2132.802545
3230.123309 2123.012168
3387.424193 2043.069105
3488.434568 2052.454207
3486.166493 2147.946779
3384.159496 2138.012889
3542.190264 2057.448770
3644.677307 2066.971073
3643.969816 2163.314360
3540.456507 2153.233779
3699.221737 2072.038919
3803.218069 2081.701453
3804.117719 2178.910267
3699.064485 2168.679721
3858.568718 2086.844207
3964.107927 2096.650093
3966.662844 2194.739625
3860.035064 2184.355744
3074.857754 2160.053607
3174.471138 2170.001959
3169.052047 2266.756104
3068.470161 2256.246850
3227.483712 2175.296306
3328.554599 2185.390220
3324.652378 2283.013938
3222.583928 2272.349359
3382.345677 2190.762316
3484.906291 2201.005008
3482.566584 2299.513534
3378.978370 2288.690165
3539.493148 2206.456578
3643.576671 2216.851364
3642.846668 2316.260330
3537.704492 2305.274595
3698.977098 2222.384185
3804.617704 2232.934475
3805.546198 2333.259919
3698.814828 2322.108138
3860.850025 2238.550377
3968.082917 2249.259687
3970.720374 2350.518072
3862.363507 2339.196451
3064.921258 2309.691166
3166.041015 2320.516016
3160.450622 2420.328650
3058.332727 2408.910394
3219.861334 2326.277470
3322.483922 2337.263198
3318.457421 2437.996093
3214.806263 2426.406396
3377.107093 2343.110597
3481.266264 2354.260815
3478.851477 2455.930466
3373.632263 2444.165438
3536.710385 2360.196097
3642.440913 2371.514528
3641.687304 2474.137864
3534.864181 2462.193495
3698.724630 2377.539689
3806.062342 2389.030169
3807.021090 2492.624570
3698.557101 2480.496729
3863.204876 2395.147266
3972.186696 2406.813748
3974.910757 2511.397060
3864.767803 2499.081486
