4368 2912
1214.730781 2213.988125
1586.393339 2156.331164
1302.533686 2549.876502
1687.516159 2446.179101
1247.343918 2239.704767
1286.117276 2233.326379
1297.269347 2273.589253
1258.287087 2280.536439
1311.098156 2229.216914
1348.312843 2223.094934
1359.781727 2262.448670
1322.380181 2269.114150
1372.299514 2219.149021
1408.047662 2213.268293
1419.799631 2251.752638
1383.884566 2258.153206
1431.098318 2209.476359
1465.464940 2203.822898
1477.469445 2241.475068
1442.953973 2247.626209
1487.633319 2200.176102
1520.696981 2194.736984
1532.926324 2231.591874
1499.730197 2237.507890
1542.032785 2191.227151
1573.866207 2185.990413
1586.295242 2222.080784
1554.344234 2227.774902
1266.128246 2309.793748
1305.258653 2302.433438
1316.756621 2343.945120
1277.415222 2351.908251
1330.461582 2297.692844
1367.995457 2290.632837
1379.812691 2331.181880
1342.090621 2338.817241
1392.180504 2286.083704
1428.213600 2279.305988
1440.315266 2318.935495
1404.114563 2326.262914
1451.441206 2274.936947
1486.061770 2268.424925
1498.416377 2307.175192
1463.646824 2314.212931
1508.387685 2264.225488
1541.677177 2257.963836
1554.256219 2295.872596
1520.834595 2302.637499
1563.152906 2253.924318
1595.186642 2247.898870
1607.964283 2285.001494
1575.813697 2291.509125
1285.504680 2382.092020
1324.995659 2373.690929
1336.855870 2416.510434
1297.151924 2425.550774
1350.422513 2368.281761
1388.277806 2360.228637
1400.459504 2402.028285
1362.414824 2410.690820
1412.662315 2355.041213
1448.981481 2347.314875
1461.448690 2388.141429
1424.961393 2396.449358
1472.386450 2342.335832
1507.261129 2334.916787
1519.981381 2374.813902
1484.957759 2382.788561
1529.744418 2330.133818
1563.259104 2323.004090
1576.203062 2362.012577
1542.556776 2369.673626
1584.874103 2318.405835
1617.106825 2311.548825
1630.247948 2349.706895
1597.899318 2357.072475
1305.501662 2456.705716
1345.356536 2447.200811
1357.596382 2491.390932
1317.526704 2501.574124
1371.009038 2441.083001
1409.187725 2431.977847
1421.751012 2475.086861
1383.381914 2484.837872
1433.772601 2426.114652
1470.378665 2417.384550
1483.228232 2459.463219
1446.453705 2468.808990
1493.961205 2411.760400
1529.089850 2403.382644
1542.192223 2444.478282
1506.914891 2453.443560
1551.730127 2397.983213
1585.469025 2389.936895
1598.794012 2430.093668
1564.924267 2438.701226
1607.222404 2384.748977
1639.652424 2377.014811
1653.172761 2416.274010
1620.628009 2424.544839
