3215.255560 1693.595013
3865.248544 1657.179979
3177.336871 2088.765717
3857.301603 2078.195002
3246.209829 1722.097409
3310.142237 1718.707696
3305.505423 1774.508350
3241.189739 1777.560758
3344.253817 1716.899091
3409.458859 1713.441903
3405.428061 1769.766044
3339.823691 1772.879613
3444.252851 1711.597116
3510.768908 1708.070417
3507.369598 1764.927922
3440.437417 1768.104508
3546.265998 1706.188352
3614.133009 1702.590025
3611.391845 1759.991049
3543.091130 1763.232586
3650.354726 1700.669540
3719.614272 1696.997381
3717.559162 1754.952372
3647.847507 1758.260872
3756.583033 1695.037287
3827.278415 1691.288999
3825.938592 1749.808709
3754.771819 1753.186268
3238.415704 1808.209064
3302.943015 1805.345038
3298.211773 1862.282057
3233.294048 1864.794552
3337.375419 1803.816766
3403.200329 1800.895146
3399.086614 1858.377924
3332.854761 1860.941279
3438.328637 1799.335987
3505.490683 1796.355019
3502.020732 1854.394091
3434.434441 1857.009866
3541.336208 1794.764026
3609.876552 1791.721882
3607.077834 1850.328093
3538.095128 1852.997913
3646.461485 1790.098071
3716.422993 1786.992850
3714.324284 1846.177361
3643.901435 1848.902919
3753.770451 1785.335194
3825.197788 1782.164912
3823.829240 1841.939219
3751.920673 1844.722278
3230.463604 1896.066084
3295.596917 1893.749935
3290.768333 1951.858389
3225.237266 1953.808113
3330.356202 1892.513890
3396.812819 1890.150684
3392.613603 1948.828220
3325.742208 1950.817823
3432.281904 1888.889399
3500.102567 1886.477687
3496.559749 1945.735545
3428.306480 1947.766262
3536.303416 1885.190380
3605.530558 1882.728654
3602.672456 1942.578409
3532.994032 1944.651528
3642.486053 1881.414511
3713.163882 1878.901198
3711.020172 1939.354776
3639.871486 1941.471639
3750.897870 1877.559373
3823.072469 1874.992835
3821.674263 1936.062521
3749.008283 1938.224528
3222.348675 1985.722077
3288.099400 1983.977036
3283.170439 2043.293452
3217.014414 2044.656471
3323.191795 1983.045674
3390.292301 1981.264810
3386.004889 2041.174745
3318.481545 2042.565934
3426.108810 1980.314230
3494.601092 1978.496427
3490.983087 2039.011870
3422.049592 2040.432113
3531.164360 1977.526029
3601.092173 1975.670127
3598.172776 2036.803431
3527.784489 2038.253647
3638.425802 1974.679282
3709.834755 1972.784070
3707.644579 2034.547973
3635.754957 2036.029122
3747.963349 1971.772128
3820.901002 1969.836343
3819.472163 2032.243980
3746.032654 2033.757060
