2795.861152 2204.728890
3787.234354 1499.749614
3275.782560 2890.982365
4452.526303 2017.401264
2887.792122 2215.744831
2991.661649 2141.639116
3055.211889 2222.811442
2948.909799 2299.055081
3049.329108 2100.496268
3152.203449 2027.100569
3219.480679 2104.992024
3114.222686 2180.486800
3209.319710 1986.350973
3311.213098 1913.655135
3382.142498 1988.325183
3277.913294 2063.082074
3367.786026 1873.293180
3468.712426 1801.287240
3543.220810 1872.794089
3440.005386 1946.823862
3524.749737 1761.307420
3624.722848 1689.981603
3702.738627 1758.382238
3600.522264 1831.695448
3680.232114 1650.378518
3779.265380 1579.723234
3860.718517 1645.073443
3759.486779 1717.680445
2985.605873 2349.075946
3093.363725 2271.542544
3162.231576 2359.507021
3051.854682 2439.380504
3153.178268 2228.505075
3259.862146 2151.744413
3332.739828 2236.119893
3223.491806 2315.176475
3319.082029 2109.134812
3424.707910 2033.135394
3501.511502 2113.989426
3393.375122 2192.241577
3483.341955 1990.947313
3587.925499 1915.697872
3668.572995 1993.096521
3561.531375 2070.556456
3645.982357 1873.925085
3749.538919 1799.414574
3833.950168 1873.422462
3727.986768 1950.102151
3807.027071 1758.050980
3909.571702 1684.268568
3997.668368 1754.948909
3892.766977 1830.860081
3091.697233 2493.690371
3203.643601 2412.402344
3278.525574 2508.048621
3163.751599 2591.908554
3265.769965 2367.290299
3376.553852 2286.846388
3455.761596 2378.550615
3342.212006 2461.515947
3438.036751 2242.201585
3547.676171 2162.588710
3631.115136 2250.428049
3518.770443 2332.513020
3608.525550 2118.403927
3717.038146 2039.609277
3804.616028 2123.659126
3693.457154 2204.877675
3777.263746 1995.877440
3884.666801 1917.888465
3976.293477 1998.222507
3866.301747 2078.588279
3944.278166 1874.602645
4050.588611 1797.407052
4146.176080 1874.097297
4037.333207 1953.623654
3207.163382 2651.083684
3323.634269 2565.665676
3405.354053 2670.045847
3285.821326 2758.303284
3388.256696 2518.272553
3503.465208 2433.780352
3589.865102 2533.811423
3471.664900 2621.084985
3567.389117 2386.899512
3681.355667 2303.318147
3772.328622 2399.088799
3655.438786 2485.394847
3744.592322 2256.941329
3857.336886 2174.256150
3952.778507 2265.852951
3837.177367 2351.207485
3919.897311 2128.375269
4031.439438 2046.571940
4131.247907 2134.079400
4016.914269 2218.498070
4093.334422 2001.179083
4203.693245 1920.243571
4307.769249 2003.744206
4194.682380 2087.242319
