4368 2912
3656.727308 1732.681078
4089.750913 1748.884657
3702.315483 2016.130524
4162.291969 2026.662306
3691.720214 1761.091498
3729.652844 1762.462700
3735.355329 1794.633559
3697.147294 1793.316106
3760.332264 1763.571711
3797.994746 1764.933149
3804.190540 1797.007069
3766.256658 1795.699070
3828.456063 1766.034276
3865.851274 1767.386052
3872.533208 1799.363596
3834.870541 1798.064948
3896.096804 1768.479378
3933.227577 1769.821596
3940.388604 1801.703322
3902.994251 1800.413925
3963.259606 1770.907205
4000.128736 1772.239963
4007.761919 1804.026424
3970.633023 1802.746181
4029.949517 1773.317936
4066.559763 1774.641337
4074.658272 1806.333081
4037.792017 1805.061894
3701.736185 1820.563766
3740.176956 1821.835021
3746.039970 1854.911512
3707.316352 1853.697358
3771.265805 1822.863146
3809.429015 1824.125223
3815.798587 1857.098749
3777.356702 1855.893429
3840.293792 1825.145936
3878.182434 1826.398932
3885.051102 1859.270117
3846.887888 1858.073533
3908.825552 1827.412316
3946.442581 1828.656330
3953.803004 1861.425787
3915.915440 1860.237847
3976.866419 1829.662461
4014.214744 1830.897589
4022.059700 1863.565932
3984.444812 1862.386541
4044.421648 1831.896547
4081.504138 1833.122884
4089.826523 1865.690716
4052.481377 1864.519784
3712.035604 1881.719070
3750.998292 1882.884139
3757.028708 1916.905048
3717.775425 1915.800656
3782.507624 1883.826337
3821.185027 1884.982876
3827.735793 1918.894394
3788.772142 1917.798151
3852.464071 1885.918188
3890.859310 1887.066289
3897.922648 1920.869103
3859.245437 1919.780918
3921.910578 1887.994790
3960.026731 1889.134546
3967.594995 1922.829336
3929.201075 1921.749122
3990.852705 1890.056310
4028.692801 1891.187813
4036.758469 1924.775252
3998.644741 1923.702922
4059.295923 1892.102913
4096.862953 1893.226249
4105.418627 1926.707007
4067.582035 1925.642473
3722.630674 1944.629876
3762.129621 1945.682104
3768.334715 1980.688466
3728.537103 1979.700734
3794.070946 1946.533001
3833.276557 1947.577414
3840.016361 1982.467525
3800.516616 1981.487185
3864.981114 1948.422003
3903.896645 1949.458688
3911.163049 1984.233307
3871.957843 1983.260277
3935.367055 1950.297041
3973.995715 1951.326084
3981.780748 1985.985960
3942.866797 1985.020158
4005.234562 1952.158267
4043.579509 1953.179752
4051.875336 1987.725629
4013.249406 1986.766977
4074.589340 1954.005835
4112.653690 1955.019846
4121.452602 1989.452459
4083.111508 1988.500877
