4368 2912
3294.616656 2157.689534
4038.014736 2136.610674
3326.559349 2630.888085
4178.047230 2626.587940
3340.676846 2194.894640
3411.284551 2193.022221
3417.362525 2251.762072
3345.549753 2253.460363
3455.342492 2191.853866
3526.745685 2189.960353
3534.812163 2248.984521
3462.176621 2250.702269
3571.301397 2188.778797
3643.513596 2186.863830
3653.613705 2246.175000
3580.141174 2247.912541
3688.575562 2185.668849
3761.610595 2183.732061
3773.790629 2243.332951
3699.466557 2245.090632
3807.187494 2182.523426
3881.059504 2180.564443
3895.366959 2240.457809
3820.176456 2242.235979
3927.160211 2179.341916
4001.883671 2177.360353
4018.367279 2237.548991
3942.295105 2239.348012
3348.757069 2292.007952
3421.363394 2290.427983
3427.788265 2352.520362
3353.907087 2353.904176
3466.675503 2289.441957
3540.122811 2287.843688
3548.652402 2350.256545
3473.900564 2351.656666
3585.961284 2286.846207
3660.264272 2285.229318
3670.947700 2347.965923
3595.309721 2349.382642
3706.638333 2284.220182
3781.812042 2282.584345
3794.699731 2345.648015
3718.159759 2347.081629
3828.731134 2281.563350
3904.790959 2279.908230
3919.934677 2343.302332
3842.476481 2344.753144
3952.264747 2278.875164
4029.226450 2277.200418
4046.679355 2340.928371
3968.286313 2342.396694
3357.299419 2394.675392
3432.020774 2393.424939
3438.823109 2459.165278
3362.750877 2460.194514
3478.660518 2392.644428
3554.272370 2391.379072
3563.306130 2457.481057
3486.311041 2458.522779
3601.469606 2390.589231
3677.987969 2389.308705
3689.306749 2455.776302
3611.371907 2456.830740
3725.752754 2388.509366
3803.194029 2387.213395
3816.852884 2454.050639
3737.960978 2455.118024
3851.536660 2386.404386
3929.917646 2385.092690
3945.973149 2452.303676
3866.106442 2453.384250
3978.848674 2384.273834
4058.186579 2382.946123
4076.696865 2450.535019
3995.837177 2451.629030
3366.344706 2503.387466
3443.307974 2502.508724
3450.522043 2572.228217
3372.124867 2572.857144
3491.355468 2501.960132
3569.263252 2501.070606
3578.847244 2571.198752
3499.470176 2571.835539
3617.902212 2500.515261
3696.772006 2499.614751
3708.784548 2570.156353
3628.409098 2570.801151
3746.013421 2499.052528
3825.863153 2498.140830
3840.364524 2569.100776
3758.971740 2569.753735
3875.718287 2497.571599
3956.566336 2496.648502
3973.618522 2568.031770
3891.188965 2568.693046
4007.046732 2496.072133
4088.911938 2495.137421
4108.578693 2566.949077
4025.092426 2567.618830
