3537.158237 1499.138064
3926.291904 1509.471354
3478.258261 1727.170086
3871.162255 1750.104662
3553.051499 1517.472671
3591.605441 1518.587571
3583.296245 1551.382772
3544.693200 1550.094992
3612.137559 1519.181317
3651.310637 1520.314121
3643.079379 1553.377111
3603.854904 1552.068600
3672.173807 1520.917441
3711.981057 1522.068584
3703.831358 1555.403770
3663.970326 1554.074024
3733.183350 1522.681710
3773.640296 1523.851641
3765.575926 1557.463542
3725.062715 1556.112039
3795.190049 1524.474815
3836.312728 1525.663997
3828.337609 1559.557243
3787.156081 1558.183446
3858.218553 1526.297468
3900.023533 1527.506382
3892.141748 1561.685721
3850.275228 1560.289073
3540.103447 1568.008733
3578.733367 1569.391793
3570.362074 1602.432082
3531.683009 1600.873578
3599.306555 1570.128372
3638.559165 1571.533727
3630.265896 1604.845800
3590.961831 1603.262113
3659.465320 1572.282227
3699.355797 1573.710419
3691.144202 1607.298784
3651.199865 1605.689298
3720.603067 1574.471132
3761.147088 1575.922723
3753.020967 1609.791998
3712.420583 1608.156078
3782.743891 1576.695949
3823.957649 1578.171519
3815.920957 1612.326441
3774.648230 1610.663430
3845.912682 1578.957572
3887.812909 1580.457719
3879.869763 1614.903145
3837.907854 1613.212364
3527.059071 1618.920743
3565.765033 1620.575941
3557.330944 1653.864076
3518.575800 1652.030828
3586.379332 1621.457479
3625.711564 1623.139459
3617.355580 1656.703441
3577.971837 1654.840459
3646.660759 1624.035318
3686.634585 1625.744734
3678.360386 1659.589173
3638.332625 1657.695726
3707.926904 1626.655266
3748.558151 1628.392796
3740.369567 1662.522414
3699.681861 1660.597750
3770.202094 1629.318365
3811.507115 1631.084708
3803.408134 1665.504349
3762.044027 1663.547688
3833.511465 1632.025689
3875.507159 1633.821567
3867.501934 1668.536200
3825.444417 1666.546739
3513.917293 1670.212913
3552.699354 1672.144293
3544.201760 1705.683071
3505.370483 1703.570992
3573.354803 1673.172952
3612.766743 1675.135700
3604.347330 1708.954460
3564.883826 1706.807993
3633.759033 1676.181134
3673.816322 1678.176021
3665.478800 1712.279473
3625.367502 1710.097772
3695.153761 1679.238644
3735.872381 1681.266466
3727.620611 1715.659439
3686.845438 1713.441629
3757.563551 1682.346705
3798.960017 1684.408284
3790.798021 1719.095733
3749.342353 1716.840910
3821.013788 1685.506581
3863.105167 1687.602767
3855.037133 1722.589774
3812.883792 1720.297004
