3378.432063 1448.972895
4417.921156 1597.288621
3042.513577 2060.104747
3975.947366 2454.571221
3403.320712 1518.023983
3471.233514 1529.116947
3430.159025 1604.462964
3363.107184 1591.481685
3528.936374 1538.542206
3603.440758 1550.711847
3560.712383 1629.738177
3487.136432 1615.493826
3666.883101 1561.074601
3748.987529 1574.485643
3704.472265 1657.570182
3623.371474 1641.869017
3819.070334 1585.933058
3909.999998 1600.785625
3863.549347 1688.367606
3773.707325 1670.974133
3987.823198 1613.497366
4089.081546 1630.037034
4040.529386 1722.631054
3940.452688 1703.256141
4176.002135 1644.234754
4289.454595 1662.766223
4238.614860 1760.980527
4126.449365 1739.265216
3329.432012 1652.995829
3395.759236 1667.565079
3354.331073 1743.559869
3288.880829 1727.070323
3452.125929 1679.946428
3524.920091 1695.936188
3481.805990 1775.675921
3409.958463 1757.574643
3586.919470 1709.554797
3667.174686 1727.183431
3622.237121 1811.056165
3543.006338 1791.094747
3735.695299 1742.234475
3824.620409 1761.767513
3777.705476 1850.224889
3689.891908 1828.101123
3900.748023 1778.489490
3999.827866 1800.253088
3950.762936 1893.825015
3852.892388 1869.167492
4084.903393 1818.940538
4195.982326 1843.339823
4144.573427 1942.653663
4034.813659 1915.000769
3254.922307 1789.102060
3319.634444 1807.206501
3277.848018 1883.858478
3214.029197 1863.801148
3374.639453 1822.595190
3445.689856 1842.472880
3402.184780 1922.935721
3332.099594 1900.908962
3506.217194 1859.406545
3584.584872 1881.331381
3539.218968 1966.003579
3461.896973 1941.702397
3651.509967 1900.054938
3738.386463 1924.360277
3691.000253 2013.706237
3605.259752 1986.759240
3812.780061 1945.173289
3909.630420 1972.269003
3860.044553 2066.834411
3764.431810 2036.784711
3992.816265 1995.541813
4101.462270 2025.937582
4049.474594 2126.369527
3942.180793 2092.648640
3179.783733 1926.357039
3242.850689 1948.056706
3200.701333 2025.374433
3138.544354 2001.688654
3296.467981 1966.504995
3365.740389 1990.339793
3321.838997 2071.535622
3253.550774 2045.513446
3424.765989 2010.648937
3501.206965 2036.950250
3455.406567 2122.433398
3380.032992 2093.711251
3566.502468 2059.416701
3651.285272 2088.588216
3603.420649 2178.836218
3519.798857 2146.970974
3723.905510 2113.574914
3818.474159 2146.113478
3768.359015 2241.688272
3675.056998 2206.134243
3899.724578 2174.069592
4005.876709 2210.593726
3953.300427 2312.162764
3848.534400 2272.240215
