4368 2912
968.625344 1414.552028
1992.713303 1378.571804
1018.437338 2104.408178
2102.788327 2025.433069
1041.878171 1474.266785
1139.939728 1470.510793
1147.312489 1553.445771
1048.516831 1557.682050
1209.001918 1467.865546
1305.284108 1464.177709
1313.875721 1546.303674
1216.886670 1550.462486
1373.098800 1461.580244
1467.649618 1457.958722
1477.414988 1539.291242
1382.183440 1543.374694
1534.250310 1455.407757
1627.116041 1451.850778
1638.011901 1532.404976
1544.490515 1536.415097
1692.535042 1449.345073
1783.760336 1445.850927
1795.745159 1525.641501
1703.888278 1529.580250
1848.028820 1443.389291
1937.656762 1439.956326
1950.690678 1518.997562
1860.454257 1522.866826
1053.441569 1619.561767
1152.781402 1614.964663
1160.358021 1700.192808
1060.264802 1705.296222
1222.735058 1611.727449
1320.247951 1607.214890
1329.074911 1691.590507
1230.836976 1696.599326
1388.920995 1604.036938
1484.656887 1599.606612
1494.687289 1683.146495
1398.253528 1688.063324
1552.084166 1596.486311
1646.091192 1592.135991
1657.280061 1674.856442
1562.601228 1679.683793
1712.306298 1589.071784
1804.630870 1584.799323
1816.935067 1666.716175
1723.963686 1671.456470
1869.666200 1581.789712
1960.353085 1577.593036
1973.731214 1658.721672
1882.421511 1663.377244
1065.327421 1768.908405
1165.979202 1763.424535
1173.768254 1851.042291
1072.343035 1857.060133
1236.847561 1759.563373
1335.622896 1754.181738
1344.695008 1840.900727
1245.175742 1846.805485
1405.176194 1750.392225
1502.127074 1745.109993
1512.433446 1830.948335
1414.766908 1836.743165
1570.401579 1741.390153
1665.578088 1736.204595
1677.071949 1821.179871
1581.206879 1826.867815
1732.608745 1732.552525
1826.059153 1727.461011
1838.695664 1811.590283
1744.582677 1817.174270
1891.879648 1723.874874
1983.650489 1718.874870
1997.386649 1802.174702
1904.978146 1807.657558
1077.549405 1922.478574
1179.548151 1916.059397
1187.558696 2006.168689
1084.765652 2013.151267
1251.355365 1911.540291
1351.426121 1905.242450
1360.753743 1994.403808
1259.919423 2001.253333
1421.882418 1900.808362
1520.079340 1894.628450
1530.673229 1982.861430
1431.742177 1989.581669
1589.222487 1890.277004
1685.597716 1884.211737
1697.409209 1971.535304
1600.328041 1978.129883
1753.464085 1879.940643
1848.067848 1873.986862
1861.050318 1960.419408
1765.767629 1966.891819
1914.692480 1869.793916
2007.573173 1863.948574
2021.681932 1949.507942
1928.148205 1955.861549
