2912 4368
47.583945 2895.104497
779.349358 2818.817125
145.495457 3370.391012
905.389288 3257.065291
102.849728 2931.217508
176.523231 2923.268655
189.751453 2983.339388
115.689994 2991.751181
223.538955 2918.195988
295.595896 2910.421550
309.437397 2969.745632
237.011357 2977.971676
341.585624 2905.459581
412.078632 2897.853882
426.503646 2956.449418
355.659447 2964.495798
457.075585 2892.999026
526.055029 2885.556628
541.035279 2943.441080
471.721660 2951.313621
570.091011 2880.805455
637.605120 2873.521157
653.113731 2930.711372
585.281619 2938.415646
680.710590 2868.870380
746.805563 2861.739196
762.816985 2918.251436
696.419382 2925.792779
124.328009 3032.473919
198.649804 3023.747727
212.165988 3085.126131
137.449731 3094.334482
246.073538 3018.179662
318.747183 3009.646980
332.886620 3070.248005
259.837921 3079.250839
365.125061 3004.201709
436.204777 2995.856173
450.936846 3055.698991
379.500496 3064.503112
481.571017 2990.529680
551.108675 2982.365197
566.404303 3041.468289
496.527503 3050.080203
595.496020 2977.153637
663.541262 2969.164381
679.372836 3027.545564
611.005065 3035.971500
706.981057 2964.064073
773.581419 2956.244462
789.922696 3013.920926
723.015596 3022.166844
146.278132 3135.954770
221.259103 3126.418922
235.072757 3189.148165
159.690668 3199.186332
269.097571 3120.334974
342.397881 3111.012866
356.844979 3172.932511
283.163531 3182.744214
389.170055 3105.064526
460.845582 3095.949054
475.894616 3157.079407
403.856902 3166.672224
506.586720 3090.131837
576.690895 3081.216204
592.311967 3141.576828
521.863590 3150.958002
621.434717 3075.525823
690.018652 3066.803530
706.183382 3126.413275
637.272319 3135.589736
733.797423 3061.235881
800.910040 3052.700706
817.591472 3111.577748
750.167945 3120.556122
168.715820 3241.734174
244.367104 3231.354765
258.488157 3295.479939
182.428946 3306.382823
292.627176 3224.733451
366.564326 3214.589223
381.329236 3277.870998
307.004733 3288.525218
413.737070 3208.117090
486.017693 3198.200139
501.394031 3260.660031
428.745559 3271.073995
532.139447 3191.872202
602.818595 3182.174975
618.775610 3243.833695
547.747108 3254.015441
647.924096 3175.986469
717.054411 3166.501742
733.562925 3227.379241
664.100808 3237.336450
761.176879 3160.448109
828.808720 3151.168974
845.841040 3211.284473
777.894057 3221.024491
