2912 4368
1879.999561 1192.253075
2469.345514 1196.712682
1819.039625 1585.831844
2402.152305 1623.376306
1910.593991 1229.107989
1960.944726 1229.724146
1953.081873 1280.355694
1902.798357 1279.378823
1997.174312 1230.167498
2048.780550 1230.799018
2040.800051 1282.059818
1989.262993 1281.058594
2085.919187 1231.253494
2138.828480 1231.900959
2130.726867 1283.806851
2077.888800 1282.780351
2176.910818 1232.366984
2231.173151 1233.031008
2222.946800 1285.598431
2168.757829 1284.545688
2270.235619 1233.509027
2325.903564 1234.190251
2317.548695 1287.436287
2261.956342 1286.356280
2365.984496 1234.680733
2423.113387 1235.379835
2414.626044 1289.322235
2357.575079 1288.213890
1897.095982 1316.151099
1947.330343 1317.391725
1939.473578 1367.984074
1889.306340 1366.383289
1983.476023 1318.284406
2034.962494 1319.555955
2026.988251 1370.776575
1975.570861 1369.135900
2072.014760 1320.471026
2124.800746 1321.774668
2116.705563 1373.639361
2063.990700 1371.957285
2162.794141 1322.712982
2216.929468 1324.049949
2208.709731 1376.575118
2154.647658 1374.850054
2255.900310 1325.012403
2311.437386 1326.383988
2303.089320 1379.586672
2247.627723 1377.816950
2351.423884 1327.371525
2408.417869 1328.779091
2399.937528 1382.676997
2343.021351 1380.860862
1883.608346 1403.127304
1933.726500 1404.991436
1925.875815 1455.544630
1875.824691 1453.320896
1969.788392 1406.332750
2021.155268 1408.243327
2013.187274 1459.423815
1961.889379 1457.144687
2058.121289 1409.618269
2110.784145 1411.577050
2102.695385 1463.400594
2050.103548 1461.063977
2148.688727 1412.986901
2202.697235 1414.995735
2194.484102 1467.478700
2140.548741 1465.082392
2241.576582 1416.441842
2296.982986 1418.502669
2288.641713 1471.662053
2233.310678 1469.203736
2336.875190 1419.986449
2393.734472 1422.101315
2385.261122 1475.954782
2328.479531 1473.432019
1870.131074 1490.036682
1920.133185 1492.523359
1912.288574 1543.037444
1862.353397 1540.191719
1956.111409 1494.312607
2007.358860 1496.861216
1999.397106 1548.001618
1948.218538 1545.085034
2044.238759 1498.695306
2096.778663 1501.308190
2088.696318 1553.090634
2036.227330 1550.100513
2134.594562 1503.188829
2188.476436 1505.868451
2180.269899 1558.309264
2126.461065 1555.242786
2227.264425 1507.797434
2282.540349 1510.546384
2274.205861 1563.662522
2219.005196 1560.516726
2322.338398 1512.525598
2379.063180 1515.346602
2370.596813 1569.155686
2313.949607 1565.927453
