2912 4368
2163.068046 3536.587157
2676.949199 3549.813262
2084.840680 3860.329197
2639.697834 3898.669530
2186.928086 3565.152787
2233.221130 3566.504090
2224.269043 3607.223282
2177.545256 3605.609579
2263.989479 3567.402224
2311.225608 3568.781056
2303.012785 3609.942861
2255.326973 3608.295932
2342.623978 3569.697581
2390.832309 3571.104792
2383.391349 3612.718901
2334.713491 3611.037710
2422.880250 3572.040277
2472.091108 3573.476752
2465.456179 3615.553180
2415.754994 3613.836647
2504.808989 3574.431793
2555.053975 3575.898454
2549.260901 3618.447551
2498.503777 3616.694549
2588.463024 3576.873671
2639.775082 3578.371480
2634.861443 3621.403943
2583.014367 3619.613297
2171.067690 3633.539475
2218.088183 3635.337354
2208.812263 3677.529521
2161.347559 3675.450637
2249.345623 3636.532515
2297.341314 3638.367681
2288.828281 3681.034105
2240.368463 3678.911637
2329.250403 3639.587759
2378.251946 3641.461385
2370.536105 3684.612786
2321.049548 3682.445349
2410.833277 3642.707167
2460.872628 3644.620475
2453.989965 3688.267943
2403.443690 3686.054090
2494.147671 3645.892781
2545.258151 3647.847045
2539.246433 3692.002049
2487.606029 3689.740276
2579.249299 3649.146732
2631.465673 3651.143280
2626.364549 3695.817694
2573.594107 3693.506428
2154.635025 3704.393667
2202.405780 3706.669856
2192.788133 3750.416395
2144.559072 3747.839057
2234.167860 3708.183260
2282.947586 3710.507525
2274.117577 3754.762601
2224.858584 3752.130223
2315.384074 3712.053064
2365.205078 3714.426943
2357.198838 3759.202422
2306.876564 3756.513225
2398.337682 3716.005651
2449.233665 3718.430751
2442.089130 3763.738919
2390.668776 3760.991040
2483.085038 3720.043707
2535.091171 3722.521703
2528.848192 3768.375281
2476.293417 3765.566780
2569.684960 3724.170034
2622.837965 3726.702677
2617.538417 3773.114844
2563.811263 3770.243691
2137.598550 3777.851362
2186.143445 3780.640228
2176.164831 3826.028644
2127.146872 3822.916794
2218.426449 3782.494861
2268.015867 3785.343734
2258.850843 3831.277872
2208.766280 3828.098310
2300.997246 3787.238488
2351.665266 3790.149326
2343.351919 3836.642328
2292.165555 3833.392819
2385.367929 3792.085517
2437.150128 3795.060363
2429.728487 3842.125847
2377.403563 3838.804058
2471.597998 3797.039366
2524.531536 3800.080356
2518.043689 3847.732438
2464.541788 3844.335930
2559.749604 3802.103606
2613.873310 3805.212970
2608.363530 3853.466291
2553.644490 3849.992515
