4368 2912
2926.444253 1516.326888
4268.167209 1590.876845
2860.072246 2332.979503
4361.333140 2433.111131
2998.560082 1586.106045
3129.711928 1593.506928
3124.636465 1697.875370
2991.567252 1690.179290
3208.156091 1597.933523
3340.049119 1605.376231
3338.063068 1710.218934
3204.230733 1702.478718
3418.937223 1609.827876
3551.577736 1617.312765
3552.716487 1722.633451
3418.114447 1714.848719
3630.913561 1621.789676
3764.307932 1629.317104
3768.607333 1735.119534
3633.228927 1727.289901
3844.095300 1633.819496
3978.249970 1641.389828
3985.746334 1747.677805
3849.584827 1739.802881
4058.492748 1645.917918
4193.414240 1653.531521
4204.144347 1760.308890
4067.192923 1752.388282
2987.156285 1755.827049
3121.434807 1763.712117
3116.110946 1873.188418
2979.821851 1864.984342
3201.754512 1768.428629
3336.810160 1776.359332
3334.726623 1886.348237
3197.636834 1878.095962
3417.595382 1781.103181
3553.434922 1789.079914
3554.629735 1899.585554
3416.732175 1891.284654
3634.689721 1793.851338
3771.319997 1801.874504
3775.831686 1912.901057
3637.119198 1904.551101
3853.048477 1806.673743
3990.476415 1814.743750
3998.344022 1926.295439
3858.809358 1917.895992
4072.682732 1819.571048
4210.915337 1827.688307
4222.178418 1939.769404
4081.814247 1931.320024
2975.192749 1933.878568
3112.750663 1942.287050
3107.159715 2057.255576
2967.491052 2048.501762
3195.037792 1947.317002
3333.411454 1955.775347
3331.223075 2071.298876
3190.713304 2062.492346
3416.187288 1960.835173
3555.383976 1969.343827
3556.639093 2085.426955
3415.280595 2076.567230
3638.652881 1974.433792
3778.679961 1982.993205
3783.420060 2099.640583
3641.205119 2090.727179
3862.446356 1988.113581
4003.311279 1996.724210
4011.578406 2113.940538
3868.499218 2104.972967
4087.579636 2001.875268
4229.289945 2010.537572
4241.126721 2128.327611
4097.175382 2119.305378
2962.627225 2120.889371
3103.628717 2129.864653
3097.750066 2250.749328
2954.529975 2241.399542
3187.982071 2135.234065
3329.840887 2144.263919
3327.539545 2265.750591
3183.434794 2256.343052
3414.707910 2149.666027
3557.431890 2158.750952
3558.751996 2280.844750
3413.754361 2271.378922
3642.817288 2164.186058
3786.414372 2173.326559
3791.400674 2296.032670
3645.501832 2286.508009
3872.322910 2178.794965
4016.801136 2187.991554
4025.499007 2311.315227
3878.690529 2301.731181
4103.237635 2193.493566
4248.605136 2202.746761
4261.060582 2326.693308
4113.333935 2317.049323
