4368 2912
3511.980775 1704.362169
4110.388668 1819.388821
3415.292521 2066.316530
4020.623697 2222.380314
3536.889981 1740.844967
3591.454091 1751.606360
3578.546503 1801.262420
3523.910794 1790.012746
3624.475252 1758.118950
3680.658723 1769.199721
3667.875630 1819.655582
3611.612672 1808.070853
3714.667202 1775.907035
3772.543209 1787.321616
3759.898007 1838.603293
3701.934003 1826.668314
3807.583958 1794.232518
3867.230153 1805.996224
3854.737299 1858.131017
3794.993922 1845.829658
3903.350895 1813.120128
3964.849750 1825.249225
3952.524860 1878.265799
3890.918900 1865.580928
4002.101194 1832.596131
4065.540389 1845.107910
4053.400341 1899.036394
3989.843317 1885.949793
3515.870438 1820.471235
3570.550092 1832.024964
3557.495813 1882.245349
3502.745095 1870.192682
3603.643896 1839.017634
3659.955683 1850.916230
3647.025141 1901.954080
3590.634328 1889.540368
3694.044716 1858.119191
3752.062816 1870.378328
3739.269541 1922.260499
3681.163820 1909.469271
3787.192657 1877.801210
3846.995818 1890.437528
3834.354422 1943.192213
3774.454354 1930.005984
3883.214872 1898.090559
3944.886763 1911.121735
3932.413034 1964.778557
3870.634203 1951.178741
3982.246482 1919.015788
4045.876084 1932.460627
4033.587096 1987.050726
3969.839704 1973.017558
3494.613943 1900.995124
3549.408267 1913.358495
3536.204782 1964.152881
3481.339963 1951.279642
3582.574230 1920.841808
3639.013576 1933.576349
3625.933021 1985.206316
3569.415139 1971.945212
3673.182756 1941.286021
3731.342334 1954.408701
3718.398371 2006.901976
3660.151577 1993.235207
3766.560946 1962.355159
3826.520619 1975.883999
3813.728015 2029.269700
3753.671742 2015.178363
3862.837765 1984.078322
3924.682416 1998.032473
3912.057136 2052.341209
3850.105738 2037.805208
3962.150307 2006.486441
4025.970244 2020.886282
4013.529560 2076.150249
3949.591897 2061.148199
3473.116469 1982.431899
3528.024534 1995.622657
3514.669271 2047.000940
3459.691309 2033.289107
3561.262136 2003.607444
3617.828240 2017.196519
3604.595044 2069.428968
3547.950931 2055.301586
3652.077125 2025.424249
3710.377516 2039.429959
3697.280187 2092.545198
3638.893018 2077.983088
3745.684550 2047.911893
3805.800228 2062.353695
3792.853688 2116.381802
3732.641747 2101.364583
3842.215218 2071.101797
3904.232308 2086.000382
3891.452696 2140.972985
3829.329084 2125.478984
3941.808236 2095.027379
4005.818394 2110.404766
3993.223187 2166.355156
3929.095397 2150.361301
