4368 2912
3399.998563 2134.086703
3839.027377 2183.573226
3353.419573 2415.787395
3807.886782 2486.391758
3424.083386 2164.030673
3460.942176 2168.318368
3455.666059 2202.252242
3418.660582 2197.759036
3489.487202 2171.638942
3527.065449 2176.010330
3522.057301 2210.313467
3484.326006 2205.732133
3556.170385 2179.396037
3594.489363 2183.853592
3589.760829 2218.534031
3551.282148 2213.861949
3624.170844 2187.306368
3663.252672 2191.852664
3658.815937 2226.918704
3619.567443 2222.153151
3693.528002 2195.374520
3733.395688 2200.012232
3729.263508 2235.472449
3689.221865 2230.610592
3764.282869 2203.605264
3804.960357 2208.337179
3801.146086 2244.200433
3760.287007 2239.239323
3414.347066 2224.587943
3451.469026 2229.245880
3446.101611 2263.766950
3408.830943 2258.896729
3480.220242 2232.853483
3518.073099 2237.603131
3512.977432 2272.505726
3474.969356 2267.539146
3547.393197 2241.282117
3585.998750 2246.126210
3581.186759 2281.418752
3542.419169 2276.352927
3615.904784 2249.878716
3655.285711 2254.820100
3650.769878 2290.511295
3611.219781 2285.343217
3685.795420 2258.648354
3725.975316 2263.689990
3721.768716 2299.788833
3681.412177 2294.515376
3757.107168 2267.596308
3798.110595 2272.741278
3794.226922 2309.257067
3753.039023 2303.874976
3404.442876 2286.189322
3441.831637 2291.229717
3436.370532 2326.353358
3398.831004 2321.093644
3470.791930 2295.133868
3508.923298 2300.274374
3503.737798 2335.792277
3465.448994 2330.427580
3538.461664 2304.256455
3577.357985 2309.500085
3572.460307 2345.421082
3533.399566 2339.948228
3607.491906 2313.562452
3647.176433 2318.912341
3642.579369 2355.245559
3602.723110 2349.661244
3677.924102 2323.057448
3718.421038 2328.516858
3714.137990 2365.271735
3673.461661 2359.572519
3749.801399 2332.747259
3791.135950 2338.319589
3787.180964 2375.505886
3745.658991 2369.688186
3394.366436 2348.862048
3432.025698 2354.297592
3426.468430 2390.039719
3388.656300 2384.377547
3461.198014 2358.508175
3499.611877 2364.052635
3494.334148 2400.202262
3455.760586 2394.426069
3529.371677 2368.348012
3568.563051 2374.004694
3563.577375 2410.571081
3524.219149 2404.677388
3598.928261 2378.387452
3638.920991 2384.159798
3634.240484 2421.152519
3594.073405 2415.137705
3669.910276 2388.632632
3710.729196 2394.524226
3706.367598 2431.953185
3665.366473 2425.813476
3742.361995 2399.089941
3784.032973 2405.104516
3780.004692 2442.979961
3738.143270 2436.711428
