4368 2912
456.203684 757.963555
1568.047573 705.392255
498.785465 1502.051146
1624.894096 1425.063290
533.583988 823.075132
637.550556 817.974565
643.209819 910.916029
539.071001 916.300900
711.075250 814.367467
814.000502 809.317987
819.949552 901.777067
716.855655 907.107907
886.790621 805.746926
988.690124 800.747769
994.922907 892.729442
892.858282 898.007060
1060.756624 797.212208
1161.645636 792.262626
1168.156233 883.771792
1067.105541 888.996981
1232.999253 788.762040
1332.892729 783.861297
1339.675358 874.902780
1239.623565 880.076317
1403.543989 780.395169
1502.456594 775.542547
1509.505599 866.121099
1410.437967 871.243745
543.098861 984.735271
647.364084 979.141067
653.059010 1072.668211
548.620554 1078.550255
721.098817 975.184934
824.316471 969.646936
830.302821 1062.685720
726.915571 1068.508560
897.312236 965.730450
999.498029 960.247816
1005.769695 1052.803306
903.417860 1058.567830
1071.765881 956.370385
1172.935210 950.942287
1179.486220 1043.019474
1078.154322 1048.726554
1244.485981 947.103331
1344.653936 941.728961
1351.478457 1033.332754
1251.151327 1038.983246
1415.498248 937.927909
1514.679624 932.606472
1521.771952 1023.741709
1422.434718 1029.336450
552.673909 1147.417837
657.239493 1141.323854
662.970420 1235.442231
558.230611 1241.827642
731.185458 1137.014353
834.697163 1130.981788
840.721164 1224.605744
737.038905 1230.926682
907.899726 1126.715612
1010.373403 1120.743542
1016.684316 1213.878236
914.043670 1220.135673
1082.843720 1116.520041
1184.294907 1110.607561
1190.886708 1203.258073
1089.272056 1209.452959
1256.043908 1106.426096
1356.487833 1100.572319
1363.354636 1192.743649
1262.750671 1198.876921
1427.526236 1096.432268
1526.977825 1090.636323
1534.113876 1182.333396
1434.505594 1188.405966
562.309709 1311.132562
667.177373 1304.532569
672.944642 1399.247804
567.901754 1406.142863
741.335769 1299.865306
845.143187 1293.332040
851.205197 1387.546706
747.226258 1394.371927
918.553710 1288.711846
1021.316879 1282.244301
1027.667409 1375.963653
924.736337 1382.720092
1093.990784 1277.670467
1195.725382 1271.267657
1202.358356 1364.496865
1100.459390 1371.185556
1267.673701 1266.739489
1368.395096 1260.400446
1375.304575 1353.144604
1274.422267 1359.766560
1439.628640 1255.917264
1539.351892 1249.641041
1546.532071 1341.905159
1446.651284 1348.461376
