4368 2912
3574.670540 1569.719224
4153.428432 1924.363157
3279.542539 2005.283724
3732.621831 2459.265314
3578.013734 1633.085902
3618.408549 1658.942085
3578.790027 1716.188619
3539.520247 1689.321091
3650.592708 1679.542736
3694.215723 1707.465247
3652.452562 1766.586923
3610.068985 1737.589002
3729.024200 1729.745689
3776.278459 1759.992510
3732.144697 1821.110548
3686.261720 1789.718413
3814.045839 1784.166907
3865.404390 1817.040831
3818.638349 1880.287623
3768.803965 1846.192022
3906.524651 1843.361363
3962.546424 1879.220152
3912.843072 1944.740444
3858.523934 1907.576473
4007.486728 1907.985841
4068.836953 1947.255303
4015.838156 2015.207440
3956.400427 1974.541439
3509.554247 1733.098463
3547.956848 1760.740829
3509.377205 1816.486242
3472.049314 1787.889471
3578.538357 1782.753538
3619.967365 1812.574326
3579.341660 1870.085773
3539.094700 1839.252714
3653.007221 1836.356563
3697.835029 1868.623824
3654.951630 1928.010315
3611.429293 1894.668001
3733.642035 1894.397868
3782.304742 1929.425506
3736.919157 1990.805359
3689.704690 1954.634517
3821.241675 1957.452487
3874.253310 1995.610502
3826.081283 2059.112162
3774.684108 2019.736961
3916.749252 2026.199274
3974.719996 2067.926878
3923.428730 2133.689711
3867.267341 2090.664662
3442.847959 1830.549771
3479.347264 1859.877816
3441.766167 1914.180385
3406.293982 1883.951526
3508.398883 1883.221468
3547.735237 1914.829147
3508.201142 1970.795265
3469.992681 1938.234593
3579.089627 1940.023133
3621.607154 1974.186957
3579.921722 2031.914459
3538.647705 1996.741366
3655.549377 2001.460326
3701.650192 2038.503409
3657.584830 2098.097783
3612.860940 2059.984761
3738.514376 2068.124641
3788.671348 2108.426939
3741.960951 2170.001837
3693.335840 2128.564253
3828.851721 2140.712806
3883.624734 2184.724201
3833.959790 2248.401855
3780.899790 2203.184926
3377.828375 1925.536971
3412.508483 1956.456093
3375.887660 2009.371122
3342.189640 1977.601648
3440.098952 1981.054433
3477.438311 2014.344415
3438.952413 2068.826661
3402.689806 2034.639372
3507.185635 2040.865704
3547.502275 2076.810088
3506.965305 2132.947157
3467.833788 2096.055148
3579.669627 2105.488957
3623.334391 2144.418368
3580.532470 2202.304053
3538.177596 2162.373161
3658.229571 2175.529239
3705.677554 2217.831586
3660.363259 2277.566104
3614.369691 2234.204760
3743.662860 2251.697465
3795.407946 2297.830903
3747.293180 2359.521003
3697.171029 2312.267355
