4368 2912
3939.697032 2011.124201
4138.542279 2025.408331
3940.294033 2130.959244
4145.228933 2141.689041
3951.255159 2021.897718
3971.784270 2023.340711
3972.012600 2039.407348
3951.397731 2038.011852
3983.340441 2024.152995
4003.658058 2025.581122
4004.018398 2041.573937
3983.616793 2040.192878
4015.095482 2026.385059
4035.204857 2027.798549
4035.694487 2043.718207
4015.502853 2042.351362
4046.525354 2028.594268
4066.429672 2029.993344
4067.045936 2045.840502
4047.061049 2044.487651
4077.635028 2030.780969
4097.337410 2032.165851
4098.077711 2047.941156
4078.296411 2046.602087
4108.429371 2032.945506
4127.932873 2034.316409
4128.794676 2050.020499
4109.213868 2048.695003
3951.485445 2047.925588
3972.153070 2049.291640
3972.384516 2065.577493
3951.629969 2064.260325
3983.786804 2050.060586
4004.240073 2051.412470
4004.605304 2067.622355
3984.066919 2066.318906
4015.753459 2052.173461
4035.995689 2053.511396
4036.491931 2069.646009
4016.166349 2068.356066
4047.390585 2054.264555
4067.425026 2055.588756
4068.049568 2071.648785
4047.933499 2070.372138
4078.703251 2056.334204
4098.533086 2057.644882
4099.283281 2073.631003
4079.373502 2072.367447
4109.696423 2058.382736
4129.324771 2059.680096
4130.198031 2075.592978
4110.491385 2074.342314
3951.718887 2074.310247
3972.526909 2075.597110
3972.761535 2092.106696
3951.865403 2090.870149
3984.239254 2076.321454
4004.829998 2077.594880
4005.200220 2094.026284
3984.523210 2092.802704
4016.420361 2078.311680
4036.797214 2079.571878
4037.300201 2095.925829
4016.838883 2094.715012
4048.267491 2080.281252
4068.433767 2081.528426
4069.066755 2097.805644
4048.817772 2096.607392
4079.785814 2082.230488
4099.744762 2083.464841
4100.505049 2099.666033
4080.465112 2098.480152
4110.980398 2084.159703
4130.735197 2085.381430
4131.620145 2101.507296
4111.786035 2100.333595
3951.955551 2101.059081
3972.905891 2102.264435
3973.143762 2119.002397
3952.104101 2117.848835
3984.697916 2102.942876
4005.427996 2104.135557
4005.803312 2120.793053
3984.985792 2119.651671
4017.096372 2104.806884
4037.609649 2105.987092
4038.119521 2122.564885
4017.520642 2121.435491
4049.156311 2106.651417
4069.456167 2107.819346
4070.097774 2124.318188
4049.714109 2123.200593
4080.883010 2108.476776
4100.972759 2109.632617
4101.743345 2126.053250
4081.571539 2124.947271
4112.281637 2110.283261
4132.164526 2111.427200
4133.061398 2127.770355
4113.098166 2126.675812
