4368 2912
542.025885 1128.441272
782.873152 1093.979801
577.616724 1279.298997
819.116128 1233.785208
559.296686 1139.037531
584.866824 1135.286792
589.740255 1155.584693
564.157912 1159.492529
599.170291 1133.188697
624.161852 1129.522827
629.052660 1149.579518
604.050240 1153.398768
638.143497 1127.471938
662.575899 1123.888088
667.482081 1143.709223
643.040085 1147.442866
676.246462 1121.882830
700.138263 1118.378277
705.057936 1137.969315
681.157730 1141.620196
713.508012 1116.417144
736.876957 1112.989286
741.808352 1132.355497
718.432119 1135.926339
749.955713 1111.070837
772.818781 1107.717183
777.760231 1126.863660
754.890928 1130.357065
567.137451 1172.029786
592.727206 1168.025385
597.630140 1188.446166
572.028325 1192.609535
607.041149 1165.785474
632.050159 1161.871950
636.970237 1182.048678
611.950518 1186.117386
646.041090 1159.682586
670.488902 1155.856881
675.424116 1175.795306
650.966863 1179.772546
684.167634 1153.716371
708.072927 1149.975561
713.021388 1169.681236
689.107846 1173.570057
721.449793 1147.882289
744.830429 1144.223580
749.790362 1163.701863
726.402598 1167.505183
757.915313 1142.175998
780.788376 1138.596717
785.758110 1157.852786
762.878974 1161.573393
575.026062 1205.223371
600.635201 1200.962287
605.567906 1221.507068
579.946856 1225.929014
614.959486 1198.578881
639.985703 1194.414789
644.935316 1214.712634
619.898542 1219.033739
653.985782 1192.085327
678.448756 1188.014953
683.413260 1208.071712
658.941002 1212.295387
692.135514 1185.737624
716.054047 1181.757839
721.031549 1201.579159
697.104927 1205.708663
729.437885 1179.530913
752.829953 1175.638726
757.818672 1195.230057
734.419639 1199.268504
765.920817 1173.460548
788.803613 1169.653098
793.801875 1189.019704
770.913172 1192.970073
582.962960 1238.620132
608.591243 1234.099305
613.553992 1254.769219
587.913948 1259.452830
622.925732 1231.570702
647.968910 1227.153088
652.948323 1247.573144
627.894745 1252.149626
661.977996 1224.681886
686.455879 1220.363990
691.449934 1240.540140
666.962928 1245.013127
700.150517 1217.948257
724.082032 1213.726740
729.088830 1233.664726
705.149391 1238.037690
737.472693 1211.364628
760.875930 1207.236299
765.893686 1226.941664
742.483651 1231.217924
773.972624 1204.926044
796.864885 1200.887851
801.891921 1220.365946
778.993921 1224.548673
