4368 2912
3335.017664 2223.488821
3962.640392 2354.681847
3250.345313 2625.135903
3912.935888 2798.957049
3364.774730 2266.049844
3420.752980 2277.988568
3410.729744 2329.467328
3354.385670 2317.074984
3458.015834 2285.935778
3515.311713 2298.155518
3505.920386 2350.403609
3448.239522 2337.717249
3553.456855 2306.290898
3612.117439 2318.801695
3603.391207 2371.841392
3544.325406 2358.850428
3651.176579 2327.132007
3711.251214 2339.944385
3703.225127 2393.798916
3642.723905 2380.492246
3751.257600 2348.476720
3812.798037 2361.601715
3805.509137 2416.295314
3743.519526 2402.661287
3853.786551 2370.343513
3916.847103 2383.792710
3910.334553 2439.350671
3846.800944 2425.377056
3347.245706 2352.142417
3403.840560 2364.849772
3393.549164 2417.705788
3336.580676 2404.522961
3441.519643 2373.309930
3499.464525 2386.320409
3489.818922 2439.983150
3431.480537 2426.483321
3538.047799 2394.983588
3597.391596 2408.308168
3588.426218 2462.801430
3528.667924 2448.973026
3636.912002 2417.181763
3697.705992 2430.831958
3689.457237 2486.180574
3628.226555 2472.011451
3738.198093 2439.923729
3800.496091 2453.911623
3793.002451 2510.141517
3730.244286 2495.618926
3841.996169 2463.229717
3905.854686 2477.567996
3899.156893 2534.706250
3834.813366 2519.816796
3329.249783 2440.528126
3386.474430 2454.041214
3375.903965 2508.330506
3318.297639 2494.318808
3424.578803 2463.039221
3483.187075 2476.879040
3473.276727 2532.014672
3414.266163 2517.661417
3522.218362 2486.095929
3582.261054 2500.274473
3573.046565 2556.281884
3512.579785 2541.574431
3622.253495 2509.718330
3683.783917 2524.248189
3675.303100 2581.153939
3613.325526 2566.079013
3724.773456 2533.927502
3787.847599 2548.821896
3780.140472 2606.653736
3716.594768 2591.197391
3829.871995 2558.745580
3894.548690 2574.018403
3887.657636 2632.805345
3822.483526 2616.952920
3310.768056 2531.299827
3368.636081 2545.657940
3357.775042 2601.439607
3299.517048 2586.558365
3407.175091 2555.220172
3466.461598 2569.930238
3456.275453 2626.600245
3396.577583 2611.351206
3505.951107 2579.728307
3566.708898 2594.803424
3557.234769 2652.388979
3496.042974 2636.758336
3607.184511 2604.846163
3669.469042 2620.300093
3660.746227 2678.829623
3598.003719 2662.802873
3710.968159 2630.596782
3774.837709 2646.443983
3766.907839 2705.947216
3702.554916 2689.509105
3817.399650 2657.004378
3882.915501 2673.260057
3875.822700 2733.768089
3809.796554 2716.902576
