4368 2912
3328.644810 1485.745575
4154.779912 1454.364377
3281.847914 2002.057518
4123.801656 1986.493816
3376.830616 1531.243517
3450.424255 1528.567604
3444.881965 1593.480294
3371.116343 1595.982310
3502.982024 1526.656568
3577.280879 1523.955013
3572.037503 1589.167372
3497.563199 1591.693427
3630.343496 1522.025622
3705.357753 1519.298055
3700.419319 1584.812857
3625.226074 1587.363297
3758.932527 1517.350040
3834.672569 1514.596082
3830.045240 1580.416144
3754.122591 1582.991324
3888.766951 1512.629175
3965.243362 1509.848442
3960.933438 1575.976616
3884.270721 1578.576899
4019.864949 1507.862366
4097.088521 1505.054466
4093.102439 1571.493646
4015.688780 1574.119399
3366.916363 1643.565185
3440.808343 1641.191568
3435.216770 1706.681491
3361.151417 1708.878055
3493.580291 1639.496385
3568.183503 1637.099921
3562.893275 1702.894977
3488.113183 1705.112737
3621.464621 1635.388383
3696.789382 1632.968742
3691.806607 1699.071781
3616.301380 1701.311047
3750.587073 1631.240610
3826.643902 1628.797451
3821.974824 1695.211370
3745.733864 1697.472455
3880.965718 1627.052482
3957.765341 1624.585465
3953.416339 1691.313196
3876.428838 1693.596422
4012.618976 1622.823412
4090.172326 1620.332181
4086.149927 1687.376703
4008.404867 1689.682396
3356.914112 1756.883811
3431.106844 1754.817982
3425.465324 1820.892872
3351.097817 1822.778426
3484.094707 1753.342582
3559.004762 1751.256780
3553.667052 1817.642376
3478.578669 1819.546208
3612.506173 1749.767081
3688.144004 1747.661015
3683.116289 1814.360250
3607.296497 1816.282626
3742.166465 1746.156808
3818.542730 1744.030180
3813.831333 1811.046029
3737.269394 1812.987223
3873.093888 1742.511253
3950.219453 1740.363761
3945.830842 1807.699242
3868.515805 1809.659530
4005.307109 1738.829895
4083.193056 1736.661232
4079.133841 1804.319405
4001.054540 1806.299071
3346.822685 1871.212727
3421.318605 1869.460288
3415.626469 1936.128020
3340.954352 1937.696896
3474.524147 1868.208683
3549.743559 1866.439225
3544.357725 1933.423349
3468.958517 1935.007502
3603.467082 1865.175435
3679.420577 1863.388708
3674.347311 1930.692240
3598.210340 1932.291894
3733.669683 1862.112554
3810.368061 1860.308305
3805.613770 1927.934304
3728.728154 1929.549687
3865.150499 1859.019606
3942.604772 1857.197574
3938.176007 1925.149144
3860.530649 1926.780489
3997.928446 1855.896142
4076.149843 1854.056065
4072.053303 1922.336354
3993.636887 1923.983900
