4368 2912
1047.216774 2479.215601
1673.425788 1870.721350
1614.005793 2800.980944
2186.218280 2049.548860
1134.052029 2464.287641
1206.863464 2391.875776
1276.783237 2428.213313
1204.398550 2502.828545
1248.663772 2350.304858
1316.181783 2283.157367
1385.344675 2316.306538
1318.310590 2385.406288
1354.997675 2244.554487
1417.779234 2182.117458
1486.113882 2212.432114
1423.858315 2276.606095
1453.919284 2146.175735
1512.445871 2087.970326
1579.900747 2115.755193
1521.930357 2175.511948
1546.177536 2054.423772
1600.867518 2000.033915
1667.406684 2025.552747
1613.293781 2081.333148
1632.423759 1968.650847
1683.642397 1917.713283
1749.242203 1941.195454
1698.614174 1993.383594
1249.006749 2527.268136
1321.089853 2451.239607
1395.110804 2489.708538
1323.585530 2568.127778
1362.426549 2407.640373
1429.125753 2337.290427
1502.189382 2372.309186
1436.098377 2444.770376
1467.431852 2296.887667
1529.328591 2231.603048
1601.374506 2263.564099
1540.121159 2330.721353
1564.925561 2194.057700
1622.520458 2133.310381
1693.507967 2162.550351
1636.579910 2224.965421
1655.685857 2098.329693
1709.412297 2041.662570
1779.315967 2068.471743
1726.270716 2126.629763
1740.387024 2008.992459
1790.622067 1956.007830
1859.428302 1980.637778
1809.881735 2034.959892
1370.918324 2594.060100
1442.054781 2514.105478
1520.548626 2554.898987
1450.123129 2637.454211
1482.801115 2468.308176
1548.474871 2394.493419
1625.778794 2431.544514
1560.857237 2507.647826
1586.151430 2352.146426
1646.968412 2283.790494
1723.036362 2317.535802
1662.997834 2387.915058
1681.909478 2244.518088
1738.389203 2181.037067
1813.194306 2211.849515
1757.507899 2277.127063
1770.882230 2144.516163
1823.472672 2085.406544
1897.002642 2113.606461
1845.211715 2174.317591
1853.766204 2051.357788
1902.855703 1996.183093
1975.109334 2022.047073
1926.818969 2078.654724
1500.437982 2665.020321
1570.372656 2580.792699
1653.757436 2624.128043
1584.712984 2711.192252
1610.381130 2532.607466
1674.789898 2455.035109
1756.714263 2494.300743
1693.224900 2574.360053
1711.698622 2410.583141
1771.211495 2338.907283
1851.647936 2374.590543
1793.069220 2448.457586
1805.367238 2297.770934
1860.521966 2231.343922
1939.461116 2263.859196
1885.244572 2332.225596
1892.221642 2193.165602
1943.480007 2131.431273
2020.925956 2161.133030
1970.601847 2224.591115
1972.979314 2095.903024
2020.740092 2038.381105
2096.706855 2065.574241
2049.870553 2124.634246
