4368 2912
3352.894407 1520.142688
4130.838711 2005.102580
2972.389718 2031.180643
3575.805997 2655.090773
3357.714478 1582.401934
3419.878651 1622.666203
3359.652025 1701.942012
3299.536981 1659.844791
3454.131125 1644.851824
3521.821989 1688.695777
3458.184066 1770.941799
3392.765373 1725.130551
3559.188398 1712.898322
3633.177183 1760.821491
3565.740792 1846.261370
3494.284263 1796.221959
3674.102313 1787.329050
3755.310729 1839.928437
3683.621583 1928.810651
3605.250978 1873.929470
3800.328294 1869.086700
3889.867111 1927.081760
3813.387841 2019.683062
3727.048773 1959.221743
3939.623139 1959.309166
4038.843275 2023.574900
3956.932548 2120.204212
3861.344787 2053.266240
3268.055449 1701.751368
3327.071478 1744.827516
3268.182550 1822.342521
3211.136057 1777.519502
3359.574115 1768.551383
3423.775143 1815.412092
3361.611739 1895.752436
3299.591157 1847.021139
3459.197058 1841.266757
3529.297721 1892.433645
3463.494395 1975.804479
3395.819575 1922.630487
3568.050640 1920.719629
3644.903211 1976.814774
3575.032188 2063.442829
3500.893067 2005.189655
3687.480090 2007.891890
3772.109289 2069.663242
3697.665871 2159.799529
3616.089904 2095.703019
3819.105379 2103.965966
3912.754304 2172.320870
3833.137857 2266.243642
3742.947138 2195.378282
3180.331655 1818.524719
3236.321652 1864.280759
3178.726346 1940.092981
3124.629992 1892.671874
3267.143621 1889.469031
3327.995486 1939.198278
3267.255940 2017.698421
3208.497237 1966.190279
3361.552845 1966.621961
3427.928523 2020.865368
3363.699653 2102.241415
3299.648776 2046.094128
3464.602263 2050.835813
3537.289564 2110.237193
3469.168366 2194.695765
3399.076710 2133.253103
3577.534857 2143.126376
3657.478861 2208.458067
3584.991073 2296.226472
3507.961868 2228.702324
3701.844044 2244.714098
3790.188401 2316.910708
3712.771173 2408.239084
3627.720932 2333.683659
3094.481107 1932.804500
3147.561511 1981.114995
3091.217665 2055.279931
3039.958510 2005.382145
3176.768704 2007.697571
3234.405278 2060.154807
3175.041224 2136.877258
3119.414715 2082.728108
3266.174076 2089.068799
3328.979685 2146.230570
3266.269431 2225.682577
3205.692631 2166.714608
3363.662486 2177.796707
3432.365063 2240.325532
3365.928771 2322.695111
3299.710179 2258.235188
3470.382001 2274.926193
3545.852875 2343.615104
3475.244654 2429.107724
3402.557698 2358.351227
3587.708908 2381.709871
3670.999943 2457.516208
3595.692053 2546.356216
3515.540427 2468.333299
