4368 2912
2888.972705 2465.695465
3360.157100 2015.104528
3212.661284 2759.444833
3727.267745 2217.366982
2951.456271 2460.023603
2995.773175 2417.291802
3032.450122 2447.936439
2987.609269 2491.639905
3029.352833 2384.913202
3072.605530 2343.207544
3110.164959 2372.192834
3066.419508 2414.828684
3105.383636 2311.601827
3147.610003 2270.885788
3185.999262 2298.282063
3143.309559 2339.888944
3179.614919 2240.025608
3220.851057 2200.264380
3260.020474 2226.138395
3218.348755 2266.753113
3252.109820 2170.123663
3292.390160 2131.284048
3332.292847 2155.699206
3291.603132 2195.356829
3322.928562 2101.837926
3362.285952 2063.888250
3402.877637 2086.904795
3363.135616 2125.638762
3017.037126 2517.374978
3062.297865 2472.875081
3101.368405 2505.519634
3055.566859 2551.069769
3096.579363 2439.169863
3140.719160 2395.772064
3180.698585 2426.624909
3136.051608 2471.026813
3174.156860 2362.896458
3217.216850 2320.560316
3258.048494 2349.699585
3214.512971 2392.996135
3249.841528 2288.484065
3291.860853 2247.171094
3333.491366 2274.670829
3291.026306 2316.902792
3323.701804 2215.865395
3364.717741 2175.538945
3407.096869 2201.469357
3365.663269 2242.675521
3395.802870 2144.976362
3435.850934 2105.601515
3478.931318 2130.029217
3438.492049 2170.246509
3086.961593 2578.524902
3133.196297 2532.112748
3174.902634 2566.959585
3128.110386 2614.510097
3168.201002 2496.973696
3213.253590 2451.748196
3255.894666 2484.655085
3210.320833 2530.967438
3247.368994 2417.501858
3291.284229 2373.418076
3334.798984 2404.472132
3290.396587 2449.594064
3324.543794 2340.030861
3367.364207 2297.046102
3411.695281 2326.329738
3368.419729 2370.306565
3399.799740 2264.486081
3441.565768 2222.559755
3486.659246 2250.150988
3444.468181 2293.025756
3473.207519 2190.796564
3513.957632 2149.890051
3559.762814 2175.862785
3518.615975 2217.676405
3161.675988 2643.863685
3208.914470 2595.377446
3253.532621 2632.657187
3205.720262 2682.381018
3244.663332 2558.684314
3290.653643 2511.479216
3336.231305 2546.652323
3289.706351 2595.037281
3325.464126 2475.749250
3370.255089 2429.775179
3416.726390 2462.939155
3371.437534 2510.038597
3404.163661 2394.970947
3447.801590 2350.180368
3495.104792 2381.427293
3451.003418 2427.291778
3480.842852 2316.266353
3523.371702 2272.614147
3571.448918 2302.031033
3528.488928 2346.708504
3555.578512 2239.556627
3597.040034 2196.999941
3645.836952 2224.669068
3603.974602 2268.205017
