4368 2912
941.704783 2276.765760
1244.093153 2272.454109
923.467320 2481.412770
1239.082072 2464.604422
961.202279 2296.194176
989.115269 2295.699936
987.262437 2319.294608
959.200789 2319.920167
1010.421122 2295.322685
1037.805975 2294.837796
1036.208855 2318.203480
1008.680747 2318.817145
1058.710603 2294.467649
1085.582167 2293.991849
1084.231503 2317.132945
1057.221863 2317.735052
1106.096797 2293.628608
1132.469370 2293.161643
1131.356288 2316.082426
1104.850605 2316.673298
1152.604814 2292.805116
1178.492167 2292.346743
1177.608158 2315.051365
1151.592458 2315.631315
1198.258843 2291.996745
1223.674244 2291.546729
1223.011144 2314.039229
1197.471965 2314.608556
957.541090 2339.594515
985.726086 2338.859102
983.839559 2362.882859
955.503001 2363.754360
1007.237698 2338.297814
1034.884650 2337.576441
1033.258764 2361.362952
1005.465806 2362.217735
1055.987563 2337.025817
1083.111733 2336.318084
1081.736974 2359.871986
1054.472122 2360.710527
1103.817486 2335.777823
1130.433563 2335.083348
1129.300812 2358.409142
1102.549155 2359.231900
1150.753262 2334.553159
1176.875390 2333.871572
1175.975906 2356.973632
1149.723090 2357.781047
1196.819732 2333.351178
1222.461535 2332.682124
1221.786935 2355.564696
1196.019136 2356.357195
953.812814 2383.790126
982.275140 2382.804770
980.353991 2407.269422
951.737113 2408.395837
1003.996505 2382.052784
1031.910602 2381.086407
1030.255167 2405.305217
1002.192233 2406.409828
1053.215585 2380.348835
1080.597140 2379.400895
1079.197637 2403.378749
1051.672718 2404.462182
1101.497601 2378.677328
1128.361710 2377.747302
1127.208766 2401.488940
1100.206536 2402.551799
1148.869061 2377.037344
1175.230255 2376.124728
1174.314888 2399.634753
1147.820599 2400.677619
1195.355482 2375.428000
1221.227753 2374.532310
1220.541352 2397.815192
1194.540806 2398.838623
950.015588 2428.803072
978.760729 2427.558635
976.803995 2452.476433
947.901224 2453.867105
1000.695959 2426.609013
1028.882391 2425.388764
1027.196594 2450.051767
998.858411 2451.415273
1050.393338 2424.457511
1078.037194 2423.260751
1076.612272 2447.674106
1048.822293 2449.011235
1099.136049 2422.347337
1126.252847 2421.173395
1125.079163 2445.342096
1097.821634 2446.653607
1146.951340 2420.277314
1173.556010 2419.125543
1172.624334 2443.054436
1145.884097 2444.341056
1193.865429 2418.246306
1219.972344 2417.116083
1219.273829 2440.809871
1193.036298 2442.072304
