4368 2912
206.130031 1217.680696
878.345297 1104.089158
413.399658 1697.468418
1072.988289 1491.621365
271.483531 1252.568890
345.050336 1239.283036
370.802400 1297.145870
297.337693 1311.671547
391.882639 1230.825319
460.843861 1218.371213
486.402187 1274.289112
417.561211 1287.900569
504.789588 1210.434800
569.564572 1198.736711
594.904237 1252.835740
530.263816 1265.616651
610.882606 1191.274849
671.841289 1180.265968
696.942773 1232.660355
636.129840 1244.684482
710.760456 1173.237330
768.230437 1162.858494
793.078640 1213.652065
735.763037 1224.984689
804.953743 1156.226420
859.226169 1146.425049
883.809624 1195.712445
829.698098 1206.411549
315.756792 1353.777635
389.145273 1338.360847
415.390165 1397.331028
342.115813 1414.034399
435.849524 1328.549640
504.601619 1314.106822
530.633402 1371.060575
462.013151 1386.703012
548.401305 1304.905780
612.942901 1291.347465
638.737406 1346.417556
574.341510 1361.097024
654.100787 1282.701388
714.807163 1269.948741
740.345650 1323.255288
679.795690 1337.058050
753.555252 1261.808893
810.758376 1249.792178
836.026535 1301.444202
778.987978 1314.446516
847.302276 1242.115366
901.296881 1230.772668
926.284022 1280.869414
872.460039 1293.138945
360.896348 1456.966730
434.085761 1439.338543
460.837765 1499.448166
387.775161 1518.411739
480.648559 1428.123563
549.171539 1411.619319
575.690057 1469.637979
507.311116 1487.385897
592.812295 1401.108134
657.101318 1385.623669
683.363020 1441.691205
619.231383 1458.336724
698.086706 1375.752048
758.522409 1361.195682
784.509413 1415.438417
724.241291 1431.081152
797.087612 1351.906980
854.006339 1338.197702
879.705189 1390.730126
822.961680 1405.458040
890.359565 1329.441771
944.059621 1316.507732
969.460472 1367.433929
915.941182 1381.324988
406.927875 1562.194874
479.896355 1542.271300
507.170313 1603.553711
434.342008 1624.863625
526.303595 1529.600101
594.576442 1510.958640
621.595476 1570.072355
553.479489 1590.003422
638.044737 1499.089901
702.061055 1481.610657
728.802764 1538.702985
664.956090 1557.384830
742.861002 1470.470494
803.006805 1454.048070
829.454244 1509.251875
769.487717 1526.798371
841.376771 1443.571397
897.992767 1428.112763
924.133416 1481.548292
867.703770 1498.059879
934.143551 1418.242024
987.531604 1403.664760
1013.356527 1455.441178
960.159826 1471.006790
