4368 2912
3256.436938 1468.541291
3773.494895 1488.322949
3282.642840 1779.588595
3828.221397 1797.295684
3289.020420 1495.337383
3340.441908 1497.281176
3344.557879 1538.345254
3292.763628 1536.426741
3371.064807 1498.438759
3422.329861 1500.376639
3427.037956 1541.400401
3375.402423 1539.487768
3452.859672 1501.530702
3503.969006 1503.462696
3509.265595 1544.446199
3457.788053 1542.539417
3534.406150 1504.613257
3585.360473 1506.539391
3591.241955 1547.482688
3539.921678 1545.581731
3615.705372 1507.686465
3666.505386 1509.606767
3672.968184 1550.509912
3621.804454 1548.614754
3696.758461 1510.750369
3747.404868 1512.664864
3754.445425 1553.527914
3703.437527 1551.638529
3295.096974 1562.039970
3347.123557 1563.942434
3351.338285 1605.991772
3298.930082 1604.116158
3378.106247 1565.075382
3429.972680 1566.971989
3434.793561 1608.978515
3382.547877 1607.108718
3460.860070 1568.101452
3512.567091 1569.992230
3517.990368 1611.956008
3465.906448 1610.091999
3543.359621 1571.118225
3594.907963 1573.003200
3600.929904 1614.924292
3549.006997 1613.066047
3625.606068 1574.125742
3676.996460 1576.004941
3683.613361 1617.883413
3631.850722 1616.030903
3707.600575 1577.124046
3758.833743 1578.997497
3766.041922 1620.833412
3714.438810 1618.986611
3301.319805 1630.348243
3353.965893 1632.206812
3358.282973 1675.277302
3305.246090 1673.447244
3385.316926 1633.313600
3437.799013 1635.166380
3442.736783 1678.191411
3389.866356 1676.367097
3469.052457 1636.269722
3521.371305 1638.116739
3526.925871 1681.096388
3474.221119 1679.277791
3552.527616 1639.216653
3604.683987 1641.057933
3610.851482 1683.992273
3558.311627 1682.179365
3635.743616 1642.154434
3687.738266 1643.990005
3694.514848 1686.879108
3642.139117 1685.071865
3718.701663 1645.083109
3770.535341 1646.912997
3777.917199 1689.756938
3725.704824 1687.955330
3307.694258 1700.320886
3360.974781 1702.132846
3365.397987 1746.262140
3311.717160 1744.480452
3392.703021 1703.211858
3445.815549 1705.018104
3450.874512 1749.099139
3397.364224 1747.323112
3477.443828 1706.093717
3530.389153 1707.894277
3536.079833 1751.927138
3482.739273 1750.156744
3561.917942 1708.966506
3614.696853 1710.761407
3621.015242 1754.746178
3567.843604 1752.981390
3646.126620 1711.830268
3698.739901 1713.619537
3705.682017 1757.556301
3652.678500 1755.797093
3730.071112 1714.685045
3782.519541 1716.468708
3790.081431 1760.357551
3737.245240 1758.603897
