4368 2912
197.565001 1383.172477
1267.820320 1299.899429
361.578639 2260.310636
1440.071902 2018.769726
286.545514 1455.783177
403.326601 1445.274204
424.249784 1551.601043
307.266536 1564.223526
477.758640 1438.576165
587.488156 1428.701753
608.683431 1531.700666
498.798676 1543.557223
657.492815 1422.402128
760.790705 1413.106490
782.189833 1512.979339
678.776526 1524.137627
826.751577 1407.170760
924.167186 1398.404460
945.712170 1495.335291
848.215002 1505.855228
986.424798 1392.801981
1078.446645 1384.521059
1100.088109 1478.678139
1008.013537 1488.612978
1137.304335 1379.224535
1224.368303 1371.389765
1246.064159 1462.927334
1158.972050 1472.324566
322.017171 1641.418755
439.141826 1627.278998
460.432982 1735.475797
343.109745 1751.803562
513.772282 1618.269311
623.765132 1604.990534
645.321669 1709.745012
535.177734 1725.073640
693.919629 1596.521202
797.412790 1584.027093
819.165743 1685.551295
715.561725 1699.969769
863.482249 1576.050924
961.035282 1564.273931
982.926154 1662.760912
885.296400 1676.347954
1023.366392 1556.749070
1115.476421 1545.629179
1137.455515 1641.255206
1045.297773 1654.080713
1174.377723 1538.518378
1261.487909 1528.002088
1283.512951 1620.928530
1196.379732 1633.054778
358.126066 1830.389216
475.588085 1812.490567
497.257009 1922.607094
379.600274 1942.771254
550.412529 1801.088953
660.661529 1784.289410
682.588645 1890.844724
572.192998 1909.764469
730.960891 1773.577321
834.641448 1757.778666
856.757075 1860.995518
752.970501 1878.782593
900.814145 1747.695390
998.496257 1732.810767
1020.741415 1832.891675
922.987688 1849.644832
1060.895268 1723.302518
1153.084840 1709.254838
1175.409526 1806.384459
1083.177513 1822.191298
1212.024007 1700.273795
1299.171610 1686.994401
1321.533386 1781.341567
1234.368107 1796.280063
394.889524 2022.785241
512.682204 2000.994414
534.739040 2113.082219
416.755820 2137.219208
587.695877 1987.117407
698.193350 1966.676143
720.500683 2075.079131
609.861307 2097.713717
768.632281 1953.645431
872.491877 1934.432128
894.979324 2039.384318
791.018846 2060.652536
938.762147 1922.172589
1036.564529 1904.079829
1059.172643 2005.793675
961.304037 2025.815619
1099.025542 1892.524976
1191.285571 1875.457512
1213.964064 1974.126470
1121.667138 1993.008560
1250.256570 1864.548287
1337.432365 1848.421372
1360.138656 1944.222095
1272.950802 1962.058972
