4368 2912
294.740259 985.689529
1282.070570 959.235466
313.816627 1614.287586
1355.449513 1530.074854
360.275631 1037.944831
461.300212 1034.791139
465.055324 1113.490899
363.276859 1117.363664
525.566106 1032.784946
623.753562 1029.719821
628.692099 1107.264369
529.793629 1111.027548
686.227245 1027.769575
781.695436 1024.789337
787.750424 1101.212054
691.611413 1104.870231
842.450848 1022.892730
935.311192 1019.993903
942.419800 1095.326742
848.926346 1098.884253
994.418258 1018.148753
1084.776169 1015.328043
1092.879412 1089.601615
1001.923798 1093.062559
1142.301073 1013.532284
1230.256362 1010.786576
1239.298823 1084.030221
1150.779102 1087.398478
365.300221 1170.906086
467.586650 1166.542533
471.439864 1247.298339
368.380560 1252.418349
532.643205 1163.767212
632.020569 1159.527760
637.086269 1239.068989
536.980545 1244.042264
695.239974 1156.830811
791.830636 1152.710240
798.039319 1231.072804
700.762000 1235.905563
853.289626 1150.088390
947.209179 1146.081769
954.495699 1223.300015
859.928583 1227.998131
1006.980274 1143.531926
1098.338005 1139.634593
1106.641252 1215.741390
1014.672635 1220.310411
1156.489798 1137.153829
1245.389113 1133.361373
1254.651721 1208.388195
1165.175954 1212.833372
370.457610 1307.381466
474.037756 1301.745057
477.992969 1384.638548
373.620230 1391.071037
539.904625 1298.160851
640.500997 1292.686806
645.698833 1374.302839
544.356114 1380.548589
704.484065 1289.205108
802.223761 1283.886513
808.592065 1364.263732
710.149309 1370.330757
864.402702 1280.502988
959.405700 1275.333312
966.876895 1354.508642
871.211384 1360.404505
1019.855759 1272.043867
1112.235411 1267.016942
1120.746159 1345.025683
1027.742004 1350.757527
1171.027706 1263.817705
1260.891192 1258.927701
1270.382084 1335.803625
1179.929751 1341.378200
375.753134 1447.512153
480.660087 1440.536110
484.721402 1525.653301
379.001374 1533.467449
547.357659 1436.100894
649.203217 1429.328425
654.538428 1513.101514
551.927866 1520.685830
713.968540 1425.021698
812.884781 1418.444022
819.418943 1500.914603
719.782650 1508.279080
875.800619 1414.260282
971.912131 1407.869113
979.575113 1489.076884
882.785621 1496.230944
1033.056593 1403.803164
1126.480997 1397.590681
1135.207124 1477.573563
1041.144145 1484.526096
1185.927852 1393.637618
1276.776283 1387.596432
1286.504005 1466.390666
1195.053932 1473.150071
