4368 2912
3382.024701 2302.055333
3866.839273 2307.398027
3435.363373 2676.077620
3957.328474 2678.142418
3419.973372 2337.244015
3463.201085 2337.694212
3470.110877 2381.088492
3426.495467 2380.670279
3496.309130 2338.039017
3539.411296 2338.487905
3547.003000 2381.825785
3503.515415 2381.408797
3572.423252 2338.831709
3615.400416 2339.279297
3623.670033 2382.560919
3580.309711 2382.145152
3648.316704 2339.622105
3691.169408 2340.068396
3700.112963 2383.293906
3656.879346 2382.879353
3723.990441 2340.410212
3766.719226 2340.855212
3776.332771 2384.024751
3733.225304 2383.611409
3799.445418 2341.196040
3842.050821 2341.639756
3852.330431 2384.753468
3809.348564 2384.341330
3431.723790 2415.482172
3475.649913 2415.874277
3482.789044 2460.708830
3438.462540 2460.350991
3509.292067 2416.174583
3553.088528 2416.565531
3560.931828 2461.339660
3516.737377 2460.982888
3586.631449 2416.864952
3630.298820 2417.254747
3638.842089 2461.968613
3594.779101 2461.612902
3663.742946 2417.553285
3707.281797 2417.941934
3716.520865 2462.595698
3672.588753 2462.241043
3740.627565 2418.239595
3784.038462 2418.627100
3793.969183 2463.220921
3750.167368 2462.867318
3817.286304 2418.923887
3860.569812 2419.310256
3871.188070 2463.844293
3827.515971 2463.491737
3443.865993 2496.328958
3488.513460 2496.658819
3495.893538 2543.006556
3450.832375 2542.713426
3522.707234 2496.911445
3567.220718 2497.240316
3575.328330 2543.523292
3530.403660 2543.231050
3601.311957 2497.492185
3645.692059 2497.820070
3654.522791 2544.038465
3609.733996 2543.747107
3679.681223 2498.071185
3723.928542 2498.398089
3733.478013 2544.552082
3688.824477 2544.261604
3757.816088 2498.648454
3801.931220 2498.974381
3812.195077 2545.064150
3767.676188 2544.774547
3835.717602 2499.223998
3879.701138 2499.548953
3890.675059 2545.574675
3846.290209 2545.285944
3456.419906 2579.917051
3501.812798 2580.180186
3509.446233 2628.119029
3463.625653 2627.895282
3536.576580 2580.381705
3581.830949 2580.644036
3590.216463 2628.513438
3544.537044 2628.290381
3616.488724 2580.844942
3661.605203 2581.106474
3670.738155 2628.906633
3625.199249 2628.684262
3696.157456 2581.306767
3741.136672 2581.567503
3751.012458 2629.298621
3705.613417 2629.076933
3775.583885 2581.767187
3820.426466 2582.027131
3831.040509 2629.689406
3785.780688 2629.468397
3854.769114 2582.226209
3899.475682 2582.485365
3910.823439 2630.078994
3865.702200 2629.858662
