4368 2912
2694.802223 470.475400
3748.482123 486.088081
2669.924961 1194.368835
3667.444520 1216.742662
2755.487877 535.438218
2856.049234 536.989711
2851.257842 638.380587
2751.439161 636.735041
2918.553915 537.954053
3019.457747 539.510830
3013.456257 641.054485
2913.300133 639.403376
3082.175478 540.478459
3183.423537 542.040546
3176.203747 643.737435
3075.708464 642.080734
3246.355408 543.011479
3347.949459 544.578904
3339.503103 646.429482
3238.666937 644.767162
3411.096569 545.553158
3513.038388 547.125949
3503.357138 649.130673
3402.178350 647.462705
3576.401844 548.103540
3678.693219 549.681724
3667.768681 651.841055
3566.245523 650.167410
2748.877458 700.827570
2848.226270 702.531820
2843.548672 801.514703
2744.924800 799.721099
2909.976028 703.591088
3009.659119 705.301072
3003.800400 804.429089
2904.847100 802.629494
3071.616823 706.363907
3171.635885 708.079654
3164.588134 807.353221
3065.303752 805.547606
3233.802585 709.146074
3334.159320 710.867614
3325.914567 810.287152
3226.297438 808.475486
3396.536077 711.937638
3497.232195 713.665000
3487.782409 813.230929
3387.830860 811.413181
3559.820075 714.738644
3660.857303 716.471858
3650.194394 816.184602
3549.906735 814.360741
2742.423515 862.301993
2840.588673 864.151373
2836.020862 960.811037
2738.563534 958.876754
2901.601523 865.300822
3000.093059 867.156349
2994.372074 963.953912
2896.593052 962.013243
3061.308931 868.309623
3160.128473 870.171331
3153.246685 967.107175
3055.144371 965.160090
3221.548383 871.328449
3320.697575 873.196367
3312.647292 970.270878
3214.220082 968.317344
3382.322544 874.357348
3481.803036 876.231507
3472.576512 973.445072
3373.822788 971.485058
3543.634093 877.396371
3643.447549 879.276803
3633.036981 976.629810
3533.955116 974.663283
2736.120556 1019.998867
2833.129931 1021.986155
2828.668088 1116.403445
2732.350033 1114.335466
2893.423254 1023.221295
2990.751380 1025.215112
2985.163332 1119.763447
2888.531045 1117.688721
3051.242976 1026.454313
3148.891426 1028.454693
3142.169807 1123.134426
3045.221748 1121.052920
3209.582274 1029.697976
3307.552632 1031.704950
3299.690020 1126.516434
3202.424639 1124.428115
3368.443718 1032.952335
3466.737578 1034.965936
3457.726497 1129.909527
3360.142235 1127.814362
3527.829895 1036.217444
3626.448862 1038.237704
3616.281782 1133.313759
3518.377067 1131.211714
