4368 2912
3438.698974 2040.913705
4105.195186 2196.302579
3284.643908 2455.258764
3949.465824 2665.118343
3462.769960 2084.925390
3521.752569 2099.048501
3501.238741 2155.175744
3442.288707 2140.429986
3558.972504 2107.960641
3619.984729 2122.569734
3599.424926 2179.736030
3538.440040 2164.481274
3658.496508 2131.791200
3721.644941 2146.911798
3701.048452 2205.156132
3637.921504 2189.365561
3761.517007 2156.458979
3826.915836 2172.118424
3806.293038 2231.482007
3740.909155 2215.126886
3868.221555 2182.008885
3935.993256 2198.236505
3915.355735 2258.762943
3847.591679 2241.812446
3978.811362 2208.489101
4049.087463 2225.316385
4028.448151 2287.051873
3958.171549 2269.472888
3429.107183 2176.152178
3488.035565 2191.300542
3467.313759 2247.996828
3408.420440 2232.213657
3525.224434 2200.860461
3586.191013 2216.532773
3565.419158 2274.288678
3504.482437 2257.957883
3624.677357 2226.426226
3687.789737 2242.650145
3666.977076 2301.505788
3603.888727 2284.598367
3727.642659 2252.894897
3793.016154 2269.700068
3772.173027 2329.697878
3706.817047 2312.182740
3834.309757 2280.315166
3902.068094 2297.733395
3881.206061 2358.918290
3813.457953 2340.762071
3944.881932 2308.739290
4015.158033 2326.804744
3994.290015 2389.224332
3924.016001 2370.391180
3395.106331 2268.295153
3453.976383 2284.488806
3433.043420 2341.762832
3374.210990 2324.921938
3491.131624 2294.709266
3552.048399 2311.465920
3531.061195 2369.820603
3470.176870 2352.392352
3590.506713 2322.044823
3653.578837 2339.394359
3632.546582 2398.870985
3569.501114 2380.824102
3693.409995 2350.350897
3758.753916 2368.325345
3737.686909 2428.967600
3672.363152 2410.268553
3800.032763 2379.680105
3867.773472 2398.313849
3846.683242 2460.168005
3778.955429 2440.780791
3910.580390 2410.088942
3980.852219 2429.418933
3959.751671 2492.534053
3889.484606 2472.419974
3360.762287 2361.368188
3419.569788 2378.627615
3398.422423 2436.488258
3339.655176 2418.568873
3456.688761 2389.521671
3517.551456 2407.384277
3496.345535 2466.347097
3435.517962 2447.799477
3555.979067 2418.662406
3619.006606 2437.160373
3597.751264 2497.267862
3534.753085 2478.058377
3658.813298 2448.843247
3724.123275 2468.011088
3702.828762 2529.308227
3637.541681 2509.400808
3765.384641 2480.120896
3833.103322 2499.995666
3811.781132 2562.530123
3744.078101 2541.886028
3875.900583 2512.556245
3946.163721 2533.177789
3924.826735 2597.000132
3854.571125 2575.577703
