2912 4368
2354.768430 2197.386523
2666.175612 2214.989285
2339.937070 2400.086721
2660.300149 2418.436023
2372.734660 2216.692360
2402.144398 2218.356620
2400.456399 2244.028542
2370.940167 2242.355457
2421.491147 2219.451428
2450.911438 2221.116286
2449.400079 2246.802843
2419.873217 2245.129156
2470.265130 2222.211487
2499.695980 2223.876942
2498.361388 2249.578143
2468.823891 2247.903853
2519.056619 2224.972536
2548.498034 2226.638589
2547.340336 2252.354444
2517.792197 2250.679550
2567.865623 2227.734576
2597.317608 2229.401227
2596.336932 2255.131744
2566.778146 2253.456247
2616.692151 2230.497608
2646.154712 2232.164857
2645.351185 2257.910046
2615.781746 2256.233945
2369.666142 2260.575311
2399.257981 2262.254673
2397.548937 2288.246665
2367.849278 2286.558334
2418.724545 2263.359417
2448.327068 2265.039385
2446.796863 2291.046253
2417.086441 2289.357310
2467.800661 2266.144528
2497.413875 2267.825103
2496.062638 2293.846856
2466.341448 2292.157301
2516.894501 2268.930645
2546.518410 2270.611827
2545.346271 2296.648475
2515.614307 2294.958307
2566.006073 2271.717768
2595.640685 2273.399557
2594.647773 2299.451108
2564.905029 2297.760328
2615.135389 2274.505898
2644.780708 2276.188295
2643.967154 2302.254759
2614.213624 2300.563365
2366.559322 2305.006033
2396.335531 2306.700745
2394.605045 2333.018831
2364.719666 2331.315001
2415.923402 2307.815588
2445.710429 2309.510916
2444.161023 2335.844124
2414.264746 2334.139673
2465.305418 2310.626164
2495.103269 2312.322108
2493.735074 2338.670448
2463.827893 2336.965375
2514.705379 2313.437762
2544.514060 2315.134322
2543.327208 2341.497803
2513.409117 2339.792108
2564.123295 2316.250381
2593.942812 2317.947558
2592.937435 2344.326189
2563.008429 2342.619871
2613.559176 2319.064023
2643.389535 2320.761817
2642.565765 2347.155607
2612.625837 2345.448667
2363.413477 2349.994845
2393.376368 2351.705162
2391.624035 2378.355517
2361.550597 2376.635930
2413.087068 2352.830272
2443.060914 2354.541214
2441.491942 2381.206943
2411.407469 2379.486726
2462.778821 2355.666735
2492.763627 2357.378303
2491.378151 2384.059416
2461.282637 2382.338567
2512.488745 2358.504236
2542.484517 2360.216429
2541.282672 2386.912936
2511.176110 2385.191455
2562.216850 2361.342774
2592.223595 2363.055594
2591.205515 2389.767503
2561.087899 2388.045390
2611.963146 2364.182350
2641.980869 2365.895797
2641.146690 2392.623119
2611.018014 2390.900374
