2912 4368
1771.570024 3159.035433
2675.027762 3288.956758
1681.425704 3819.912515
2650.334029 3996.421041
1822.358129 3229.305076
1899.204090 3240.605782
1889.854034 3318.418794
1812.385234 3306.678696
1958.603035 3249.340789
2036.648000 3260.817816
2028.426532 3339.418924
1949.738420 3327.494043
2096.977355 3269.689646
2176.249607 3281.347154
2169.193620 3360.751635
2089.257183 3348.637575
2237.531406 3290.359048
2318.060122 3302.201326
2312.207848 3382.424891
2230.993142 3370.117115
2380.317098 3311.356626
2462.132390 3323.388104
2457.523459 3404.446913
2374.999576 3391.940736
2525.388009 3332.690260
2608.520956 3344.915509
2605.196452 3426.826188
2521.331479 3414.116774
1804.397233 3368.652724
1882.364400 3380.749006
1872.718497 3461.024107
1794.110196 3448.463571
1942.637264 3390.100090
2021.840124 3402.388084
2013.356435 3483.496134
1933.491192 3470.734756
2083.072043 3411.887962
2163.540207 3424.372262
2156.257355 3506.329756
2075.104780 3493.362679
2225.754256 3434.024513
2307.518289 3446.709862
2301.476321 3529.533769
2219.005035 3516.355980
2370.738288 3456.518183
2453.829745 3469.409476
2449.070196 3553.117259
2365.247794 3539.723581
2518.080292 3479.377681
2602.531765 3492.479976
2599.097719 3577.089614
2513.890722 3563.474697
1785.868583 3512.405230
1864.989995 3525.342225
1855.033978 3608.198148
1775.252325 3594.770304
1926.162768 3535.344472
2006.558270 3548.489792
1997.799614 3632.226665
1916.721619 3618.580636
2068.720087 3558.653756
2150.420703 3572.012472
2142.899868 3656.648115
2060.493679 3642.778541
2213.595744 3582.342106
2296.633515 3595.919458
2290.392479 3681.472216
2206.625189 3667.373559
2360.846757 3606.418847
2445.254780 3620.220246
2440.337106 3706.709011
2355.174712 3692.375547
2510.532027 3630.893608
2596.344501 3644.924647
2592.795408 3732.368874
2506.202764 3717.794689
1766.744825 3660.774807
1847.054997 3674.600813
1836.773669 3760.164048
1755.783285 3745.818716
1909.154839 3685.291773
1990.779313 3699.344046
1981.732101 3785.839649
1899.404098 3771.257393
2053.899613 3710.210685
2136.870919 3724.494826
2129.100242 3811.942067
2045.401207 3797.116969
2201.037039 3735.541510
2285.388790 3750.063305
2278.938683 3838.482036
2193.834080 3823.407976
2350.626937 3761.294548
2436.393873 3776.059977
2431.310062 3865.470646
2344.764185 3850.141304
2502.731139 3787.480441
2589.949174 3802.495689
2586.279153 3892.919375
2498.255077 3877.328208
