4368 2912
3108.964830 2196.042557
3515.125819 2203.251849
3111.007812 2464.560886
3539.441027 2476.053185
3133.260733 2219.096586
3172.276407 2219.817284
3173.023299 2254.847733
3133.735350 2254.075877
3196.537163 2220.265429
3235.718898 2220.989195
3236.910060 2256.102860
3197.453723 2255.327696
3260.083024 2221.439249
3299.431883 2222.166102
3301.071114 2257.363376
3261.445304 2256.584882
3323.900042 2222.618078
3363.417097 2223.348038
3365.508231 2258.629315
3325.711855 2257.847471
3387.989956 2223.801948
3427.676287 2224.535034
3430.223197 2259.900713
3390.255151 2259.115496
3452.354520 2224.990892
3492.211217 2225.727124
3495.217814 2261.177605
3455.076983 2260.388993
3134.042772 2276.732919
3173.507089 2277.538252
3174.271279 2313.379947
3134.528365 2312.521190
3198.047418 2278.039036
3237.681639 2278.847835
3238.900446 2314.776441
3198.985222 2313.913962
3262.327733 2279.350779
3302.132956 2280.163068
3303.810313 2316.179000
3263.721656 2315.312773
3326.885501 2280.668183
3366.862835 2281.483984
3369.002714 2317.587664
3328.739489 2316.717665
3391.722523 2281.991286
3431.873088 2282.810623
3434.479496 2319.002473
3394.040563 2318.128677
3456.840614 2283.320126
3497.165538 2284.143019
3500.242525 2320.423467
3459.626731 2319.545849
3134.842939 2335.705274
3174.766337 2336.598997
3175.548431 2373.280450
3135.339894 2372.330919
3199.592758 2337.154759
3239.690036 2338.052374
3240.937462 2374.824623
3200.552552 2373.870926
3264.624701 2338.610559
3304.896997 2339.512092
3306.613827 2376.375580
3266.051382 2375.417692
3329.940616 2340.072716
3370.389078 2340.978192
3372.579426 2377.933368
3331.838272 2376.971259
3395.542369 2341.541272
3436.168155 2342.450717
3438.836171 2379.498032
3397.915126 2378.531674
3461.431838 2343.016269
3502.236117 2343.929710
3505.385997 2381.069616
3464.283865 2380.098983
3135.661871 2396.060651
3176.055157 2397.046715
3176.855792 2434.597789
3136.170592 2433.553407
3201.174418 2397.659915
3241.745702 2398.650323
3243.022767 2436.296282
3202.156987 2435.247266
3266.975775 2399.266229
3307.726235 2400.261010
3309.483948 2438.002329
3268.436384 2436.948645
3333.067856 2400.879638
3373.998682 2401.878824
3376.241303 2439.715979
3335.010739 2438.657597
3399.452591 2402.500193
3440.564983 2403.503810
3443.296817 2441.437282
3401.882026 2440.374172
3466.131929 2404.127939
3507.427097 2405.136019
3510.652489 2443.166289
3469.052234 2442.098418
