4368 2912
286.924012 2245.097489
723.617733 2147.515740
422.631102 2602.544692
863.406206 2446.487577
332.312593 2271.870970
375.489024 2261.741269
391.228318 2301.587183
347.961059 2312.370234
407.934661 2254.129138
449.003832 2244.493825
464.876863 2283.232517
423.736227 2293.485572
479.885050 2237.248725
518.997551 2228.072470
534.973439 2265.763072
495.806404 2275.524267
548.424829 2221.168482
585.717234 2212.419243
601.768956 2249.116315
564.436836 2258.420214
613.790889 2205.832831
649.387354 2197.481479
665.491234 2233.235471
629.868040 2242.113471
676.198679 2191.191225
710.212317 2183.211223
726.347602 2218.068867
692.318620 2226.549558
360.994831 2346.102496
404.335217 2334.768873
420.499453 2375.690582
377.072023 2387.711334
436.893080 2326.254907
478.090800 2315.481597
494.381625 2355.239931
453.116541 2366.662143
509.058744 2307.383399
548.268854 2297.129854
564.654945 2335.788213
525.394635 2346.655502
577.760563 2289.417695
615.123510 2279.647188
631.577528 2317.263982
594.179363 2327.615827
643.242079 2272.294109
678.885384 2262.973293
695.383444 2299.602447
659.718015 2309.474670
705.724529 2255.954787
739.764238 2247.053314
756.285461 2282.744714
722.235074 2292.169891
390.465347 2422.374140
433.962627 2409.774224
450.569252 2451.815893
406.989130 2465.138783
466.627036 2400.312281
507.945668 2388.343458
524.671003 2429.162227
483.289518 2441.812972
538.994279 2379.349565
578.293942 2367.965579
595.106240 2407.629452
555.761108 2419.657663
607.843749 2359.405847
645.268890 2348.564856
662.140520 2387.136385
624.685044 2398.586908
673.425857 2340.408589
709.107465 2330.072650
726.014357 2367.609497
690.315601 2378.522973
735.967801 2322.291981
770.024937 2312.426604
786.946112 2348.982035
752.883321 2359.395379
420.757092 2500.771177
464.403427 2486.838769
481.470853 2530.047011
437.746335 2544.740463
497.168106 2476.379910
538.599253 2463.154615
555.776716 2505.076819
514.287674 2519.019048
569.721890 2453.219915
609.102311 2440.649235
626.357663 2481.358370
586.936939 2494.605549
638.703322 2431.200254
676.181593 2419.236763
693.486939 2458.799841
655.983633 2471.402679
704.369903 2410.238733
740.080586 2398.839475
757.411698 2437.318178
721.689243 2449.322568
766.954965 2390.260867
801.020223 2379.386848
818.356051 2416.838068
784.290545 2428.285647
