4368 2912
3221.657454 1444.835227
4121.433515 1537.339610
3156.735687 2029.442925
4088.079247 2148.106869
3271.051378 1502.286591
3353.017838 1510.877588
3345.399719 1585.723376
3263.079904 1576.838590
3408.319754 1516.673844
3491.221140 1525.362832
3484.204660 1600.704605
3400.941500 1591.718005
3547.155644 1531.225390
3631.008043 1540.014054
3624.607567 1615.858304
3540.384751 1606.768127
3687.586052 1545.944059
3772.405924 1554.834126
3766.636190 1631.187466
3681.437034 1621.991914
3829.638607 1560.832747
3915.442792 1569.825981
3910.318934 1646.695158
3824.126360 1637.392386
3973.341578 1575.894418
4060.147311 1584.992625
4055.684862 1662.384515
3968.481393 1652.972637
3257.525267 1628.787487
3340.091164 1637.878376
3332.352274 1713.910715
3249.427852 1704.517330
3395.799998 1644.012178
3479.315129 1653.207581
3472.186773 1729.750671
3388.304505 1720.248786
3535.666274 1659.412105
3620.147102 1668.713836
3613.643977 1745.774441
3528.787170 1736.162164
3677.151731 1674.990311
3762.615103 1684.400225
3756.752297 1761.985244
3670.903868 1752.260639
3820.284650 1690.749910
3906.747809 1700.269905
3901.540809 1778.386373
3814.683275 1768.547460
3965.093975 1706.694089
4052.574566 1716.326109
4048.039279 1794.981199
3960.154743 1785.025951
3243.785109 1757.290218
3326.959226 1766.895831
3319.096668 1844.143164
3235.558744 1834.226041
3383.080979 1773.377221
3467.218967 1783.094149
3459.976037 1860.867518
3375.465428 1850.834925
3523.992980 1789.650867
3609.111689 1799.481057
3602.503428 1877.787515
3517.003048 1867.637422
3666.549401 1806.114423
3752.666082 1816.059867
3746.707931 1894.906609
3660.200288 1884.636941
3810.779197 1822.771234
3897.911502 1832.833971
3892.619322 1912.228335
3805.086512 1901.836965
3956.712006 1839.624724
4044.878009 1849.806839
4040.268088 1929.756311
3951.691780 1919.241063
3229.825783 1887.842682
3313.617095 1897.978372
3305.627882 1976.470055
3221.467364 1966.013522
3370.157901 1904.817747
3454.928060 1915.071843
3447.567771 1994.105392
3362.419386 1983.526121
3512.131307 1921.991349
3597.897569 1932.365936
3591.181600 2011.948707
3505.027849 2001.244525
3655.774970 1939.366990
3742.554993 1949.864206
3736.499153 2030.003703
3649.322127 2019.172384
3801.118534 1956.948258
3888.930401 1967.570289
3883.550932 2048.274167
3795.332291 2037.313432
3948.192357 1974.738824
4037.054580 1985.487909
4032.368167 2066.763979
3943.089129 2055.671496
