4368 2912
3783.547416 2243.280989
4253.678283 2309.388537
3718.996168 2528.160981
4199.311983 2625.443492
3804.627235 2271.218201
3846.938809 2277.371239
3838.612517 2315.600534
3796.193023 2309.090056
3873.565544 2281.243355
3917.090980 2287.572915
3908.950546 2326.395906
3865.308777 2319.697834
3944.487110 2291.556918
3989.279406 2298.070707
3981.339241 2337.506011
3936.421602 2330.612121
4017.478765 2302.171517
4063.594047 2308.877698
4055.869612 2348.944815
4009.619320 2341.846393
4092.632488 2313.100530
4140.130246 2320.007753
4132.638128 2360.727128
4084.994985 2353.414933
4170.045784 2324.358133
4218.989131 2331.475577
4211.747145 2372.868657
4162.647269 2365.332885
3790.754027 2333.512592
3833.242789 2340.255076
3824.798234 2379.027367
3782.201064 2371.917666
3859.983683 2344.498552
3903.700148 2351.435858
3895.442412 2390.818268
3851.608996 2383.502230
3931.219325 2355.802839
3976.217482 2362.943535
3968.161222 2402.955436
3923.036948 2395.423948
4004.549422 2367.439492
4050.886475 2374.792656
4043.047412 2415.454352
3996.574409 2407.697753
4080.067722 2379.423388
4127.804329 2386.998645
4120.199347 2428.331433
4072.316229 2420.339478
4157.873655 2391.770305
4207.074196 2399.577872
4199.721435 2441.604106
4150.363035 2433.365918
3776.685219 2396.685274
3819.351965 2404.033341
3810.786607 2443.360280
3768.010980 2435.634908
3846.207578 2408.658414
3890.116087 2416.220338
3881.738498 2456.174346
3837.712424 2448.223141
3917.759019 2420.981003
3962.964300 2428.766257
3954.789379 2469.367495
3909.457215 2461.180407
3991.429688 2433.668565
4037.990051 2441.687190
4030.033791 2482.956799
3983.336540 2474.523175
4067.315153 2446.737559
4115.292454 2455.000209
4107.572038 2496.960377
4059.447101 2488.268908
4145.516815 2460.205449
4194.976734 2468.723436
4187.510637 2511.397463
4137.891523 2502.436142
3762.416646 2460.754954
3805.262148 2468.725254
3796.573378 2508.618827
3753.618534 2500.260813
3832.233029 2473.742489
3876.334584 2481.946444
3867.834514 2522.484587
3823.614792 2513.880457
3904.101968 2487.111849
3949.515630 2495.559887
3941.219406 2536.763581
3895.678103 2527.902302
3978.115327 2500.880123
4024.900537 2509.583303
4016.824430 2551.474561
3969.901401 2542.344431
4054.370539 2515.065436
4102.590382 2524.035492
4094.751883 2566.637432
4046.383278 2557.226026
4132.971027 2529.687027
4182.692518 2538.936426
4175.110446 2582.273340
4125.228417 2572.567457
