4368 2912
3299.659373 1393.815069
4162.980662 1369.298005
3179.562561 1923.138929
4059.367370 1919.233342
3345.087180 1442.755726
3418.886290 1440.810516
3404.734922 1504.911912
3330.771110 1506.647487
3475.828084 1439.309633
3550.509683 1437.341162
3536.655615 1501.816366
3461.804773 1503.572756
3608.134427 1435.822278
3683.714439 1433.830127
3670.165869 1498.683522
3594.411947 1500.461103
3742.034494 1432.292916
3818.529228 1430.276654
3805.294592 1495.512699
3728.621144 1497.311857
3877.557254 1428.720782
3954.983419 1426.679969
3942.071389 1492.303205
3864.461574 1494.124335
4014.732388 1425.105095
4093.107098 1423.039280
4080.526599 1489.054326
4001.963155 1490.897832
3319.421825 1557.298662
3393.516014 1555.730158
3379.217652 1620.497389
3304.957554 1621.851839
3450.687237 1554.519897
3525.672059 1552.932539
3511.673218 1618.081498
3436.517884 1619.452276
3583.532569 1551.707687
3659.424180 1550.101133
3645.733172 1615.636343
3569.666315 1617.023746
3717.986515 1548.861423
3794.801464 1547.235323
3781.426842 1613.161392
3704.431777 1614.565725
3854.078473 1545.980485
3931.833715 1544.334480
3918.784272 1610.656093
3840.843907 1612.077668
3991.838560 1543.064233
4070.551464 1541.397956
4057.836254 1608.119888
3978.933072 1609.559024
3293.490476 1673.028721
3367.881908 1671.844870
3353.434251 1737.288365
3278.875689 1738.253638
3425.284264 1670.931381
3500.574587 1669.733224
3486.428693 1735.566554
3410.966575 1736.543524
3558.672652 1668.808663
3634.878256 1667.595942
3621.042551 1733.823777
3544.660353 1734.812659
3693.684753 1666.660107
3770.822430 1665.432552
3757.305588 1732.059648
3679.986379 1733.060661
3830.350398 1664.485236
3908.437355 1663.242574
3895.248295 1730.273774
3816.974726 1731.287142
3968.700151 1662.283564
4047.754019 1661.025515
4034.901922 1728.465750
3955.656214 1729.491703
3267.288974 1789.964455
3341.979834 1789.173392
3327.380532 1855.303798
3252.521310 1855.871651
3399.615044 1788.562967
3475.213165 1787.762295
3460.917888 1854.290837
3385.146676 1854.865607
3533.550594 1787.144434
3610.072608 1786.333976
3596.089901 1853.265475
3519.389931 1853.847291
3669.125168 1785.708541
3746.588114 1784.888118
3732.926771 1852.227485
3655.280862 1852.816476
3806.369037 1784.254969
3884.790377 1783.424395
3871.459445 1851.176630
3792.849989 1851.772931
3945.313220 1782.783388
4024.710853 1781.942474
4011.719646 1850.112672
3932.128595 1850.716418
