4368 2912
3261.954456 1972.370237
3875.767294 2079.806537
3188.135906 2362.983185
3822.870232 2498.337015
3290.860168 2011.256118
3348.268632 2021.475563
3338.918751 2073.825585
3281.265634 2063.273903
3383.496013 2027.746491
3441.901857 2038.143482
3432.957794 2091.036625
3374.297824 2080.300668
3477.743924 2044.523831
3537.173369 2055.103037
3528.650862 2108.550385
3468.957432 2097.625284
3573.646353 2061.595698
3634.126543 2072.361949
3626.041980 2126.374923
3565.287538 2115.255636
3671.247249 2078.969912
3732.806302 2089.928216
3725.176752 2144.518585
3663.332754 2133.199886
3770.592140 2096.654581
3833.259181 2107.810121
3826.102424 2162.990017
3763.139297 2151.466496
3275.188618 2096.221093
3332.996429 2106.984695
3323.487873 2160.223143
3265.432136 2149.116900
3368.471425 2113.590008
3427.292106 2124.542202
3418.194917 2178.340896
3359.116618 2167.039033
3463.391403 2131.263759
3523.251810 2142.409547
3514.582098 2196.780064
3454.453980 2185.277367
3559.992036 2149.250442
3620.919981 2160.595001
3612.694526 2215.549276
3551.488355 2203.840345
3658.318355 2167.558441
3720.342655 2179.107138
3712.578939 2234.657475
3650.265461 2222.736713
3758.417022 2186.196445
3821.567536 2197.954839
3814.283780 2254.113928
3750.832671 2241.975533
3259.252110 2182.622569
3317.464616 2193.947388
3307.793310 2248.097073
3249.329544 2236.418820
3353.190588 2200.897615
3412.431815 2212.422564
3403.177534 2267.150262
3343.675128 2255.264538
3448.791929 2219.496159
3509.089389 2231.226590
3500.268625 2286.544400
3439.699652 2274.445628
3546.100680 2238.426867
3607.482874 2250.368326
3599.112811 2306.288723
3537.448337 2293.971122
3645.162994 2257.698718
3707.659460 2269.856950
3699.758009 2326.392802
3636.968039 2313.850381
3746.026702 2277.321017
3809.668059 2289.701979
3802.253892 2346.866558
3738.307331 2334.093105
3243.043867 2270.497291
3301.666514 2282.401025
3291.828245 2337.485544
3232.950939 2325.217173
3337.646890 2289.707089
3397.314482 2301.823007
3387.899005 2357.503983
3327.966602 2345.015760
3433.939072 2309.259884
3494.679798 2321.593710
3485.703999 2377.883788
3424.687882 2365.169749
3531.966060 2329.164944
3593.809132 2341.722608
3585.290615 2398.634833
3523.161121 2385.688797
3631.775162 2349.431874
3694.750866 2362.219527
3686.707980 2419.767354
3623.434355 2406.582914
3733.415422 2370.070633
3797.555159 2383.094651
3790.007048 2441.291968
3725.557394 2427.862476
