4368 2912
236.134619 1802.771786
1554.356029 1439.894916
498.935267 2746.672335
1817.204455 2268.568715
356.767455 1866.190724
483.813984 1830.264775
515.477528 1941.313682
388.391795 1978.571109
579.407488 1803.233047
701.693654 1768.653223
733.404843 1877.424440
611.094982 1913.281736
793.738603 1742.624948
911.527033 1709.316985
943.260721 1815.901482
825.462485 1850.436116
1000.217411 1684.237308
1113.751762 1652.132304
1145.485423 1756.615739
1031.953711 1789.899566
1199.267670 1627.950297
1308.774313 1596.984240
1340.487768 1699.447357
1230.994911 1731.547122
1391.283185 1573.652556
1496.972709 1543.765896
1528.647880 1644.284897
1422.982126 1675.262679
413.470331 2067.690297
540.585662 2029.371762
572.593286 2141.627414
445.442134 2181.305424
636.220986 2000.542781
758.548199 1963.667609
790.597443 2073.598374
668.249952 2111.777382
850.614826 1935.914402
968.419450 1900.402551
1000.485128 2008.102110
882.674134 2044.865487
1057.113469 1873.666006
1170.641756 1839.443244
1202.701333 1944.999761
1089.179120 1980.424806
1256.145148 1813.668504
1365.625791 1780.665892
1397.659102 1884.162435
1288.195671 1918.320921
1448.107678 1755.801975
1553.753351 1723.955405
1585.742353 1825.470329
1480.123856 1858.428989
470.796970 2271.406475
597.975008 2230.645009
630.332354 2344.127186
503.121993 2386.276805
693.647451 2199.981312
816.009554 2160.763389
848.402287 2271.872343
726.023439 2312.421099
908.093121 2131.249951
1025.907752 2093.489525
1058.310657 2202.321735
940.493202 2241.359128
1114.600660 2065.062818
1228.116695 2028.680123
1260.507234 2135.326337
1147.000820 2172.935319
1313.602828 2001.281209
1423.051305 1966.202195
1455.409336 2070.747875
1345.981600 2107.005437
1505.501489 1939.776325
1611.097182 1905.932156
1643.404702 2008.457877
1537.839688 2043.435572
528.757722 2477.376036
655.992160 2434.120066
688.704989 2548.848978
561.441850 2593.522487
751.696857 2401.583280
874.087486 2359.974063
906.829260 2472.280249
784.425538 2515.247945
966.183100 2328.664260
1084.001349 2288.609517
1116.746831 2398.592340
998.929417 2439.950092
1172.688249 2258.458577
1286.185647 2219.872796
1318.912301 2327.625671
1205.428176 2367.462297
1371.649636 2190.817552
1481.059591 2153.621381
1513.747304 2259.232234
1404.361725 2297.630137
1563.473215 2125.603171
1669.012623 2089.722873
1701.643444 2193.274565
1596.138320 2230.310302
