4368 2912
3501.131226 2132.849074
4134.479920 2189.733258
3434.882998 2533.360834
4093.476464 2644.298919
3530.834057 2169.808854
3586.964092 2175.191464
3578.769206 2228.593176
3522.379835 2222.613787
3622.395193 2178.589143
3680.493907 2184.160541
3672.747522 2238.558402
3614.367802 2232.367962
3717.178674 2187.678440
3777.351488 2193.448734
3770.091126 2248.880475
3709.613787 2242.467608
3815.357653 2197.093349
3877.717651 2203.073384
3870.984076 2259.578911
3808.293998 2252.931412
3917.117920 2206.851687
3981.786557 2213.053110
3975.624102 2270.674679
3910.597587 2263.779429
4022.659065 2216.972594
4089.766960 2223.407930
4084.223898 2282.190331
4016.727850 2275.033217
3516.910901 2256.772667
3573.467463 2263.141820
3565.103098 2317.647944
3508.283704 2310.658004
3609.174067 2267.162942
3667.735039 2273.757822
3659.825595 2329.300735
3600.979539 2322.061475
3704.718403 2277.922727
3765.392264 2284.755552
3757.976302 2341.375265
3696.993185 2333.873104
3803.722112 2289.072093
3866.625309 2296.155976
3859.744759 2353.894853
3796.506016 2346.115203
3906.376536 2300.632586
3971.634236 2307.981623
3965.334742 2366.884565
3899.712870 2358.811742
4012.887398 2312.627373
4080.634314 2320.256735
4074.965624 2380.371391
4006.823329 2371.988504
3502.702298 2345.519373
3559.691138 2352.914805
3551.151980 2408.559960
3493.896762 2400.518614
3595.677103 2357.584698
3654.707045 2365.245002
3646.629340 2421.969505
3587.310165 2413.638282
3691.993498 2370.083660
3753.176196 2378.023328
3745.599580 2435.869615
3684.102796 2427.232553
3791.834928 2383.040065
3855.290332 2391.274662
3848.257943 2450.287713
3784.461402 2441.327656
3895.398519 2396.479494
3961.255655 2405.025764
3954.814500 2465.253302
3888.586741 2455.951787
4002.896371 2410.429472
4071.294222 2419.305449
4065.495583 2480.798170
3996.694934 2471.135299
3488.199380 2436.104369
3545.626332 2444.567669
3536.906844 2501.387936
3479.209916 2492.252415
3581.895576 2449.912852
3641.401318 2458.682515
3633.149925 2516.626716
3573.350728 2507.158329
3678.995433 2464.222950
3740.694922 2473.315917
3732.952373 2532.429074
3670.933876 2522.609290
3779.687849 2479.062502
3843.704671 2488.496986
3836.515361 2548.826860
3772.151684 2538.635750
3884.175960 2494.461445
3950.643164 2504.257053
3944.055515 2565.854378
3877.211077 2555.270472
3992.678513 2510.452016
4061.739533 2520.629889
4055.806426 2583.548610
3986.334987 2572.548756
