4368 2912
168.306776 819.881645
545.626101 803.082822
179.330325 1043.777102
561.044300 1008.535810
193.939507 839.033221
231.947196 837.188280
233.462380 865.367873
195.393757 867.447096
256.611380 835.991050
293.613890 834.194901
295.225405 861.994516
258.165469 864.018646
317.630077 833.029125
353.666762 831.279859
355.369075 858.709604
319.278261 860.680803
377.060158 830.144314
412.168346 828.440119
413.956253 855.509705
378.797037 857.430022
434.962865 827.333644
469.177984 825.672799
471.046589 852.391559
436.783360 854.262939
491.396333 824.594292
524.752030 822.975165
526.696722 849.352074
493.295663 851.176365
196.423238 887.561620
234.534968 885.316015
236.060084 913.680313
197.887098 916.163267
259.265579 883.858846
296.366136 881.672820
297.988073 909.652220
260.829799 912.069172
320.444928 880.254058
356.574028 878.125272
358.287205 905.730076
322.103715 908.083623
380.026436 876.743418
415.221740 874.669652
417.020910 901.909754
381.774342 904.202360
438.071892 873.323284
472.369141 871.302434
474.249365 898.187341
439.903795 900.421342
494.639941 869.990201
528.073074 868.020266
530.029706 894.559121
496.551022 896.736735
198.923393 936.410937
237.139714 933.759420
238.674859 962.310246
200.396959 965.202223
261.937093 932.038934
299.136194 929.457993
300.768654 957.618928
263.511545 960.433782
323.277900 927.782998
359.499860 925.269854
361.224006 953.051397
324.947392 955.792172
383.011559 923.638570
418.294381 921.190584
420.104919 948.602818
384.770597 951.272402
441.200415 919.601322
475.580155 917.215994
477.472108 944.268605
443.043834 946.869734
497.903629 915.667152
531.414521 913.342106
533.383203 940.044402
499.826571 942.579677
201.440137 985.584366
239.761600 982.521614
241.306874 1011.260813
202.923506 1014.567184
264.626094 980.534378
301.924236 977.553412
303.567323 1005.897654
266.210878 1009.115565
326.129167 975.618891
362.444438 972.716479
364.179658 1000.676464
327.809469 1003.809418
386.015706 970.832601
421.386450 968.005678
423.208466 995.591681
387.785984 998.642998
444.348618 966.170481
478.811211 963.416140
480.715003 990.638027
446.203663 993.610858
501.187585 961.627761
534.776560 958.943242
536.757404 985.810494
503.122498 988.707829
