4368 2912
3298.547372 870.872127
4168.405196 1024.821124
3161.973519 1405.398682
3999.336074 1621.460576
3335.174197 925.845463
3411.702346 939.867191
3392.411905 1014.093885
3316.259611 999.315182
3460.021698 948.720413
3539.274739 963.241405
3519.349610 1038.728399
3440.492059 1023.424693
3589.329989 972.412685
3671.456092 987.460087
3650.862615 1064.250832
3569.153051 1048.393641
3723.342493 996.966875
3808.500771 1012.569842
3787.202826 1090.710069
3702.483679 1074.268815
3862.320675 1022.430894
3950.682208 1038.620770
3928.640987 1118.158653
3840.742864 1101.100463
4006.545740 1048.856262
4098.294726 1065.666798
4075.468474 1146.653133
3984.209028 1128.942618
3304.191229 1046.192271
3380.104194 1061.452096
3360.956044 1135.131278
3285.414686 1119.125790
3428.032044 1071.086427
3506.637788 1086.887548
3486.862222 1161.807920
3408.647423 1145.235992
3556.280911 1096.866678
3637.725295 1113.238414
3617.289169 1189.442411
3536.256455 1172.273430
3689.177445 1123.581190
3773.617058 1140.555020
3752.484821 1218.087281
3668.479112 1200.288390
3826.978953 1151.281688
3914.582118 1168.891447
3892.715579 1247.798974
3805.570209 1229.334861
3969.962090 1180.023784
4060.909983 1198.305891
4038.268064 1278.638221
3947.803671 1259.470883
3273.434221 1165.661383
3348.738950 1182.140807
3329.731522 1255.278511
3254.794216 1238.064551
3396.279758 1192.544472
3474.245639 1209.606253
3454.617958 1283.966359
3377.038544 1266.145478
3523.481408 1220.380837
3604.252037 1238.056399
3583.971469 1313.680347
3503.607711 1295.219869
3655.275056 1249.222099
3739.004552 1267.545169
3718.036096 1344.476531
3634.735362 1325.341396
3791.913931 1279.123673
3878.767910 1298.130494
3857.073983 1376.415130
3770.672277 1356.567665
3933.670227 1310.145126
4023.826903 1329.874698
4001.367094 1409.560913
3911.687977 1388.960591
3242.900710 1284.262366
3317.604048 1301.943196
3298.735796 1374.545370
3224.395758 1356.140948
3364.762205 1313.104615
3442.095547 1331.407916
3422.614098 1405.214017
3345.662813 1386.163128
3490.928665 1342.965767
3571.033385 1361.924998
3550.906602 1436.975494
3471.204031 1417.243465
3621.632311 1373.900781
3704.660100 1393.551847
3683.853529 1469.889268
3601.249436 1449.438908
3757.122374 1405.968648
3843.236199 1426.350119
3821.712850 1504.019208
3736.045858 1482.810564
3897.666676 1439.232755
3987.041850 1460.386123
3964.761962 1539.433988
3875.858500 1517.424089
