4368 2912
3628.687974 2341.101417
4036.723650 2386.854176
3605.228156 2605.164968
4026.218529 2660.896020
3649.448840 2365.508840
3689.546352 2370.068506
3686.673091 2405.855243
3646.410341 2401.168160
3712.342167 2372.660719
3752.819000 2377.263518
3750.208613 2413.251565
3709.563313 2408.519948
3775.830974 2379.880312
3816.692537 2384.526860
3814.350170 2420.718436
3773.316841 2415.941649
3839.923759 2387.168585
3881.175562 2391.859510
3879.106473 2428.256872
3837.679533 2423.434263
3904.629181 2394.526525
3946.276842 2399.262465
3944.486404 2435.867906
3902.660161 2430.998814
3969.956066 2401.955134
4012.005311 2406.736740
4010.499014 2443.552592
3968.267666 2438.636340
3644.540630 2423.110787
3684.905020 2427.876739
3681.991153 2464.169228
3641.459320 2459.272530
3707.853315 2430.586317
3748.602249 2435.397673
3745.954795 2471.896751
3705.035122 2466.953197
3771.769691 2438.133126
3812.908690 2442.990538
3810.532902 2479.698508
3769.219795 2474.707423
3836.298431 2445.752239
3877.833124 2450.656371
3875.734370 2487.575573
3834.022128 2482.536269
3901.448380 2453.444700
3943.384503 2458.396231
3941.568269 2495.529044
3899.451080 2490.440817
3967.228551 2461.211573
4009.571951 2466.211192
4008.043846 2503.560036
3965.515784 2498.422171
3639.563172 2481.525411
3680.198006 2486.503043
3677.242666 2523.312083
3636.438140 2518.200270
3703.300830 2489.333063
3744.325539 2494.358454
3741.640222 2531.379527
3700.442456 2526.218451
3767.650558 2497.215691
3809.070781 2502.289531
3806.660850 2539.525026
3765.064132 2534.313972
3832.621216 2505.174382
3874.442698 2510.297375
3872.313636 2547.749720
3830.312143 2542.487957
3898.221833 2513.210240
3940.450436 2518.383104
3938.607846 2556.054769
3896.195640 2550.741553
3964.461618 2521.324394
4007.103314 2526.547861
4005.552925 2564.441355
3962.723952 2559.075929
3634.514991 2540.770031
3675.423907 2545.964908
3672.426202 2583.301605
3631.345300 2577.969007
3698.683349 2548.918542
3739.987582 2554.163619
3737.263584 2591.717965
3695.783928 2586.333606
3763.472332 2557.145864
3805.177641 2562.441872
3802.732827 2600.216346
3760.848584 2594.779469
3828.890990 2565.453146
3871.003245 2570.800831
3868.843214 2608.797952
3826.548434 2603.307784
3894.948545 2573.841559
3937.473732 2579.241681
3935.604208 2617.464012
3892.892827 2611.919766
3961.654405 2582.312298
4004.598626 2587.765632
4003.025463 2626.215778
3959.891294 2620.616651
