2912 4368
2125.264816 1877.997039
2634.072966 1914.198106
2000.073668 2213.975524
2499.955825 2273.636011
2143.290442 1908.366669
2190.660649 1911.912294
2173.287039 1958.527744
2126.030020 1954.684325
2219.205213 1914.048833
2267.560406 1917.668183
2250.002988 1964.767061
2201.763382 1960.843728
2296.701604 1919.849380
2346.072829 1923.544779
2328.327676 1971.137217
2279.074514 1967.131451
2375.829566 1925.772048
2426.249184 1929.545919
2408.312239 1977.642371
2358.013240 1973.551547
2456.641170 1931.820736
2508.142936 1935.675604
2490.010009 1984.286859
2438.631504 1980.108240
2539.190732 1937.999508
2591.809860 1941.938010
2573.476623 1991.075209
2520.983483 1986.805936
2115.397894 1983.215210
2162.585196 1987.242051
2145.214138 2033.850650
2098.139991 2029.526102
2191.019521 1989.668563
2239.187933 1993.779130
2221.633123 2040.871014
2173.580264 2036.456554
2268.216544 1996.256356
2317.396987 2000.453287
2299.654496 2048.038584
2250.592083 2043.531379
2347.038713 2002.982835
2397.263419 2007.268880
2379.329193 2055.358038
2329.225071 2050.755136
2427.537890 2009.852425
2478.840476 2014.230454
2460.710329 2062.834259
2409.530965 2058.132577
2509.768173 2016.869744
2562.183713 2021.342749
2543.853316 2070.472334
2491.563725 2065.668660
2087.509418 2058.052820
2134.513868 2062.560738
2117.145363 2109.162487
2070.254036 2104.356949
2162.837987 2065.277137
2210.819672 2069.878774
2193.267469 2116.963666
2145.401303 2112.058225
2239.735731 2072.651942
2288.725448 2077.350255
2270.985619 2124.928411
2222.113897 2119.919918
2318.252197 2080.181990
2368.282048 2084.980056
2350.350543 2133.061922
2300.441239 2127.947095
2398.439042 2087.872234
2449.542507 2092.773264
2431.415139 2141.369619
2380.434858 2136.145035
2480.350140 2095.727841
2532.562156 2100.735185
2514.234599 2149.857159
2462.148495 2144.519248
2059.625015 2132.879503
2106.446665 2137.868355
2089.080712 2184.463256
2042.372153 2179.176870
2134.660612 2140.874555
2182.455624 2145.967120
2164.906027 2193.045019
2117.226500 2187.648742
2211.259163 2149.036140
2260.058210 2154.235685
2242.321044 2201.806702
2193.639955 2196.297070
2289.470018 2157.369516
2339.305072 2162.679447
2321.376285 2210.754023
2271.661742 2205.127426
2369.344622 2165.880166
2420.249030 2171.304036
2402.124439 2219.892944
2351.343180 2214.145618
2450.936635 2174.573804
2502.945188 2180.115322
2484.620470 2229.229686
2432.737790 2223.357704
