4368 2912
1118.453060 2170.425272
1516.059092 2092.426912
1231.288986 2510.794139
1640.167595 2392.685874
1154.711051 2195.375850
1195.474421 2187.069923
1209.730271 2228.286367
1168.793760 2237.086039
1221.834661 2181.698772
1261.246361 2173.668260
1275.767694 2214.091028
1236.198969 2222.596682
1286.739721 2168.473744
1324.865883 2160.705173
1339.627709 2200.363741
1301.359348 2208.589871
1349.534433 2155.678720
1386.436945 2148.159480
1401.416262 2187.081735
1364.385199 2195.041896
1410.320076 2143.293063
1446.056915 2136.011340
1461.232533 2174.223688
1425.379718 2181.930574
1469.191549 2131.297437
1503.817088 2124.242152
1519.169472 2161.769620
1484.439551 2169.235130
1178.864652 2266.914023
1219.923574 2257.757196
1234.564929 2300.088210
1193.332206 2309.764047
1246.468907 2251.837142
1286.148514 2242.987926
1301.055843 2284.485185
1261.219002 2293.833458
1311.809534 2237.265089
1350.178180 2228.708239
1365.325824 2269.403333
1326.815162 2278.440400
1374.998350 2223.172925
1412.119947 2214.894188
1427.484319 2254.816970
1390.234698 2263.558116
1436.139931 2209.537330
1472.074302 2201.523363
1487.633701 2240.702074
1451.584179 2249.161600
1495.332181 2196.336467
1530.135385 2188.574770
1545.869829 2227.036150
1510.963331 2235.227449
1203.680201 2340.412755
1245.035752 2330.361404
1260.078464 2373.852818
1218.548594 2384.449984
1271.766624 2323.864540
1311.714444 2314.155334
1327.023367 2356.770504
1286.918258 2367.004114
1337.543095 2307.877753
1376.153856 2298.493515
1391.702645 2340.266309
1352.950216 2350.154757
1401.125204 2292.424299
1438.464929 2283.348984
1454.229396 2324.311374
1416.762347 2333.871831
1462.620961 2277.477927
1498.751393 2268.696527
1514.709317 2308.878728
1478.464740 2318.127247
1522.131397 2263.014082
1557.110347 2254.512546
1573.241294 2293.943138
1538.160320 2302.894741
1229.185288 2415.953762
1270.838297 2404.961595
1286.299097 2449.661786
1244.471412 2461.228228
1297.754982 2397.858322
1337.971048 2387.245362
1353.698016 2431.024232
1313.324778 2442.188482
1363.967117 2380.385038
1402.819336 2370.131995
1418.785418 2413.025872
1379.792063 2423.808549
1427.941225 2363.502366
1465.497817 2353.591237
1481.678215 2395.634379
1443.995189 2406.054715
1489.788891 2347.180859
1526.113601 2337.594822
1542.485560 2378.819567
1506.047907 2388.895525
1549.614402 2331.392996
1584.766862 2322.116314
1601.309489 2362.553221
1566.056478 2372.301595
