2912 4368
1295.498842 3623.128832
1841.061908 3500.302417
1407.606682 4119.450456
1989.742147 3939.678690
1339.289909 3656.512465
1396.171104 3643.329244
1411.312980 3704.987737
1353.899944 3718.891312
1430.955578 3635.267328
1486.210566 3622.461009
1502.169486 3682.985236
1446.416706 3696.486753
1520.007637 3614.627941
1573.705172 3602.182589
1590.428902 3661.611667
1536.265389 3674.728314
1606.556295 3594.568761
1658.761311 3582.469327
1676.201015 3640.840442
1623.559770 3653.588444
1690.705651 3575.065663
1741.479521 3563.297922
1759.589508 3620.646452
1708.407246 3633.041136
1772.554111 3556.095836
1821.954889 3544.646334
1840.692382 3601.005965
1790.909276 3613.061819
1363.438378 3759.616507
1421.196908 3745.235596
1436.932684 3809.312473
1378.626826 3824.464939
1456.507948 3736.443735
1512.583860 3722.481767
1529.159441 3785.344680
1472.572020 3800.050559
1546.873672 3713.944176
1601.339438 3700.383107
1618.699936 3762.074990
1563.756083 3776.353741
1634.651691 3692.088911
1687.575679 3678.911719
1705.669847 3739.473340
1652.298982 3753.343305
1719.951590 3670.850657
1771.398349 3658.041272
1790.178303 3717.511371
1738.313832 3730.989855
1802.876847 3650.203650
1852.907377 3637.746881
1872.328343 3696.162305
1821.907377 3709.265653
1388.546655 3866.818528
1447.208112 3851.154542
1463.573425 3917.794930
1404.348558 3934.286158
1483.060659 3841.581070
1539.980149 3826.382230
1557.208836 3891.722048
1499.763647 3907.717723
1574.775905 3817.090946
1630.029882 3802.336838
1648.064222 3866.423268
1592.319682 3881.945395
1663.814892 3793.315447
1717.475404 3778.986831
1736.261580 3841.864619
1682.143270 3856.933920
1750.293076 3770.223742
1802.428074 3756.302474
1821.915870 3818.014089
1769.353653 3832.650095
1834.319366 3747.786750
1884.992989 3734.255704
1905.135521 3794.841487
1854.063232 3809.062621
1414.673120 3978.367800
1474.264084 3961.327839
1491.297485 4030.688710
1431.126408 4048.616578
1510.673631 3950.916575
1568.460130 3934.392598
1586.381298 4002.358652
1528.054423 4019.737044
1603.775463 3924.294224
1659.838236 3908.263145
1678.586424 3974.886294
1622.020244 3991.740090
1694.107950 3898.463763
1748.522987 3882.903852
1768.041643 3948.233266
1713.157620 3964.585866
1781.792844 3873.390378
1834.631736 3858.281164
1854.868164 3922.363455
1801.592365 3938.236886
1866.944862 3849.041267
1918.275111 3834.363447
1939.180181 3897.242834
1887.442939 3912.657857
