4368 2912
3848.681605 1521.685087
4169.221432 1522.122195
3834.952038 1697.412184
4161.449228 1700.826685
3866.114784 1536.423652
3897.261056 1536.488396
3895.536214 1560.352847
3864.313337 1560.249832
3915.885158 1536.527110
3947.190552 1536.592186
3945.589044 1560.517989
3914.206244 1560.414446
3965.909922 1536.631099
3997.375661 1536.696508
3995.898774 1560.683979
3964.354822 1560.579904
4016.191034 1536.735619
4047.818352 1536.801365
4046.467392 1560.850824
4014.761041 1560.746213
4066.730468 1536.840677
4098.520613 1536.906761
4097.296897 1561.018529
4065.426892 1560.913378
4117.530220 1536.946277
4149.484453 1537.012700
4148.389317 1561.187101
4116.354385 1561.081407
3863.199019 1574.987954
3894.469275 1575.114741
3892.730136 1599.177005
3861.382663 1599.011313
3913.167710 1575.190554
3944.598383 1575.317990
3942.983566 1599.442625
3911.474866 1599.276082
3963.392865 1575.394193
3994.985194 1575.522284
3993.496003 1599.709615
3961.824829 1599.542212
4013.876465 1575.598879
4045.631698 1575.727631
4044.269452 1599.977984
4012.434546 1599.809717
4064.620507 1575.804622
4096.539908 1575.934040
4095.305945 1600.247744
4063.306031 1600.078604
4115.627013 1576.011428
4147.711860 1576.141517
4146.607528 1600.518904
4114.441320 1600.348886
3860.259102 1613.871659
3891.654333 1614.061514
3889.900719 1638.324061
3858.427653 1638.094654
3910.427697 1614.175041
3941.984656 1614.365875
3940.356364 1638.691831
3908.720750 1638.461239
3960.854854 1614.479988
3992.574794 1614.671807
3991.073144 1639.061504
3959.273720 1638.829719
4011.542576 1614.786511
4043.426764 1614.979323
4042.053092 1639.433097
4010.088582 1639.200108
4062.492889 1615.094621
4094.542603 1615.288434
4093.298261 1639.806621
4061.167376 1639.572421
4113.707838 1615.404331
4145.924370 1615.599153
4144.810726 1640.182095
4112.512164 1639.946671
3857.294737 1653.078747
3888.815943 1653.332720
3887.047671 1677.798062
3855.448004 1677.503880
3907.664839 1653.484589
3939.349100 1653.739876
3937.707163 1678.269684
3905.943610 1677.973976
3958.295626 1653.892532
3990.144212 1654.149142
3988.629944 1678.743757
3956.701229 1678.446512
4009.189126 1654.302592
4041.203319 1654.560537
4039.818075 1679.220302
4007.722904 1678.921506
4060.347392 1654.714784
4092.528485 1654.974074
4091.273633 1679.699335
4059.010702 1679.398978
4111.772493 1655.129126
4144.121795 1655.389772
4142.998721 1680.180878
4110.566711 1679.878947
