4368 2912
3612.587983 956.354715
4091.133744 955.228746
3569.225188 1190.479211
4067.864867 1196.053298
3636.527331 975.674103
3682.715847 975.614287
3677.376097 1006.960462
3630.937602 1006.937668
3710.380534 975.578461
3756.960070 975.518139
3752.025074 1006.997102
3705.191179 1006.974115
3784.859454 975.482008
3831.834997 975.421173
3827.311862 1007.034056
3780.077493 1007.010872
3859.972079 975.384735
3907.348700 975.323381
3903.244669 1007.071327
3855.604668 1007.047944
3935.726531 975.286630
3983.509389 975.224749
3979.831847 1007.108919
3931.780967 1007.085334
4012.131072 975.187684
4060.325413 975.125270
4057.081890 1007.146836
4008.614792 1007.123047
3627.462242 1026.375492
3674.056076 1026.450124
3668.616276 1058.383617
3621.768060 1058.223260
3701.964621 1026.494826
3748.956592 1026.570097
3743.928733 1058.641405
3696.677879 1058.479669
3777.104121 1026.615183
3824.499355 1026.691099
3819.890739 1058.901416
3772.232032 1058.738285
3852.888951 1026.736572
3900.692661 1026.813143
3896.510733 1059.163680
3848.438870 1058.999133
3929.327461 1026.859009
3977.544950 1026.936242
3973.797302 1059.428224
3925.306886 1059.262246
4006.428144 1026.982506
4055.064807 1027.060410
4051.759182 1059.695081
4002.844723 1059.527651
3618.227453 1078.026010
3665.233758 1078.240165
3659.691071 1110.777641
3612.425864 1110.474512
3693.390484 1078.368444
3740.802239 1078.584447
3735.678872 1111.264977
3688.003588 1110.959219
3769.202354 1078.713834
3817.024828 1078.931707
3812.328287 1111.756556
3764.237565 1111.448134
3845.671502 1079.062218
3893.910056 1079.281987
3889.647993 1112.252435
3841.136380 1111.941313
3922.806513 1079.413637
3971.466601 1079.635326
3967.646825 1112.752669
3918.708769 1112.438812
4000.616123 1079.768128
4049.703293 1079.991763
4046.333765 1113.257315
3996.963620 1112.940687
3608.818156 1130.652563
3656.244272 1131.011532
3650.595752 1164.170289
3602.906093 1163.718958
3684.653619 1131.226563
3732.492704 1131.588659
3727.271081 1164.895938
3679.163697 1164.440653
3761.149967 1131.805567
3809.407436 1132.170830
3804.620427 1165.627966
3756.089807 1165.168676
3838.315875 1132.389638
3886.997242 1132.758109
3882.652719 1166.366458
3833.693251 1165.903109
3916.160174 1132.978845
3965.271048 1133.350567
3961.377039 1167.111498
3911.983017 1166.644037
3994.691848 1133.573253
4044.237941 1133.948270
4040.802637 1167.863177
3990.968247 1167.391547
