4368 2912
3469.870489 2131.419979
3975.306874 2121.847196
3509.654245 2466.190923
4049.684717 2458.191727
3502.960458 2158.597746
3552.248789 2157.680326
3558.182515 2201.268328
3508.463515 2202.167239
3582.263830 2157.121646
3631.647742 2156.202445
3638.276326 2199.820245
3588.460073 2200.720914
3661.721016 2155.642682
3711.200788 2154.721697
3718.526929 2198.369327
3668.613138 2199.271760
3741.332466 2154.160847
3790.908376 2153.238074
3798.934786 2196.915566
3748.923168 2197.819768
3821.098629 2152.676132
3870.770957 2151.751564
3879.500358 2195.458953
3829.390627 2196.364930
3901.019954 2151.188529
3950.788985 2150.262162
3960.224110 2193.999481
3910.015977 2194.907236
3511.969112 2229.922195
3561.962492 2229.035312
3568.066598 2273.874898
3517.630086 2274.741968
3592.407303 2228.495221
3642.499010 2227.606593
3649.318116 2272.478077
3598.781533 2273.346867
3673.003728 2227.065439
3723.194050 2226.175062
3730.730973 2271.078481
3680.094021 2271.948998
3753.758853 2225.632842
3804.048083 2224.740710
3812.305652 2269.676104
3761.568031 2270.548351
3834.673148 2224.197421
3885.061579 2223.303529
3894.042635 2268.270937
3843.204046 2269.144920
3915.747085 2222.759167
3966.235009 2221.863511
3975.942407 2266.862971
3925.002547 2267.738695
3521.237007 2303.299132
3571.955898 2302.444937
3578.237830 2348.590797
3527.062793 2349.423784
3602.842965 2301.924744
3653.663047 2301.068845
3660.681008 2347.248850
3609.402960 2348.083514
3684.611768 2300.547613
3735.533343 2299.690004
3743.290276 2345.904201
3691.908904 2346.740547
3766.543903 2299.167732
3817.567277 2298.308408
3826.066136 2344.556839
3774.581127 2345.394872
3848.639862 2297.785091
3899.765339 2296.924048
3909.009091 2343.206758
3857.420132 2344.046483
3930.900135 2296.399683
3982.128022 2295.536915
3992.119650 2341.853949
3940.426425 2342.695371
3530.775495 2378.818445
3582.241263 2377.999239
3588.708906 2425.509299
3536.773399 2426.305803
3613.583623 2377.500348
3665.153573 2376.679483
3672.379218 2424.226095
3620.337624 2425.024227
3696.559413 2376.179581
3748.233862 2375.357052
3756.220581 2422.940269
3704.072576 2423.740033
3779.703372 2374.856137
3831.482638 2374.031940
3840.233520 2421.651812
3787.978777 2422.453212
3863.016015 2373.530008
3914.900417 2372.704138
3924.418563 2420.360714
3872.056754 2421.163757
3946.497853 2372.201186
3998.487712 2371.373638
4008.776239 2419.066970
3956.307033 2419.871660
