2912 4368
2301.989607 3249.376670
2773.191912 3349.683007
2227.622112 3565.217816
2716.143867 3697.194016
2325.268459 3285.725546
2364.379002 3294.239292
2355.854252 3332.256940
2316.584635 3323.442084
2394.733824 3300.847056
2434.782655 3309.565051
2426.551576 3348.126376
2386.334538 3339.098853
2465.870099 3316.332296
2506.891392 3325.261982
2498.970851 3364.382339
2457.771688 3355.134358
2538.738306 3332.194551
2580.767916 3341.343731
2573.175763 3381.039124
2530.958057 3371.562510
2613.402474 3348.447758
2656.478042 3357.824627
2649.233182 3398.111741
2605.958685 3388.397911
2689.929830 3365.106551
2734.090891 3374.719715
2727.213353 3415.615959
2682.841886 3405.655891
2309.667739 3353.484306
2349.063613 3362.541015
2340.367186 3401.324291
2300.810216 3391.955271
2379.643495 3369.571017
2419.994084 3378.847205
2411.595224 3418.194565
2371.074171 3408.597204
2451.319550 3386.048609
2492.659983 3395.552351
2484.575998 3435.479973
2443.055183 3425.645818
2524.758634 3402.931502
2567.125787 3412.671278
2559.375011 3453.196028
2516.816972 3443.116208
2600.026608 3420.234839
2643.459211 3430.219550
2636.061070 3471.359028
2592.426449 3461.024221
2677.192653 3437.974523
2721.731407 3448.213526
2714.706496 3489.986102
2669.953920 3479.386507
2293.754270 3422.601431
2333.439101 3432.221333
2324.565757 3471.793601
2284.717786 3461.849686
2364.246983 3439.689397
2404.903380 3449.544814
2396.331553 3489.702492
2355.502403 3479.513728
2436.470144 3457.196836
2478.134229 3467.296524
2469.881688 3508.056659
2428.034668 3497.613889
2510.488264 3475.139387
2553.197970 3485.492541
2545.283547 3526.872916
2502.380114 3516.166521
2586.369101 3493.533474
2630.164289 3504.149758
2622.607951 3546.168938
2578.607589 3535.188809
2664.183863 3512.396359
2709.106450 3523.285933
2701.929378 3565.963309
2656.789477 3554.698812
2277.518553 3493.118181
2317.496009 3503.322411
2308.440294 3543.707993
2268.297626 3533.167523
2348.534871 3511.245069
2389.501184 3521.701705
2380.750993 3562.694994
2339.609603 3551.892282
2421.312579 3529.821553
2463.304901 3540.540077
2454.878478 3582.159036
2412.700624 3571.084175
2495.918033 3548.864567
2538.975395 3559.854943
2530.892086 3602.118328
2487.638102 3590.760903
2572.420958 3568.391910
2616.584400 3579.664612
2608.864735 3622.592016
2564.492905 3610.941071
2650.894679 3588.422298
2696.207374 3599.988346
2688.873144 3643.600243
2643.339567 3631.644253
