4368 2912
2577.117912 1314.313027
3020.237536 1336.733856
2478.178811 1654.836047
2910.457388 1690.254148
2595.864744 1347.561729
2634.944515 1349.640531
2622.046008 1393.546418
2583.087484 1391.318307
2662.888524 1351.126979
2702.441339 1353.230943
2689.332166 1397.394641
2649.902994 1395.139613
2730.724627 1354.735439
2770.759127 1356.865026
2757.435104 1401.289577
2717.526704 1399.007140
2799.387909 1358.387900
2839.912949 1360.543581
2826.369785 1405.232082
2785.973366 1402.921734
2868.893592 1362.085171
2909.918244 1364.267428
2896.151541 1409.223032
2855.258096 1406.884258
2939.257277 1365.828082
2980.790836 1368.037410
2966.796080 1413.263327
2925.396381 1410.895600
2573.769060 1423.229870
2612.639271 1425.566494
2599.827812 1469.176077
2561.077728 1466.692178
2640.432871 1427.237264
2679.771987 1429.602075
2666.751813 1473.465939
2627.535193 1470.952134
2707.901884 1431.293062
2747.718441 1433.686573
2734.485423 1477.807696
2694.793789 1475.263443
2776.190777 1435.398145
2816.493519 1437.820884
2803.043421 1482.202297
2762.868089 1479.627039
2845.314585 1439.553419
2886.112473 1442.005922
2872.440949 1486.650713
2831.773025 1484.043879
2915.288714 1443.759808
2956.590929 1446.242628
2942.693525 1491.153938
2901.523892 1488.514945
2551.821867 1498.389491
2590.484450 1500.980425
2577.759159 1544.296694
2539.215600 1541.560489
2618.129031 1502.832998
2657.256431 1505.455082
2644.324353 1549.022154
2605.318317 1546.253117
2685.234366 1507.329995
2724.835014 1509.983793
2711.692072 1553.804585
2672.215183 1551.002123
2753.152371 1511.881452
2793.234906 1514.567543
2779.876916 1558.645023
2739.920597 1555.808527
2821.897899 1516.488364
2862.471171 1519.207341
2848.893844 1563.544532
2808.449308 1560.673377
2891.486165 1521.151752
2932.559242 1523.904223
2918.758178 1568.504198
2877.816424 1565.597745
2530.021673 1573.045703
2568.478535 1575.887488
2555.838547 1618.913392
2517.499619 1615.928310
2595.975470 1577.919384
2634.893110 1580.795219
2622.048239 1624.068502
2583.250843 1621.047723
2662.720493 1582.851534
2702.107241 1585.762033
2689.053460 1629.285551
2649.789322 1626.228432
2730.271067 1587.843209
2770.135457 1590.789004
2756.868634 1634.565664
2717.129280 1631.471544
2798.641863 1592.895497
2838.992638 1595.877232
2825.508536 1639.909990
2785.285288 1636.778194
2867.847912 1598.009504
2908.694026 1601.027843
2894.988304 1645.319709
2854.272268 1642.149545
