4368 2912
561.397037 1816.707839
1094.768002 1746.671361
606.416562 2176.175161
1163.070048 2068.014948
595.535000 1840.470195
654.957863 1832.382194
661.867657 1881.318036
602.056919 1889.970110
685.872779 1828.174389
743.499050 1820.330920
750.969537 1868.428777
692.980689 1876.817301
773.486311 1816.249377
829.396253 1808.639518
837.390971 1855.927265
781.142018 1864.064100
858.496996 1804.678637
912.766160 1797.292103
921.251121 1843.796262
866.664914 1851.692568
941.019124 1793.446613
993.718695 1786.273715
1002.662187 1832.019537
949.666074 1839.685824
1021.160394 1782.538646
1072.357492 1775.570248
1081.729911 1820.581794
1030.255410 1828.027969
605.667841 1917.376198
665.692866 1908.408548
672.768329 1958.517669
612.347755 1968.075256
696.915327 1903.743958
755.104398 1895.050596
762.751224 1944.283786
704.192734 1953.546821
785.379137 1890.527594
841.815219 1882.096127
849.995772 1930.483067
793.214592 1939.464960
871.184741 1877.708363
925.945871 1869.527131
934.625100 1917.096035
879.541525 1925.809392
954.450178 1865.268629
1007.609830 1857.326656
1016.755061 1904.104364
963.294082 1912.561052
1035.286599 1853.191787
1086.914014 1845.478727
1096.494764 1891.490794
1044.585729 1899.701989
616.046684 1996.149299
676.685803 1986.261610
683.932964 2037.586719
622.890404 2048.091609
708.221759 1981.119421
766.984265 1971.537729
774.813748 2021.946933
715.674799 2032.124228
797.551781 1966.553453
854.523461 1957.263769
862.896406 2006.788679
805.573390 2016.653467
884.166471 1952.430241
939.427959 1943.419417
948.308206 1992.090058
892.718748 2001.656516
968.187779 1938.729900
1021.814941 1929.985566
1031.168813 1977.830473
977.235446 1987.111933
1049.730464 1925.433718
1101.794743 1916.944226
1111.590849 1963.990546
1059.240653 1972.999556
626.680597 2076.858327
687.946083 2066.008018
695.371269 2118.593921
633.694224 2130.090186
719.801651 2060.366297
779.148509 2049.855783
787.167271 2101.483646
727.436759 2112.617087
810.014238 2044.389366
867.531206 2034.202932
876.103410 2084.906434
818.228713 2095.693962
897.452522 2028.903772
953.222948 2019.026656
962.311280 2068.837756
906.207233 2079.295245
982.242545 2013.887195
1036.344791 2004.305517
1045.914527 2053.254566
991.501098 2063.396933
1064.502823 1999.318642
1117.010631 1990.019346
1127.029436 2038.135189
1074.231342 2047.976466
