2912 4368
1773.457449 2606.480627
2626.869493 2747.899430
1701.262465 3172.404424
2542.879958 3378.811663
1814.975930 2663.235617
1890.583458 2676.232245
1880.579959 2754.110968
1805.110155 2740.336139
1938.277096 2684.430589
2016.429478 2697.864667
2006.195078 2777.038373
1928.186334 2762.800135
2065.742020 2706.341295
2146.569938 2720.235287
2136.094569 2800.747766
2055.416574 2786.022333
2197.585233 2729.004610
2281.228474 2743.382544
2270.501427 2825.279849
2187.014796 2810.041780
2334.036262 2752.459990
2420.644521 2767.347599
2409.654397 2850.678197
2323.209868 2834.900249
2475.340962 2776.749696
2565.074740 2792.174570
2553.809381 2876.989518
2464.246928 2860.642483
1798.797274 2789.670986
1874.179003 2803.943361
1864.191690 2881.696075
1788.947301 2866.648013
1921.729575 2812.946333
1999.646464 2827.698701
1989.428900 2906.742156
1911.655244 2891.188270
2048.809738 2837.007013
2129.391862 2852.264003
2118.934019 2932.641773
2038.501389 2916.556120
2180.251297 2861.893457
2263.637784 2877.681410
2252.928997 2959.439314
2169.698662 2942.794151
2316.282695 2887.648917
2402.622528 2903.996041
2391.651440 2987.182296
2305.474853 2969.947914
2457.148616 2914.319720
2546.601522 2931.256255
2535.356028 3015.921653
2446.073930 2998.066202
1782.644526 2915.903871
1857.801087 2931.447870
1847.829921 3009.074880
1772.810319 2992.757700
1905.208993 2941.252848
1982.891055 2957.319176
1972.690287 3036.232702
1895.151053 3019.367489
2031.905488 2967.456419
2112.242522 2984.071852
2101.802163 3064.315251
2021.614192 3046.873922
2162.946549 2994.558539
2246.077031 3011.751717
2235.386456 3093.370575
2152.411671 3075.323100
2298.559546 3022.606234
2384.631748 3040.407824
2373.679647 3123.450111
2287.770206 3104.764331
2438.987992 3051.649868
2528.160873 3070.092746
2516.935191 3154.608986
2427.932602 3135.250430
1766.517627 3041.934758
1841.449645 3058.746274
1831.494587 3136.247885
1756.699146 3118.665685
1888.715285 3069.350647
1966.163184 3086.726619
1955.979170 3165.510536
1878.673696 3147.338301
2015.029198 3097.690047
2095.121847 3115.659387
2084.698927 3195.768750
2004.754915 3176.976273
2145.670915 3127.000420
2228.546138 3145.594049
2217.873728 3227.074216
2135.153750 3207.629190
2280.866733 3157.332536
2366.672098 3176.583563
2355.738935 3259.482256
2270.095849 3239.350095
2420.859006 3188.740771
2509.752705 3208.684686
2498.546783 3293.052164
2409.822863 3272.195790
