2912 4368
138.621956 3389.532830
1280.957717 2941.485492
418.161313 4303.871756
1544.213808 3695.097030
229.481700 3434.401243
363.896041 3380.177061
403.055655 3504.868153
268.825786 3561.701638
432.906299 3352.337587
559.899887 3301.107017
598.752847 3422.009149
471.963039 3475.692480
625.152306 3274.783494
745.323139 3226.305296
783.844891 3343.640409
663.893267 3394.428425
807.116510 3201.377191
921.000018 3155.435367
959.171111 3269.406559
845.519008 3317.527332
979.602272 3131.794592
1087.679290 3088.195168
1125.484536 3198.988764
1017.648416 3244.647025
1143.331387 3065.744518
1246.034938 3024.312808
1283.462719 3132.100146
1181.007297 3175.480197
290.490800 3631.800222
424.616471 3573.521581
464.278362 3699.812016
330.349245 3760.764860
493.465874 3543.605982
620.141038 3488.564643
659.478361 3610.974015
533.018623 3668.527450
685.218549 3460.287962
805.047206 3408.221482
844.036087 3526.979448
724.437838 3581.410132
866.654506 3381.452633
980.177092 3332.126191
1018.798768 3447.442732
905.518336 3498.998096
1038.584531 3306.747707
1146.286061 3259.950558
1184.526024 3372.018151
1077.075697 3420.920161
1201.736615 3235.856863
1304.053610 3191.399338
1341.900910 3300.394840
1239.841914 3346.843186
352.298420 3831.782870
486.116616 3769.348852
526.290512 3897.269600
392.681377 3962.444600
554.795407 3737.306178
681.134023 3678.361822
720.964827 3802.306795
594.853676 3863.824252
746.027234 3648.085343
865.496291 3592.346037
904.960853 3712.552895
785.733767 3770.712281
926.908502 3563.693648
1040.053444 3510.904913
1079.133726 3627.590764
966.242027 3682.659726
1098.257416 3483.749354
1205.567430 3433.682954
1244.249650 3547.046643
1137.201456 3599.265124
1260.808156 3407.909923
1362.723247 3360.360570
1400.997162 3470.584664
1299.350224 3520.168392
414.920342 4034.400243
548.411592 3967.707007
589.107472 4097.289841
455.838232 4166.792785
616.909677 3933.484848
742.893008 3870.542624
783.226635 3996.052276
657.483217 4061.630332
807.592214 3838.218413
926.683680 3778.719419
966.632679 3900.401847
847.795128 3962.378336
987.891490 3748.139534
1100.641539 3691.808759
1140.188647 3809.888455
1027.703277 3868.552138
1158.633127 3662.835724
1265.535112 3609.426685
1304.667307 3724.109087
1198.038081 3779.718658
1320.557476 3581.937098
1422.054870 3531.228234
1460.762651 3642.701810
1359.543867 3695.489712
