4368 2912
329.534650 1275.273316
1304.223943 941.459350
690.037214 1997.362220
1592.098771 1544.465983
426.544622 1315.859499
534.792526 1277.433865
581.896443 1372.577520
474.775351 1412.802407
599.883055 1254.328154
701.598888 1218.221263
746.981452 1310.586687
646.313104 1348.388513
762.820188 1196.489043
858.577862 1162.497168
902.357138 1252.241788
807.575556 1287.833083
916.264961 1142.019512
1006.573068 1109.962114
1048.855596 1197.230364
959.459111 1230.799508
1061.023397 1090.633441
1146.334253 1060.349957
1187.216484 1145.274667
1102.758854 1176.989229
1197.812781 1042.076207
1278.529991 1013.423367
1318.099508 1096.126972
1238.182466 1126.136505
505.567982 1474.695048
611.971433 1433.325004
658.795276 1527.902945
553.506319 1571.050253
675.958888 1408.446453
775.960012 1369.565657
821.080885 1461.398467
722.116121 1501.954126
836.154574 1346.161795
930.314313 1309.552151
973.848540 1398.794437
880.654814 1436.985131
987.043494 1287.495641
1075.859125 1252.963805
1117.911721 1339.757491
1029.998554 1375.784218
1129.413786 1232.141560
1213.327701 1199.515528
1253.993772 1283.991205
1170.924733 1318.032812
1263.967042 1179.826772
1343.374116 1148.953016
1382.740050 1231.231111
1304.125514 1263.447268
584.112556 1632.568247
688.691708 1588.289768
735.237966 1682.307024
631.761151 1728.341075
751.587967 1561.659692
849.892584 1520.037831
894.754020 1611.342623
797.474782 1654.619539
909.071149 1494.981816
1001.649448 1455.784460
1044.940678 1544.528618
953.318438 1585.288888
1057.430461 1432.166958
1144.768605 1395.188266
1186.593140 1481.511249
1100.148410 1519.968184
1197.436473 1372.888858
1279.967110 1337.945651
1320.418727 1421.975845
1238.724718 1458.319313
1329.775362 1316.856996
1407.884786 1283.785715
1447.048702 1365.641576
1369.724274 1400.041134
662.182683 1789.487813
764.957427 1742.336387
811.228561 1835.797930
709.544155 1884.683528
826.774216 1713.975823
923.400296 1669.645307
968.004528 1760.426619
872.392981 1806.392642
981.573478 1642.956372
1072.586625 1601.200981
1115.636886 1689.451171
1025.569966 1732.751570
1127.429102 1576.040122
1213.304570 1536.641817
1254.902892 1622.497915
1169.911899 1663.358021
1265.094415 1512.881455
1346.255276 1475.646137
1386.494133 1559.234365
1306.161745 1597.854808
1395.240448 1453.172516
1472.064567 1417.926826
1511.028015 1499.363696
1434.981436 1535.923703
