4368 2912
612.544073 1671.006037
834.242985 1620.451421
729.550392 1881.987730
945.322010 1804.311835
635.788555 1685.413121
660.216455 1679.597691
675.763952 1707.180421
651.405708 1713.385697
673.764697 1676.372327
697.239241 1670.783858
712.674752 1697.777374
689.272111 1703.739210
710.263853 1667.683152
732.839782 1662.308612
748.160319 1688.737406
725.658130 1694.469851
745.370546 1659.325474
767.098489 1654.152809
782.301639 1680.039885
760.648914 1685.555929
779.162968 1651.280678
800.089821 1646.298725
815.173675 1671.665716
794.323205 1676.977385
811.713567 1643.531517
831.882830 1638.729919
846.845918 1663.597194
826.753927 1668.715640
661.032292 1730.628299
685.346529 1724.180818
701.164697 1752.243742
676.924897 1759.094249
698.829390 1720.605526
722.186697 1714.411798
737.885585 1741.865905
714.604811 1748.445377
735.144099 1710.975844
757.599876 1705.021177
773.176731 1731.892133
750.799174 1738.216344
770.061950 1701.716570
791.667403 1695.987386
807.120042 1722.299278
785.594141 1728.382799
803.662017 1692.806738
824.464547 1687.290467
839.791286 1713.065927
819.069331 1718.922242
836.017518 1684.226930
856.061065 1678.911921
871.260656 1704.172243
851.298434 1709.813846
686.722023 1776.642317
710.914828 1769.541395
727.010795 1798.097163
702.897432 1805.614809
724.327981 1765.604450
747.560527 1758.785377
763.529590 1786.711965
740.378417 1793.929637
760.446531 1755.003157
782.774878 1748.449480
798.614536 1775.773789
776.369089 1782.709089
795.164210 1744.813040
816.640134 1738.509560
832.348454 1765.256812
810.956603 1771.925993
828.560967 1735.010632
849.232367 1728.943291
864.807907 1755.137166
844.221447 1761.555256
860.710780 1725.574218
880.622034 1719.729991
896.063780 1745.392752
876.238067 1751.573669
712.869674 1823.476534
736.932913 1815.699937
753.314063 1844.761646
729.335503 1852.969211
750.271833 1811.389154
773.371755 1803.923876
789.618029 1832.335248
766.604539 1840.212481
786.181988 1799.783951
808.375303 1792.611664
824.484473 1820.400896
802.378943 1827.967346
820.687668 1788.632637
842.026721 1781.736424
857.997121 1808.929931
836.746857 1816.203634
853.869689 1777.909093
874.402870 1771.273317
890.233318 1797.895880
869.789628 1804.893502
885.802781 1767.589171
905.574895 1761.199351
921.264630 1787.274246
901.582448 1794.011213
