4368 2912
186.515264 1156.473905
1121.374963 1131.996101
277.596508 1809.556420
1256.643947 1665.673785
255.884050 1208.952825
361.490701 1205.164824
374.609798 1286.640362
268.216110 1292.079802
423.774735 1202.930760
523.079311 1199.368808
537.324147 1278.321494
437.338989 1283.433294
581.701372 1197.266094
675.251621 1193.910544
690.469844 1270.491829
596.331152 1275.304726
730.525425 1191.927929
818.807405 1188.761346
834.866830 1263.109447
746.076395 1267.648911
871.011831 1186.888827
954.458361 1183.895686
971.243961 1256.137085
887.358620 1260.425773
1003.842155 1182.124340
1082.839908 1179.290773
1100.251323 1249.541507
1020.875553 1253.599641
276.087899 1345.141347
382.981353 1338.631518
396.523681 1422.735511
288.825833 1431.004214
445.993014 1334.794098
546.409718 1328.678704
561.099921 1410.099863
459.989652 1417.862792
605.660628 1325.070314
700.171893 1319.314562
715.851675 1398.218508
620.742533 1405.520689
755.988959 1315.915293
845.100826 1310.488366
861.633166 1387.025862
772.006299 1393.907132
897.774134 1307.280554
981.936434 1302.155055
999.202374 1376.463729
914.597066 1382.959460
1031.724292 1299.122967
1111.338241 1294.274465
1129.234220 1366.480292
1049.239969 1372.622000
296.958846 1485.826589
405.167500 1476.417548
419.153875 1563.279271
310.123027 1574.562670
468.921751 1470.873939
570.471787 1462.043882
585.628577 1546.051115
483.371783 1556.633479
630.362573 1456.836212
725.850224 1448.533296
742.012887 1529.867194
645.917892 1539.811886
782.218380 1443.631928
872.170763 1435.810320
889.197222 1514.635362
798.723390 1523.998331
925.318182 1431.189004
1010.203026 1423.808032
1027.970222 1500.274003
942.638368 1509.104838
1060.398063 1419.443435
1140.631846 1412.466884
1159.032902 1486.710572
1078.416796 1495.053382
318.530485 1631.235003
428.083459 1618.736038
442.536084 1708.493389
332.142672 1722.990968
492.595579 1611.375811
595.300488 1599.658145
610.946451 1686.376647
507.521396 1699.959097
655.842285 1592.750895
752.321739 1581.743494
768.989937 1665.621351
671.893662 1678.372664
809.248772 1575.248655
900.052131 1564.888845
917.595195 1646.105543
826.264066 1658.099740
953.678736 1558.770552
1039.292572 1549.002817
1057.583176 1627.721413
971.518554 1639.023978
1089.897667 1543.229251
1170.754485 1534.004247
1189.682305 1610.373299
1108.441443 1621.042376
