4368 2912
3657.745651 1470.385586
3989.698583 1484.899811
3651.899994 1658.006687
3993.408340 1670.474876
3675.473786 1485.795777
3710.118969 1487.291653
3709.532245 1513.770514
3674.747298 1512.303533
3728.386800 1488.080403
3762.893487 1489.570299
3762.518962 1516.005116
3727.873625 1514.544023
3781.088364 1490.355899
3815.457384 1491.839851
3815.293366 1518.230765
3780.786801 1516.775523
3833.579744 1492.622320
3867.811918 1494.100364
3867.856732 1520.447513
3833.488107 1518.998089
3885.862193 1494.879720
3919.958338 1496.351890
3920.210323 1522.655414
3885.978812 1521.211773
3937.936958 1497.128153
3971.897884 1498.594485
3972.355393 1524.854521
3938.260178 1523.416628
3674.347366 1526.896079
3709.209256 1528.347035
3708.615206 1555.156568
3673.611794 1553.735307
3727.591125 1529.112090
3762.312789 1530.557210
3761.933596 1557.321481
3727.071546 1555.905960
3780.620794 1531.319191
3815.203077 1532.758510
3815.037019 1559.477666
3780.315475 1558.067850
3833.437662 1533.517435
3867.881401 1534.950987
3867.926771 1561.625176
3833.344887 1560.221030
3886.043008 1535.706875
3920.349034 1537.134697
3920.604140 1563.764061
3886.161073 1562.365552
3938.438099 1537.887565
3972.607235 1539.309688
3973.070402 1565.894375
3938.765320 1564.501468
3673.206846 1568.510899
3708.288171 1569.915691
3707.686656 1597.062129
3672.462018 1595.687855
3726.785510 1570.656396
3761.724847 1572.055502
3761.340899 1599.155425
3726.259406 1597.786736
3780.147395 1572.793211
3814.945603 1574.186666
3814.777467 1601.240228
3779.838250 1599.877090
3833.293814 1574.921400
3867.951747 1576.309237
3867.997683 1603.316590
3833.199877 1601.958970
3886.226068 1577.041011
3920.744573 1578.423265
3921.002859 1605.384563
3886.345607 1604.032427
3938.945450 1579.152099
3973.325367 1580.528803
3973.794294 1607.444197
3939.276747 1606.097511
3672.051958 1610.649961
3707.355498 1612.007308
3706.746376 1639.497041
3671.297698 1638.171061
3725.969767 1612.722987
3761.129522 1614.074805
3760.740729 1641.516734
3725.437014 1640.196176
3779.668056 1614.787572
3814.684904 1616.133897
3814.514650 1643.528180
3779.355011 1642.213012
3833.148163 1616.843769
3868.022973 1618.184632
3868.069486 1645.531432
3833.053045 1644.221621
3886.411415 1618.891629
3921.145048 1620.227063
3921.406574 1647.526539
3886.532455 1646.222052
3939.459128 1620.931201
3974.052441 1622.261241
3974.527239 1649.513552
3939.794578 1648.214355
