4368 2912
2709.105106 1718.592649
3742.702465 1767.241960
2759.963043 2370.510753
3844.155901 2399.128786
2775.027007 1775.346203
2879.685861 1780.101317
2887.627537 1866.026462
2782.279605 1861.525676
2941.779462 1782.922503
3045.340910 1787.627758
3054.363531 1873.149933
2950.127714 1868.696660
3106.785127 1790.419440
3209.266336 1795.075614
3219.346879 1880.198527
3116.205659 1875.792018
3270.071304 1797.838252
3371.489089 1802.446110
3382.605071 1887.173416
3280.541296 1882.812940
3431.664732 1805.180155
3532.035560 1809.740445
3544.165025 1894.075752
3443.161898 1889.760589
3591.591598 1812.446339
3690.931598 1816.959794
3704.053101 1900.906659
3604.094175 1896.636108
2786.796983 1915.203716
2892.573933 1919.544127
2900.692846 2007.386892
2794.211988 2003.312990
2955.327230 1922.119122
3059.982860 1926.413522
3069.205765 2013.834108
2963.861418 2009.803689
3122.072681 1928.961293
3225.624726 1933.210408
3235.927846 2020.212807
3131.701911 2016.225178
3287.061539 1935.731384
3389.527364 1939.935928
3400.887484 2026.524077
3297.762244 2022.578559
3450.321414 1942.430528
3551.718021 1946.591198
3564.112479 2032.768980
3462.070590 2028.864911
3611.879346 1949.059836
3712.223383 1953.177315
3725.630050 2038.948558
3624.654530 2035.085286
2798.831091 2058.199791
2905.750252 2062.105621
2914.052402 2151.930924
2806.414019 2148.304422
2969.177389 2064.422659
3074.950527 2068.286624
3084.380459 2157.669540
2977.903796 2154.082177
3137.699632 2070.578892
3242.345074 2074.401663
3252.878222 2163.346490
3147.544573 2159.797636
3304.426961 2076.669557
3407.962647 2080.451787
3419.575036 2168.962762
3315.366094 2165.451802
3469.387903 2082.695694
3571.831391 2086.438026
3584.499621 2174.519327
3481.397467 2171.045656
3632.610378 2088.658324
3733.978862 2092.361385
3747.680090 2180.017128
3645.667185 2176.580156
2811.138324 2204.441277
2919.224597 2207.891609
2927.716257 2299.767332
2818.894944 2296.609822
2983.340177 2209.938307
3090.254899 2213.351240
3099.898907 2304.763308
2992.265370 2301.640261
3153.677408 2215.375814
3259.439525 2218.751954
3270.210493 2309.704995
3163.745390 2306.615849
3322.180140 2220.754761
3426.808190 2224.094700
3438.681346 2314.593270
3333.365756 2311.537479
3488.877850 2226.076088
3592.389976 2229.380403
3605.341151 2319.428997
3501.156555 2316.406023
3653.799386 2231.340715
3756.213347 2234.609975
3770.218952 2324.213018
3667.147229 2321.222335
