4368 2912
3313.219200 1169.689173
3901.720637 1125.651860
3268.213203 1502.284155
3877.218276 1454.832448
3340.672753 1192.285852
3403.210032 1187.591926
3397.239856 1235.504813
3334.393922 1240.249379
3434.228485 1185.263741
3496.658130 1180.577894
3491.148512 1228.415161
3428.411272 1233.151521
3527.623219 1178.253716
3589.945507 1173.575926
3584.894869 1221.337763
3522.266039 1226.065938
3620.857370 1171.255742
3683.072577 1166.585990
3678.479345 1214.272584
3615.958647 1218.992597
3713.931350 1164.269791
3776.039753 1159.608055
3771.902362 1207.219596
3709.489513 1211.931465
3806.845574 1157.295830
3868.847446 1152.642091
3865.164334 1200.178766
3802.859059 1204.882514
3331.137677 1265.123603
3394.143695 1260.352669
3388.084532 1308.979715
3324.765205 1313.802460
3425.394443 1257.986303
3488.291217 1253.223642
3482.699547 1301.773318
3419.490547 1306.587661
3519.487803 1250.861378
3582.275616 1246.106967
3577.149827 1294.579469
3514.050865 1299.385431
3613.418182 1243.748793
3676.097318 1239.002611
3671.435801 1287.398134
3608.446589 1292.195738
3707.186004 1236.648518
3769.756745 1231.910544
3765.557899 1280.229282
3702.678151 1285.018547
3800.791689 1229.560520
3863.254316 1224.830732
3859.516545 1273.072878
3796.745978 1277.853827
3321.460213 1339.049047
3384.942048 1334.199321
3378.791894 1383.556612
3314.991988 1388.459359
3416.428596 1331.793890
3479.799540 1326.952635
3474.123974 1376.230755
3410.436065 1381.124895
3511.231111 1324.551405
3574.491457 1319.718598
3569.288828 1368.917748
3505.712620 1373.803304
3605.868195 1317.321557
3669.018231 1312.497179
3664.286894 1361.617559
3600.822095 1366.494553
3700.340279 1310.104315
3763.380293 1305.288341
3759.118613 1354.330151
3695.764929 1359.198607
3794.647796 1302.899645
3857.578075 1298.092055
3853.784419 1347.055495
3790.541559 1351.915434
3311.637149 1414.086732
3375.602040 1409.156373
3369.358828 1459.260485
3305.070995 1464.245108
3407.327972 1406.710965
3471.180291 1401.789284
3465.418925 1451.812366
3401.244796 1456.788173
3502.850413 1399.348179
3566.590457 1394.435152
3561.309246 1444.377410
3497.248521 1449.344425
3598.204915 1391.998336
3661.832978 1387.093941
3657.030243 1436.955584
3593.082620 1441.913829
3693.391920 1384.661405
3756.908299 1379.765617
3752.582363 1429.546851
3688.747544 1434.496350
3788.411869 1377.337349
3851.816857 1372.450147
3847.966053 1422.151178
3784.243739 1427.091954
