4368 2912
3372.939079 1744.722157
3758.791151 1787.797814
3334.041346 1989.293929
3726.680233 2041.870703
3394.052928 1770.203209
3428.041249 1774.060948
3423.350257 1804.570157
3389.289820 1800.610103
3452.794631 1776.870504
3487.140867 1780.768866
3482.576521 1811.456131
3448.156491 1807.454267
3512.155603 1783.608086
3546.865435 1787.547718
3542.430689 1818.415108
3507.645341 1814.370771
3572.145686 1790.417074
3607.224921 1794.398634
3602.922798 1825.448256
3567.766284 1821.360765
3632.774936 1797.298609
3668.229502 1801.322769
3664.063103 1832.556767
3628.529451 1828.425427
3694.053622 1804.253856
3729.889575 1808.321304
3725.862076 1839.741857
3689.945186 1835.565961
3385.722403 1823.383914
3419.836805 1827.420908
3415.103856 1858.202999
3380.916823 1854.061943
3444.682589 1830.361083
3479.157844 1834.440780
3474.552458 1865.403974
3440.002872 1861.219003
3504.267138 1837.412138
3539.109002 1841.535219
3534.634167 1872.681637
3499.716230 1868.452047
3564.486018 1844.538258
3599.700370 1848.705417
3595.359149 1880.037218
3560.066939 1875.762293
3625.349415 1851.740647
3660.942260 1855.952597
3656.737793 1887.471977
3621.065260 1883.150984
3686.867730 1859.020538
3722.845205 1863.278003
3718.780707 1894.987200
3682.721670 1890.619389
3377.317523 1877.039282
3411.558907 1881.258590
3406.783435 1912.317240
3372.468900 1907.992092
3436.497760 1884.331618
3471.102972 1888.595759
3466.455989 1919.838619
3431.775905 1915.467395
3496.307515 1891.701525
3531.282385 1896.011215
3526.766915 1927.440462
3491.715410 1923.022423
3556.756887 1899.150247
3592.107369 1903.506222
3587.726515 1935.124066
3552.297591 1930.658456
3617.856191 1906.679056
3653.588370 1911.082064
3649.345310 1942.890758
3613.532835 1938.376803
3679.615967 1914.289249
3715.736057 1918.740057
3711.634049 1950.741893
3675.431764 1946.178805
3368.837289 1931.175697
3403.206565 1935.580438
3398.387995 1966.919390
3363.945042 1962.406995
3428.239159 1938.788596
3462.975275 1943.240352
3458.286128 1974.766687
3423.474595 1970.206003
3488.275768 1946.482845
3523.384628 1950.982370
3518.827968 1982.698316
3483.641905 1978.088565
3548.957344 1954.259751
3584.444981 1958.807821
3580.023948 1990.715643
3544.457277 1986.056028
3610.294337 1962.120654
3646.166912 1966.718058
3641.884726 1998.820068
3605.931240 1994.109776
3672.297423 1970.066925
3708.561236 1974.714469
3704.421196 2007.013014
3668.074548 2002.251214
