4368 2912
917.216332 2092.281863
1472.985005 1958.738695
1067.356447 2529.651534
1633.202083 2330.613847
970.287860 2123.136552
1026.505113 2109.101885
1044.708083 2159.858308
988.319170 2174.668042
1065.791341 2099.294057
1119.573246 2085.867377
1138.036799 2135.346868
1084.107898 2149.510515
1157.175850 2076.479867
1208.677299 2063.622503
1227.362771 2111.886691
1175.736342 2125.445627
1244.702233 2054.628859
1294.065254 2042.305355
1312.938101 2089.411566
1263.469775 2102.403707
1328.609765 2033.681300
1375.964835 2021.859082
1394.994155 2067.860728
1347.551386 2080.320886
1409.118338 2013.582292
1454.585527 2002.231384
1473.743656 2047.178308
1428.204532 2059.138502
1002.276130 2214.555492
1058.795535 2199.139188
1077.471128 2251.213454
1020.781903 2267.442947
1098.281583 2188.368924
1152.321924 2173.628813
1171.254198 2224.364407
1117.069244 2239.876955
1190.094847 2163.325823
1241.815725 2149.218372
1260.965227 2198.681140
1209.122192 2213.523223
1277.984639 2139.352893
1327.532244 2125.838226
1346.863789 2174.089340
1297.214060 2188.303503
1362.197192 2116.382972
1409.705681 2103.424497
1429.187856 2150.520877
1381.595132 2164.146143
1442.958557 2094.354401
1488.551267 2081.918476
1508.155999 2127.913178
1462.495044 2140.985401
1035.108547 2308.386913
1091.926735 2291.520884
1111.093600 2344.964992
1054.107760 2362.684566
1131.609835 2279.741270
1185.904284 2263.624392
1205.323359 2315.664535
1150.887012 2332.591352
1223.844140 2252.362246
1275.779342 2236.945693
1295.410377 2287.652250
1243.356178 2303.838345
1312.088351 2226.167651
1361.814804 2211.406747
1381.621977 2260.845015
1331.796912 2276.337967
1396.595903 2201.082253
1444.251576 2186.936044
1464.202966 2235.166707
1416.466852 2250.010107
1477.599218 2177.037060
1523.310820 2163.467933
1543.377957 2210.547484
1497.602124 2224.781340
1068.818973 2404.727586
1125.931985 2386.339744
1145.609765 2441.208466
1088.331629 2460.492602
1165.808942 2373.501142
1220.352573 2355.940525
1240.277466 2409.336187
1185.595019 2427.746418
1258.455546 2343.673067
1310.599361 2326.885084
1330.730323 2378.882942
1278.471033 2396.477355
1347.044148 2315.151488
1396.943117 2299.086246
1417.243688 2349.756026
1367.249985 2366.587673
1431.835652 2287.852405
1479.631680 2272.464216
1500.069442 2321.870639
1452.197125 2337.988067
1513.069063 2261.698870
1558.892343 2246.945817
1579.438439 2295.149056
1533.555292 2310.596779
