4368 2912
2670.308200 1998.517549
3073.929896 2027.244764
2579.931659 2304.863622
2985.747093 2355.652253
2686.946826 2029.150791
2721.783033 2031.786823
2710.740587 2069.757540
2675.884712 2066.890897
2746.930167 2033.689690
2782.482927 2036.379944
2771.477156 2074.752683
2735.902544 2071.826929
2808.149990 2038.322153
2844.441641 2041.068319
2833.476456 2079.851676
2797.160645 2076.864964
2870.644925 2043.051104
2907.698744 2045.854941
2896.778280 2085.057792
2859.697862 2082.008197
2934.455230 2047.879587
2972.295482 2050.742934
2961.424109 2090.374443
2923.554680 2087.259957
2999.622875 2052.810779
3038.274864 2055.735550
3027.457208 2095.805187
2988.773313 2092.623717
2667.395872 2095.851883
2702.266624 2098.896235
2691.128199 2137.196987
2656.238179 2133.918073
2727.439800 2101.093951
2763.030961 2104.201198
2751.928540 2142.910916
2716.315917 2139.564093
2788.726899 2106.444553
2825.061026 2109.616664
2813.998541 2148.744166
2777.640631 2145.327302
2851.296179 2111.907095
2888.396783 2115.146122
2877.378392 2154.700514
2840.251552 2151.211387
2915.188305 2117.485126
2953.079897 2120.793210
2942.109998 2160.783898
2904.189575 2157.220190
2980.445674 2123.182348
3019.153824 2126.561720
3008.237070 2166.998425
2969.497344 2163.357721
2647.675835 2163.129830
2682.580421 2166.589502
2671.344760 2205.224611
2636.421318 2201.526348
2707.779139 2169.087148
2743.408010 2172.618609
2732.207660 2211.669765
2696.557729 2207.894570
2769.132336 2175.168352
2805.508271 2178.773861
2794.347185 2218.250109
2757.947857 2214.395556
2831.774824 2181.377349
2868.921569 2185.059259
2857.803928 2224.969941
2820.631323 2221.033501
2895.747674 2187.718208
2933.689991 2191.478973
2922.620220 2231.833745
2884.649432 2227.812780
2961.093722 2194.195176
2999.857446 2198.037357
2988.840227 2238.846197
2950.045268 2234.737955
2627.784511 2230.992149
2662.722199 2234.874277
2651.388023 2273.848140
2616.431905 2269.723314
2687.945942 2237.677032
2723.611809 2241.640072
2712.312230 2281.037203
2676.625717 2276.826191
2749.364022 2244.501549
2785.781072 2248.548058
2774.520062 2288.377735
2738.080021 2284.077806
2812.078539 2251.470121
2849.270757 2255.602763
2838.052520 2295.874572
2800.834830 2291.482881
2876.130979 2258.587357
2914.123381 2262.808912
2902.952367 2303.532762
2864.931868 2299.046339
2941.564618 2265.858067
2980.383308 2270.171435
2969.264230 2311.357570
2930.414662 2306.773316
