2912 4368
129.270260 2104.142057
569.973330 2079.930911
161.112362 2397.251844
617.582830 2344.850455
157.055555 2125.512081
206.024110 2122.598039
210.921849 2162.845669
161.690442 2166.178302
231.511475 2121.081326
279.041364 2118.252897
284.319665 2157.877133
236.543601 2161.111249
303.785398 2116.780419
349.939102 2114.033884
355.573891 2153.053703
309.189576 2156.193608
373.971855 2112.603732
418.808290 2109.935587
424.777078 2148.369115
379.724573 2151.418865
442.159997 2108.545963
485.734762 2105.952897
492.016530 2143.817460
448.239287 2146.780883
508.433968 2104.602103
550.799580 2102.080991
557.374661 2139.393156
514.819290 2142.273867
164.251224 2188.646448
213.627595 2185.080394
218.621904 2226.121593
168.978417 2230.122554
239.323450 2183.224592
287.235234 2179.764313
292.616049 2220.158117
244.454274 2224.039661
312.174528 2177.963150
358.685936 2174.604010
364.428546 2214.370469
317.683123 2218.137864
382.901599 2172.855110
428.073141 2169.592738
434.154479 2208.750985
388.763835 2212.409193
451.596215 2167.893857
495.484966 2164.724130
501.883484 2203.292441
457.789565 2206.846141
518.344746 2163.073153
561.004583 2159.992181
567.700139 2197.988021
524.848160 2201.441629
171.590453 2253.040398
221.381264 2248.796892
226.475026 2290.655364
176.412736 2295.350828
247.288915 2246.588869
295.588518 2242.472453
301.074863 2283.658464
252.521374 2288.212413
320.726028 2240.330067
367.600425 2236.335117
373.453981 2276.869851
326.342097 2281.288589
392.001633 2234.255483
437.512987 2230.376701
443.710089 2270.280360
397.976544 2274.569820
461.209773 2228.357102
505.416686 2224.589493
511.935243 2263.881357
467.520422 2268.047132
528.439119 2222.627367
571.396879 2218.966220
578.216255 2257.664701
535.063932 2261.712062
179.077580 2318.732008
229.289610 2313.784464
234.485827 2356.484866
183.997854 2361.902190
255.412442 2311.210502
304.105915 2306.412585
309.700923 2348.414339
260.749583 2353.666784
329.444660 2303.915881
376.687438 2299.260907
382.655186 2340.586398
335.171377 2345.681377
401.276874 2296.838034
447.132835 2292.319707
453.449038 2332.990267
407.367743 2337.934758
471.005716 2289.967439
515.535039 2285.579828
522.177045 2325.615800
477.437031 2330.416372
538.722236 2283.295123
581.981673 2279.032640
588.928333 2318.453434
545.471879 2323.116281
