2912 4368
205.439394 1924.042478
1049.588327 1797.956724
400.957226 2583.335347
1255.228026 2335.000125
276.653003 1970.246434
372.256291 1954.910382
398.428111 2038.580811
302.556386 2055.672776
427.570054 1946.037311
517.584691 1931.597754
544.107848 2012.609098
453.883660 2028.694223
569.711732 1923.235876
654.613822 1909.616441
681.405619 1988.131718
596.344244 2003.296420
703.821807 1901.722818
784.034870 1888.855565
811.024604 1965.023309
730.695246 1979.344388
830.562302 1881.391940
906.464340 1869.216233
933.591466 1943.172148
857.609958 1956.718095
950.524432 1862.148402
1022.453879 1850.609953
1049.666489 1922.478350
977.689149 1935.310435
318.724669 2108.993890
414.759848 2090.792825
441.617932 2176.657222
345.320728 2196.704600
470.301491 2080.266297
560.652518 2063.142521
587.850242 2146.214237
497.297181 2165.065785
612.954857 2053.229922
698.111857 2037.090544
725.565163 2117.544421
640.257193 2135.304035
747.450230 2027.739690
827.848558 2012.502199
855.485787 2090.497241
774.980037 2107.257117
874.467961 2003.666658
950.495639 1989.257515
978.255609 2064.938731
902.157699 2080.780972
994.614793 1980.895833
1066.618778 1967.249280
1094.449186 2040.749280
1022.406768 2055.747239
361.924268 2251.461143
458.380733 2230.247335
485.952434 2318.393138
389.241165 2341.549090
514.143356 2217.983382
604.818382 2198.041093
632.716739 2283.252793
541.847998 2305.009847
657.288211 2186.501328
742.686448 2167.719572
770.826068 2250.184743
685.285962 2270.665942
792.146762 2156.841694
872.715786 2139.122034
901.024095 2219.010927
820.357279 2238.325295
919.418279 2128.850687
995.556446 2112.105511
1023.971666 2189.573116
947.773235 2207.817600
1039.725506 2102.391346
1111.788531 2086.542422
1140.258017 2161.730225
1068.166716 2178.991324
406.297780 2397.799816
503.163594 2373.416639
531.477734 2463.935997
434.365222 2490.362973
559.139501 2359.326318
650.124819 2336.423386
678.751234 2423.858841
587.581394 2448.668654
702.753551 2323.175620
788.378062 2301.622117
817.230059 2386.174959
731.473628 2409.511634
837.951110 2289.143530
918.675019 2268.823613
947.679149 2350.676185
866.867900 2372.667141
965.450986 2257.049111
1041.683294 2237.859824
1070.777240 2317.177822
994.495426 2337.936193
1085.892403 2226.731456
1157.997826 2208.580993
1187.128659 2285.515411
1115.005868 2305.142000
