4368 2912
894.066719 1157.190631
1353.377212 1073.475137
1041.397287 1490.844275
1505.948292 1363.893487
939.636523 1182.100668
985.607923 1173.372032
1003.473369 1212.533268
957.405343 1221.771594
1017.622639 1167.293365
1061.851846 1158.895521
1079.862370 1197.214476
1035.551309 1206.100466
1092.664695 1153.045055
1135.248903 1144.959548
1153.381206 1182.471257
1110.728479 1191.024691
1164.926314 1139.324668
1205.955618 1131.534393
1224.188655 1168.271771
1183.102880 1176.510974
1234.559216 1126.103399
1274.117250 1118.592476
1292.431995 1154.586483
1252.828382 1162.528457
1301.704279 1113.354499
1339.868784 1106.108166
1358.248029 1141.387958
1320.047798 1149.048503
971.057057 1252.250608
1017.197506 1242.616715
1035.478234 1282.688253
989.243751 1292.854484
1049.322747 1235.909126
1093.694925 1226.644438
1112.115977 1265.836826
1067.664771 1275.610943
1124.600711 1220.191465
1167.304355 1211.275159
1185.842093 1249.625621
1143.072945 1259.029879
1197.058826 1205.062575
1238.186310 1196.475363
1256.819416 1234.018831
1215.638627 1243.073835
1266.852622 1190.489981
1306.489626 1182.213974
1325.198862 1218.983274
1285.519563 1227.708123
1334.126399 1176.443555
1372.352503 1168.462136
1391.120496 1204.488150
1352.862041 1212.900578
1003.218412 1324.054515
1049.523252 1313.475073
1068.233912 1354.489027
1021.837895 1365.624642
1081.755556 1306.110836
1126.265634 1295.941450
1145.111412 1336.037480
1100.525396 1346.738673
1157.260632 1288.859905
1200.078308 1279.077188
1219.035232 1318.294853
1176.155328 1328.586558
1229.905902 1272.262365
1271.125900 1262.844676
1290.172388 1301.221059
1248.902507 1311.126339
1299.850823 1256.281784
1339.560925 1247.209066
1358.677536 1284.778980
1318.928673 1294.319197
1367.243212 1240.884389
1405.524887 1232.138030
1424.694095 1268.934193
1386.383687 1278.129163
1036.147101 1397.571581
1082.611197 1386.004180
1101.767136 1427.994190
1055.215007 1440.142865
1114.946765 1377.954125
1159.589200 1366.840233
1178.874564 1407.871521
1134.159565 1419.540761
1190.669352 1359.102719
1233.595194 1348.416179
1252.985684 1388.530796
1210.001170 1399.748433
1263.491647 1340.973351
1304.798035 1330.689979
1324.271816 1369.927306
1282.919241 1380.719058
1333.577147 1323.525318
1373.354029 1313.622722
1392.891466 1352.019687
1353.079625 1362.409354
1401.077287 1306.720919
1439.408070 1297.178335
1458.991496 1334.769610
1420.635859 1344.779253
