4368 2912
3118.285762 2117.811123
3424.250060 2063.992368
3175.339617 2332.913035
3492.634357 2267.754856
3143.982059 2134.202267
3172.779476 2129.064620
3179.892076 2154.742572
3150.960434 2160.006570
3193.224995 2125.417007
3221.653510 2120.345174
3228.991120 2145.809195
3200.432151 2151.005387
3241.837954 2116.744138
3269.904610 2111.736864
3277.460915 2136.990307
3249.267464 2142.119994
3289.832946 2108.181519
3317.544609 2103.237578
3325.313480 2128.283722
3297.478576 2133.348173
3337.221682 2099.727060
3364.585044 2094.845258
3372.560532 2119.687307
3345.077377 2124.687759
3384.015576 2091.378725
3411.037163 2086.557898
3419.213491 2111.198986
3392.075460 2116.136643
3156.345437 2179.918976
3185.380451 2174.556736
3192.634732 2200.746187
3163.463354 2206.239271
3205.993341 2170.749910
3234.652762 2165.457036
3242.135581 2191.424983
3213.343670 2196.846613
3254.999867 2161.699295
3283.290936 2156.474449
3290.995808 2182.224411
3262.576007 2187.575970
3303.377363 2152.764851
3331.307136 2147.606729
3339.227770 2173.142143
3311.172911 2178.424983
3351.137863 2143.944354
3378.713217 2138.851688
3386.843507 2164.175913
3359.146606 2169.391348
3398.293095 2135.235640
3425.520733 2130.207190
3433.854752 2155.323512
3406.509002 2160.472824
3168.956578 2226.551852
3198.232980 2220.957018
3205.633218 2247.673404
3176.218265 2253.403773
3219.015886 2216.985324
3247.909822 2211.463581
3255.542204 2237.950563
3226.513696 2243.605648
3268.422105 2207.543605
3296.941022 2202.093529
3304.798887 2228.354798
3276.149259 2233.936073
3317.187934 2198.224266
3345.339084 2192.844472
3353.415972 2218.883634
3325.137854 2224.392535
3365.325741 2189.024944
3393.116194 2183.714081
3401.405837 2209.534659
3373.492049 2214.972584
3412.847583 2179.943336
3440.284227 2174.700087
3448.780542 2200.305525
3421.224089 2205.673837
3181.823006 2274.128715
3211.344673 2268.292935
3218.895319 2295.552321
3189.232863 2301.528533
3232.300297 2264.150472
3261.432437 2258.391693
3269.218911 2285.413428
3239.950073 2291.310336
3282.112469 2254.303709
3310.862741 2248.620417
3318.878201 2275.408375
3289.995196 2281.227548
3331.272582 2244.585844
3359.648444 2238.976564
3367.886256 2265.534529
3339.381505 2271.277494
3379.793354 2234.994361
3407.802074 2229.457658
3416.255802 2255.789326
3388.121923 2261.457569
3427.687180 2225.526813
3455.335837 2220.061286
3463.999237 2246.170268
3436.229039 2251.765239
