4368 2912
3259.874196 1352.467944
3391.411926 1350.152468
3262.320353 1431.127977
3400.159206 1427.763052
3269.987591 1360.403673
3280.671616 1360.208934
3281.043076 1368.655357
3270.302756 1368.859130
3290.539145 1360.029078
3301.184523 1359.835042
3301.663767 1368.264125
3290.962503 1368.467157
3311.016391 1359.655836
3321.623330 1359.462502
3322.209575 1367.874313
3311.547156 1368.076609
3331.419729 1359.283943
3341.988437 1359.091305
3342.680909 1367.485915
3332.057122 1367.687478
3351.749559 1358.913388
3362.280244 1358.721444
3363.078171 1367.098921
3352.492807 1367.299756
3372.006279 1358.544167
3382.499144 1358.352912
3383.401763 1366.713326
3372.854615 1366.913436
3270.604917 1376.965681
3281.399205 1376.753166
3281.778435 1385.376242
3270.926680 1385.598151
3291.368384 1376.556895
3302.123223 1376.345157
3302.612472 1384.950204
3291.800589 1385.171298
3312.056001 1376.149603
3322.771604 1375.938636
3323.370066 1384.525730
3312.597837 1384.746013
3332.668179 1375.743795
3343.344762 1375.533597
3344.051637 1384.102810
3333.318842 1384.322286
3353.205332 1375.339465
3363.843107 1375.130031
3364.657599 1383.681435
3353.964025 1383.900110
3373.667868 1374.936603
3384.267047 1374.727930
3385.188370 1383.261600
3374.533800 1383.479476
3271.235199 1393.875301
3282.142051 1393.644303
3282.529297 1402.449633
3271.563770 1402.690401
3292.214997 1393.430966
3303.081570 1393.200821
3303.581141 1401.987403
3292.656329 1402.227277
3313.117350 1392.988271
3323.943868 1392.758974
3324.554931 1401.526886
3313.670606 1401.765871
3333.942688 1392.547207
3344.729370 1392.318754
3345.451101 1401.068074
3334.607040 1401.306174
3354.691434 1392.107766
3365.438500 1391.880151
3366.270080 1400.610956
3355.466059 1400.848177
3375.364011 1391.669936
3386.071678 1391.443157
3387.012296 1400.155523
3376.248093 1400.391871
3271.878851 1411.143595
3282.900639 1410.893373
3283.296156 1419.886796
3272.214448 1420.147181
3293.079533 1410.662287
3304.060187 1410.412999
3304.570409 1419.386921
3293.530283 1419.646328
3314.201128 1410.182775
3325.140879 1409.934416
3325.764947 1418.888918
3314.766170 1419.147353
3335.244079 1409.705048
3346.143153 1409.457612
3346.880215 1418.392778
3335.922556 1418.650247
3356.208824 1409.229097
3367.067449 1408.982579
3367.916660 1417.898490
3356.999888 1418.154999
3377.095797 1408.754911
3387.914198 1408.509307
3388.874720 1417.406043
3377.998607 1417.661597
