4368 2912
3317.757895 1469.854258
4017.219027 1487.188954
3258.428894 1876.498076
3987.223091 1905.834231
3354.820519 1506.069448
3420.196052 1507.770989
3413.166048 1560.396909
3347.447120 1558.556115
3462.554318 1508.873456
3528.461671 1510.588839
3522.004273 1563.445480
3455.747760 1561.589627
3571.165217 1511.700292
3637.610906 1513.429686
3631.735741 1566.519071
3564.935019 1564.647975
3680.663970 1514.550237
3747.654618 1516.293815
3742.371494 1569.617990
3675.019831 1567.731462
3791.061510 1517.423574
3858.603847 1519.181511
3853.922756 1572.742552
3786.013308 1570.840401
3902.368946 1520.320594
3970.469816 1522.093068
3966.400936 1575.893078
3897.926747 1573.975109
3342.494873 1593.808091
3408.444331 1595.743215
3401.283346 1649.349643
3334.984438 1647.270232
3451.176054 1596.997072
3517.666986 1598.948084
3511.088778 1652.793601
3444.242473 1650.697021
3560.750276 1600.212257
3627.789378 1602.179354
3621.803841 1656.266089
3554.403331 1654.152127
3671.228592 1603.453971
3738.822670 1605.437351
3733.439883 1659.767463
3665.478248 1657.635901
3782.622237 1606.722541
3850.778212 1608.722410
3846.008445 1663.298083
3777.478648 1661.148702
3894.942635 1610.018306
3963.667543 1612.034868
3959.521260 1666.858321
3890.416146 1664.690896
3329.939724 1683.180427
3396.473245 1685.357587
3389.177585 1739.972182
3322.288396 1737.645489
3439.585051 1686.768326
3506.669965 1688.963529
3499.967527 1743.825934
3432.520860 1741.479849
3550.139801 1690.385982
3617.782990 1692.599454
3611.683941 1747.711912
3543.672794 1745.346192
3661.615332 1694.033769
3729.823795 1696.265739
3724.338497 1751.630523
3655.755756 1749.244920
3774.023197 1697.712066
3842.804050 1699.962765
3837.943063 1755.582179
3768.781491 1753.176442
3887.375142 1701.421255
3956.735620 1703.690921
3952.509704 1759.567301
3882.761943 1757.141172
3317.148601 1774.232511
3384.276593 1776.660519
3376.842422 1832.311991
3309.352381 1829.728983
3427.775289 1778.233859
3495.464868 1780.682179
3488.634644 1836.590553
3420.576759 1833.985811
3539.328232 1782.268709
3607.586475 1784.737597
3601.370653 1840.905235
3532.737727 1838.278485
3651.819112 1786.337484
3720.653215 1788.827201
3715.062449 1845.256498
3645.847164 1842.607460
3765.259810 1790.440614
3834.677091 1792.951424
3829.722241 1849.644808
3759.917151 1846.973197
3879.662404 1794.578535
3949.670306 1797.110708
3945.362442 1854.070641
3874.959977 1851.376166
