4368 2912
258.306103 1430.054926
1807.067258 1319.285161
238.603912 2483.313694
1916.144240 2311.740255
359.885730 1516.654729
507.222037 1505.736485
507.591799 1630.781431
358.740240 1642.361899
611.170203 1498.033485
756.341435 1487.275683
759.243007 1611.203278
612.601010 1622.611845
858.767700 1479.685463
1001.821230 1469.084590
1007.180493 1591.914048
862.699222 1603.154513
1102.758772 1461.604691
1243.740603 1451.157340
1251.485860 1572.907393
1109.117909 1583.983444
1343.221648 1443.785374
1482.176460 1433.488234
1492.238342 1554.177147
1351.937680 1565.092366
1580.232303 1426.221881
1717.203501 1416.071735
1729.514884 1535.717325
1591.236807 1546.475190
357.886953 1736.002478
507.867217 1723.921463
508.250394 1853.503075
356.699719 1866.290832
613.666692 1715.399242
761.403965 1703.498901
764.410008 1831.888477
615.149244 1844.483013
865.627082 1695.103657
1011.171309 1683.379968
1016.722077 1810.598534
869.699713 1823.004194
1113.853038 1675.108883
1257.252690 1663.557942
1265.272640 1789.625984
1120.438698 1801.846986
1358.426972 1655.408283
1499.729102 1644.026298
1510.145191 1768.963781
1367.451171 1781.004219
1599.428893 1635.995411
1738.679188 1624.778703
1751.420770 1748.605090
1610.819593 1760.468935
355.815049 1963.375313
508.535895 1950.053137
508.933231 2084.422857
354.583745 2098.499924
616.253817 1940.656665
766.649477 1927.537319
769.765736 2060.634265
617.790972 2074.494752
872.733607 1918.283366
1020.856783 1905.362254
1026.609505 2037.209457
876.955081 2050.858324
1125.344014 1896.247602
1271.245823 1883.520265
1279.555344 2014.140150
1132.168521 2027.582205
1374.171942 1874.541793
1517.901984 1862.003904
1528.691315 1991.418314
1383.520942 2004.658222
1619.301717 1853.158581
1760.908123 1840.805942
1774.102853 1969.036154
1631.099306 1982.078443
353.665930 2199.221853
509.229381 2184.573708
509.641673 2324.001911
352.388055 2339.457087
618.936606 2174.243470
772.088072 2159.822442
775.320721 2297.890482
620.531440 2313.103459
880.100879 2149.651755
1030.896025 2135.452603
1036.861929 2272.185728
884.479508 2287.162154
1137.253367 2125.437797
1285.746157 2111.455439
1294.361220 2246.878220
1144.329954 2261.623571
1390.485803 2101.592957
1536.728568 2087.822466
1547.911571 2221.958822
1400.177462 2236.478403
1639.887148 2078.108861
1783.930641 2064.545458
1797.603131 2197.418673
1652.113823 2211.717631
