2912 4368
476.067695 3127.066480
683.777599 3107.015596
486.883411 3271.352151
699.209432 3244.376038
489.079730 3137.911622
510.704010 3135.771764
512.282383 3155.129501
490.591329 3157.364399
522.854043 3134.569442
544.176365 3132.459465
545.856783 3151.670226
524.469641 3153.873810
556.157327 3131.273874
577.183972 3129.193156
578.963455 3148.259142
557.873883 3150.432066
588.999370 3128.023948
609.736446 3125.971884
611.612105 3144.895249
590.813935 3147.038149
621.389686 3124.818723
641.843134 3122.794727
643.812172 3141.577575
623.299407 3143.691069
653.337532 3121.657284
673.513132 3119.660782
675.572840 3138.305174
655.339644 3140.389863
491.520105 3169.316823
513.252163 3167.023236
514.847958 3186.594638
493.048465 3188.985294
525.462280 3165.734588
546.889222 3163.473202
548.588057 3182.894508
527.095666 3185.251485
558.928510 3162.202583
580.056716 3159.972725
581.855564 3179.246205
560.663831 3181.570210
591.928736 3158.719760
612.764411 3156.520776
614.660341 3175.648648
593.762999 3177.940369
624.472624 3155.285098
645.021802 3153.116351
647.011973 3172.100785
626.402932 3174.360889
656.569575 3151.897606
676.838125 3149.758476
678.919787 3168.601594
658.593121 3170.830731
493.987568 3201.070616
515.828472 3198.620015
517.441978 3218.408639
495.532969 3220.958386
528.099263 3197.243203
549.631842 3194.827197
551.349399 3214.462529
529.750731 3216.976159
561.730018 3193.469753
582.960756 3191.087615
584.779288 3210.571994
563.484414 3213.050269
594.889935 3189.749133
615.825134 3187.400154
617.741664 3206.735868
596.744218 3209.179528
627.588831 3186.080240
648.234620 3183.763733
650.246266 3202.953017
629.540060 3205.362783
659.836255 3182.462003
680.198594 3180.177300
682.302563 3199.222339
661.881581 3201.598911
496.482572 3233.178834
518.433405 3230.567856
520.064920 3250.577339
498.045300 3253.289594
530.765469 3229.100998
552.404718 3226.527082
554.141308 3246.379997
532.435320 3249.053621
564.562353 3225.080971
585.896607 3222.543333
587.735148 3242.242093
566.336139 3244.877905
597.883487 3221.117534
618.919149 3218.615412
620.856618 3238.162373
599.758121 3240.761169
630.738847 3217.209498
651.482141 3214.742152
653.515611 3234.139618
632.711340 3236.702173
663.138131 3213.355711
683.595111 3210.922422
685.721747 3230.172644
665.205590 3232.699711
