4368 2912
415.027644 1539.695119
994.078364 1491.259225
518.438835 1934.828447
1121.313629 1831.280757
463.045745 1571.243192
523.771860 1565.721770
537.121350 1613.080925
476.028912 1619.284649
562.854495 1562.168247
621.016078 1556.880001
634.922357 1603.149574
576.432172 1609.089048
658.465490 1553.474975
714.221631 1548.405440
728.627129 1593.634181
672.576402 1599.325937
750.138097 1545.139795
803.634998 1540.275678
818.487733 1584.509150
764.726971 1589.968368
838.110751 1537.141027
889.482998 1532.470091
904.735971 1575.750943
853.127650 1580.991587
922.603019 1529.458708
971.974716 1524.969668
987.585374 1567.337875
938.002768 1572.372815
485.330701 1653.703943
546.683666 1647.004558
560.443687 1695.820126
498.718569 1703.242906
586.156681 1642.694335
644.880296 1636.282059
659.204915 1683.943554
600.148250 1691.045438
682.679621 1632.154594
738.939362 1626.011359
753.768982 1672.571712
697.211394 1679.373069
775.169234 1622.055269
829.116977 1616.164490
844.397877 1661.673097
790.184028 1668.192606
863.873151 1612.369319
915.648541 1606.715749
931.332229 1651.218770
879.319393 1657.473595
949.019141 1603.071875
998.750799 1597.641468
1014.793442 1641.182107
964.850251 1647.188046
508.312578 1738.743503
570.302343 1730.795069
584.492128 1781.135283
522.124368 1789.851099
610.171467 1725.682981
669.464685 1718.080302
684.226810 1767.197485
624.596147 1775.530796
707.618204 1713.188192
764.387074 1705.909189
779.659827 1753.860840
722.589951 1761.836284
800.933390 1701.223158
855.335756 1694.247592
871.063605 1741.087276
816.393032 1748.727421
890.374324 1689.754886
942.555139 1683.064172
958.688046 1728.841870
906.268588 1736.167424
976.177376 1678.753071
1026.269991 1672.330109
1042.762802 1717.092528
992.458229 1724.122529
532.024589 1826.484767
594.661117 1817.211174
609.301119 1869.148594
546.280759 1879.236698
634.932050 1811.248899
694.802344 1802.384858
710.022330 1853.025454
649.810266 1862.664015
733.314244 1796.683015
790.597589 1788.201982
806.333638 1837.608238
748.746252 1846.826648
827.463242 1782.743873
882.323759 1774.621550
898.518459 1822.851577
843.387799 1831.676722
917.646509 1769.391873
970.234723 1761.605974
986.836431 1808.713909
934.008575 1817.170429
1004.109443 1756.590684
1054.563663 1749.120732
1071.525858 1795.157088
1020.859480 1803.267605
