4368 2912
2742.761895 1422.804021
4005.673276 1448.720075
2656.579399 2221.779931
3966.501228 2274.562438
2815.165705 1497.357049
2927.839277 1499.854564
2918.101716 1599.167054
2804.922744 1596.381353
3008.305483 1501.638173
3122.056027 1504.159562
3113.196605 1603.968972
2998.930673 1601.156517
3203.293197 1505.960260
3318.136228 1508.505864
3310.172328 1608.817183
3194.803702 1605.977586
3400.155496 1510.323899
3516.106830 1512.894069
3509.056214 1613.712360
3392.568856 1610.845229
3598.919544 1514.729691
3715.995301 1517.324785
3709.876127 1618.655189
3592.253685 1615.760119
3799.613033 1519.178251
3917.829648 1521.798633
3912.660475 1623.646368
3793.886276 1620.722950
2797.365748 1669.438958
2910.917428 1672.438946
2901.018427 1773.397944
2786.953447 1770.100378
2992.013907 1674.581482
3106.659943 1677.610384
3097.652928 1779.082557
2982.483361 1775.753058
3188.539877 1679.773617
3304.296165 1682.831851
3296.198945 1784.822432
3179.908668 1781.460533
3386.970964 1685.016085
3503.853711 1688.104079
3496.684487 1790.618377
3379.257062 1787.223604
3587.335003 1690.309620
3705.360733 1693.427812
3699.138114 1796.471219
3580.556781 1793.043087
3789.660380 1695.654974
3908.845939 1698.803807
3903.588949 1802.381799
3783.836613 1798.919814
2779.270997 1844.370814
2893.714536 1847.889668
2883.650047 1950.536462
2768.685119 1946.710286
2975.451213 1850.402868
3091.006914 1853.955918
3081.848588 1957.132756
2965.761014 1953.269217
3173.539843 1856.493600
3290.224000 1860.081347
3281.990084 1963.793715
3164.763340 1959.892262
3373.564873 1862.643872
3491.394096 1866.266827
3484.103245 1970.520292
3365.720481 1966.580367
3575.554836 1868.854560
3694.546064 1872.513244
3688.217353 1977.313463
3568.661382 1973.334492
3779.538827 1875.126560
3899.709334 1878.821504
3894.362269 1984.174224
3773.615565 1980.155623
2760.874066 2022.224008
2876.223538 2026.278735
2865.989377 2130.656007
2750.110235 2126.283845
2958.610572 2029.174777
3075.090455 2033.269240
3065.776971 2138.194062
2948.756679 2133.778846
3158.286852 2036.193732
3275.913844 2040.328518
3267.539740 2145.806643
3149.361356 2141.347731
3359.931592 2043.281883
3478.722721 2047.457589
3471.307121 2153.494858
3351.953369 2148.991599
3563.574042 2050.440255
3683.546676 2054.657494
3677.109138 2161.259841
3556.562396 2156.711569
3769.244038 2057.669899
3890.415893 2061.929293
3884.976419 2169.102746
3763.218709 2164.508785
