2912 4368
1224.641175 3569.681886
1716.622203 3594.896216
1190.586386 3930.849119
1729.593288 3946.633256
1248.159010 3597.378070
1301.687066 3600.034474
1298.161826 3649.920674
1243.927206 3647.391599
1328.133106 3601.346894
1381.152624 3603.978060
1378.668026 3653.674849
1324.955290 3651.170110
1407.348010 3605.278042
1459.866201 3607.884329
1458.402631 3657.393043
1405.204283 3654.912291
1485.814481 3609.172048
1537.838420 3611.753808
1537.376681 3661.075769
1484.685367 3658.618663
1563.543074 3613.029437
1615.079708 3615.587012
1615.601007 3664.723536
1563.409512 3662.289736
1640.544150 3616.850720
1691.600293 3619.384451
1693.086234 3668.336837
1641.387480 3665.926014
1241.705565 3673.648034
1296.311239 3676.108609
1292.644515 3727.996947
1237.303358 3725.675475
1323.287137 3677.324164
1377.363850 3679.760903
1374.780027 3731.442401
1319.981991 3729.143711
1404.079067 3680.964711
1457.634469 3683.377961
1456.112736 3734.854178
1401.849867 3732.577938
1484.092764 3684.570191
1537.134357 3686.960287
1536.654358 3738.232770
1482.918852 3735.978651
1563.339420 3688.141108
1615.874563 3690.508383
1616.416377 3741.578659
1563.200586 3739.346341
1641.830012 3691.677957
1693.865924 3694.022736
1695.410060 3744.892317
1642.706479 3742.681486
1234.991352 3752.999904
1290.718906 3755.246530
1286.902009 3809.260005
1230.408237 3807.165398
1318.246323 3756.356283
1373.423243 3758.580709
1370.734128 3812.368231
1314.806038 3810.294597
1400.679337 3759.679524
1455.313741 3761.882079
1453.730309 3815.445461
1398.359448 3813.392488
1482.302503 3762.970117
1536.402356 3765.151122
1535.902991 3818.492160
1481.081073 3816.459540
1563.127699 3766.228540
1616.700806 3768.388310
1617.264372 3821.508778
1562.983273 3819.496210
1643.166570 3769.455263
1696.220588 3771.594106
1697.826407 3824.495759
1644.078164 3822.502947
1228.000236 3835.624334
1284.896722 3837.637127
1280.920232 3893.909021
1223.224828 3892.062436
1312.998674 3838.631273
1369.321489 3840.623771
1366.520514 3896.648720
1309.414789 3894.821009
1397.140810 3841.607919
1452.898587 3843.580428
1451.249623 3899.360538
1394.724584 3897.551412
1480.439520 3844.554726
1535.640718 3846.507546
1535.120793 3902.044897
1479.167625 3900.254074
1562.907421 3847.472143
1617.560334 3849.405567
1618.146987 3904.702211
1562.757057 3902.929416
1644.556881 3850.360607
1698.669637 3852.274922
1700.340911 3907.332888
1645.505758 3905.577848
