4368 2912
3607.149432 1121.870053
4077.298616 1179.243796
3507.844371 1391.091092
3971.770020 1469.694733
3625.497040 1148.333810
3668.314399 1153.716831
3654.815170 1190.403105
3612.074586 1184.761740
3695.186597 1157.095219
3738.992673 1162.602543
3725.367247 1199.715331
3681.639309 1193.943645
3766.488988 1166.059394
3811.318424 1171.695376
3797.564555 1209.244712
3752.814649 1203.338135
3839.460855 1175.233458
3885.349938 1181.002659
3871.465319 1218.998933
3825.657195 1212.952683
3914.161527 1184.624867
3961.148277 1190.532067
3947.130546 1228.986048
3900.226220 1222.795108
3990.653178 1194.241439
4038.777454 1200.291650
4024.624195 1239.214497
3976.583842 1232.873613
3603.473221 1208.105453
3646.164566 1213.912478
3632.647118 1250.648265
3590.032778 1244.582204
3672.957883 1217.556999
3716.635708 1223.498209
3702.991681 1260.661664
3659.392231 1254.455375
3744.051736 1227.227433
3788.750633 1233.307533
3774.977767 1270.908730
3730.358647 1264.557294
3816.811339 1237.124448
3862.567536 1243.348365
3848.663513 1281.397739
3802.988529 1274.896003
3891.295927 1247.256102
3938.147386 1253.629001
3924.109832 1292.137362
3877.341058 1285.479926
3967.567581 1257.630839
4015.554104 1264.158133
4001.380587 1303.136690
3953.478257 1296.317895
3581.419882 1267.957213
3623.984835 1274.189378
3610.449130 1310.974779
3567.961414 1304.482885
3650.699032 1278.100749
3694.248216 1284.477022
3680.585550 1321.691248
3637.114978 1315.049178
3721.583714 1288.479360
3766.151667 1295.004797
3752.359767 1332.657963
3707.871835 1325.860446
3794.130397 1299.101315
3839.753291 1305.781211
3825.829824 1343.883794
3780.288396 1336.925308
3868.398224 1309.975271
3915.113964 1316.815177
3901.056545 1355.378034
3854.423751 1348.252792
3944.449182 1321.110305
3992.297511 1328.116039
3978.103694 1367.150424
3930.339827 1359.852362
3559.336963 1327.889252
3601.775144 1334.547698
3588.221146 1371.382813
3545.860434 1364.463942
3628.409983 1338.726638
3671.830136 1345.539153
3658.148792 1382.804254
3614.807490 1375.725221
3699.084857 1349.815351
3743.521464 1356.787345
3729.710488 1394.492588
3685.354149 1387.247767
3771.417962 1361.164236
3816.907138 1368.301377
3802.964187 1406.457281
3757.556731 1399.040778
3845.468349 1372.782560
3892.047942 1380.090783
3877.970615 1418.708251
3831.474232 1411.113891
3921.297913 1384.680031
3969.007602 1392.165563
3954.793442 1431.255897
3907.168485 1423.477205
