4368 2912
3291.638898 1380.097134
4152.072175 1543.680808
3150.037338 1902.690247
4018.984725 2130.055115
3324.454343 1428.915847
3406.270913 1444.896361
3386.366022 1520.372644
3304.457895 1503.566026
3450.178922 1453.472528
3534.607090 1469.963143
3514.857983 1546.737734
3430.325658 1529.392662
3579.927897 1478.815258
3667.094732 1495.840793
3647.522043 1573.958892
3560.237355 1556.049066
3713.897637 1504.982395
3803.938593 1522.569305
3784.564756 1602.078501
3694.391058 1583.575882
3852.297506 1532.014828
3945.357111 1550.191345
3926.206538 1631.141785
3832.997984 1612.016449
3995.350937 1559.956202
4091.583580 1578.752480
4072.682855 1661.197061
3976.283614 1641.417033
3293.456888 1544.634676
3375.414759 1561.898146
3355.284586 1638.228666
3273.236441 1620.121082
3419.402464 1571.163643
3503.991456 1588.981328
3484.015236 1666.638828
3399.323265 1647.947765
3549.402710 1598.546679
3636.751590 1616.945702
3616.950136 1695.976844
3529.484461 1676.673641
3683.656631 1626.825702
3773.902707 1645.834986
3754.298668 1726.288925
3663.920763 1706.343008
3822.376474 1656.045419
3915.666318 1675.695836
3896.284349 1757.624401
3802.846307 1737.003128
3965.788845 1686.253562
4062.279082 1706.578105
4043.146054 1790.035989
3946.489777 1768.704469
3262.111855 1661.651072
3344.209027 1680.225485
3323.849724 1757.424827
3241.663624 1737.987834
3388.275408 1690.195466
3473.023383 1709.369621
3452.816108 1787.925346
3367.966396 1767.858410
3518.524158 1719.664132
3606.053428 1739.467553
3586.019174 1819.427839
3498.374230 1798.699831
3653.059788 1750.102700
3743.509552 1770.566881
3723.671181 1851.982506
3633.090564 1830.560212
3792.097481 1781.559858
3885.616385 1802.718429
3865.998801 1885.642953
3772.332508 1863.490898
3935.867066 1814.087601
4032.614017 1835.976516
4013.244376 1920.466497
3916.332003 1897.546744
3230.413366 1779.986982
3312.647738 1799.901033
3292.055371 1877.984117
3209.733480 1857.188553
3356.791729 1810.591037
3441.696749 1831.151818
3421.254386 1910.621443
3336.248935 1889.147978
3487.286069 1842.191825
3574.993980 1863.431361
3554.722797 1944.337275
3466.900394 1922.152210
3622.100790 1874.838846
3712.752715 1896.791311
3692.675785 1979.185966
3601.894049 1956.253337
3761.454062 1908.584934
3855.200757 1931.286834
3835.343234 2015.225592
3741.450024 1991.506964
3905.578996 1943.486537
4002.581689 1966.976917
3982.971019 2052.518262
3885.803582 2027.972522
