2912 4368
1993.523787 2369.541259
2580.913667 2373.257269
2008.250328 2777.583742
2618.820291 2776.655235
2027.213968 2401.745250
2088.018277 2402.093570
2090.638170 2458.787044
2029.502856 2458.502630
2120.750893 2402.281081
2181.339761 2402.628168
2184.466168 2459.223550
2123.548653 2458.940150
2213.956501 2402.815014
2274.331071 2403.160874
2277.960385 2459.658503
2217.259509 2459.376111
2306.832550 2403.347060
2366.993958 2403.691697
2371.122599 2460.091912
2310.637208 2459.810523
2399.380785 2403.877227
2459.330156 2404.220651
2463.954576 2460.523785
2403.683524 2460.243392
2491.602939 2404.405527
2551.341393 2404.747742
2556.458070 2460.954129
2496.400219 2460.674728
2030.791426 2490.455204
2092.113071 2490.703324
2094.778222 2548.376160
2033.119900 2548.194202
2125.123679 2490.836891
2186.226190 2491.084124
2189.406508 2548.655415
2127.969740 2548.474111
2219.118939 2491.217215
2280.003489 2491.463565
2283.695272 2548.933669
2222.478866 2548.753015
2312.779010 2491.596182
2373.446763 2491.841656
2377.646342 2549.210926
2316.649114 2549.030918
2406.105681 2491.973800
2466.557793 2492.218401
2471.261526 2549.487191
2410.482302 2549.307827
2499.100728 2492.350077
2559.338347 2492.593810
2564.542624 2549.762470
2503.980235 2549.583746
2034.430853 2580.701791
2096.278711 2580.846173
2098.990303 2639.523971
2036.799950 2639.448094
2129.572074 2580.923895
2191.197010 2581.067757
2194.432645 2639.640419
2132.467696 2639.564817
2224.370479 2581.145199
2285.773696 2581.288543
2289.529577 2639.756446
2227.788811 2639.681117
2318.827918 2581.365707
2380.010611 2581.508536
2384.282971 2639.872052
2322.765173 2639.796995
2412.946228 2581.585423
2473.909583 2581.727740
2478.694688 2639.987242
2417.398651 2639.912456
2506.727232 2581.804351
2567.472425 2581.946159
2572.766569 2640.102018
2511.691098 2640.027501
2038.133873 2672.525287
2100.517053 2672.562254
2103.276310 2732.271513
2040.544665 2732.305486
2134.098056 2672.582153
2196.254426 2672.618987
2199.546833 2732.219375
2137.044546 2732.253224
2229.713447 2672.638813
2291.644242 2672.675513
2295.465904 2732.167428
2233.191719 2732.201154
2324.981946 2672.695268
2386.688393 2672.731834
2391.035444 2732.115670
2328.988114 2732.149273
2419.905437 2672.751518
2481.388752 2672.787952
2486.257358 2732.064100
2424.435648 2732.097581
2514.485790 2672.807565
2575.747181 2672.843868
2581.133542 2732.012718
2519.536223 2732.046077
