4368 2912
1145.204197 1580.664208
1567.127347 1556.313381
1103.278387 1857.803004
1548.490454 1823.870212
1165.266735 1600.689581
1209.943284 1598.048301
1204.697871 1636.372695
1159.678590 1639.148520
1233.440570 1596.659139
1277.712926 1594.041755
1272.983656 1632.162291
1228.374626 1634.912820
1300.998109 1592.665133
1344.871732 1590.071322
1340.649503 1627.990111
1296.445141 1630.715689
1367.947671 1588.707071
1411.427924 1586.136517
1407.703818 1623.855637
1363.898642 1626.556602
1434.297428 1584.784470
1477.389576 1582.236859
1474.154850 1619.758361
1430.743478 1622.435044
1500.055403 1580.896854
1542.764621 1578.371883
1540.010707 1615.697783
1496.987852 1618.350511
1156.586574 1660.428510
1201.795591 1657.577523
1196.430161 1696.778790
1150.870182 1699.770081
1225.571697 1656.078144
1270.367093 1653.253240
1265.530116 1692.241953
1220.390029 1695.205677
1293.926165 1651.767550
1338.313589 1648.968373
1333.995645 1687.746773
1289.269671 1690.683306
1361.658588 1647.496182
1405.643589 1644.722384
1401.835444 1683.292674
1357.517913 1686.202391
1428.777417 1643.263509
1472.365443 1640.514745
1469.058055 1678.879098
1425.143395 1681.762364
1495.290953 1639.069008
1538.487355 1636.344941
1535.671861 1674.505493
1492.154604 1677.362668
1147.706795 1721.541259
1193.461095 1718.471574
1187.971482 1758.580155
1141.857689 1761.796199
1217.522704 1716.857266
1262.853620 1713.815986
1257.905215 1753.702876
1212.221299 1756.888938
1286.693091 1712.216580
1331.606475 1709.203313
1327.189520 1748.870888
1281.929499 1752.027387
1355.226869 1707.618605
1399.728462 1704.632965
1395.833402 1744.083564
1350.991403 1747.210910
1423.132787 1703.062754
1467.228226 1700.104364
1463.845700 1739.340288
1419.415957 1742.438882
1490.419434 1698.548451
1534.114254 1695.616938
1531.235089 1734.640454
1487.211945 1737.710691
1138.620432 1784.075770
1184.933298 1780.777938
1179.315140 1821.825703
1132.633936 1825.276259
1209.287333 1779.043743
1255.166706 1775.776780
1250.102976 1816.593244
1203.861996 1820.011261
1279.293316 1774.058779
1324.745253 1770.822252
1320.225844 1811.409940
1274.418889 1814.795874
1348.647610 1769.120220
1393.678055 1765.913707
1389.693071 1806.275098
1344.314058 1809.629400
1417.359272 1764.227421
1461.974063 1761.050505
1458.513808 1801.188044
1413.556770 1804.511154
1485.437193 1759.379750
1529.642057 1756.232024
1526.697039 1796.148111
1482.156116 1799.440464
