2912 4368
2361.572321 2706.049682
2759.874481 2738.268041
2326.696790 2976.473074
2743.115699 3018.470042
2384.709805 2733.746670
2419.093687 2736.586561
2415.294236 2768.828991
2380.728644 2765.891838
2445.584206 2738.774510
2480.275831 2741.639818
2476.802107 2774.055518
2441.925411 2771.091930
2507.003977 2743.847394
2542.007498 2746.738462
2538.865533 2779.329253
2503.673513 2776.338871
2568.976484 2748.965930
2604.296121 2751.883108
2601.492078 2784.650839
2565.980437 2781.633297
2631.509217 2754.130737
2667.149275 2757.074380
2664.689438 2790.020927
2628.853804 2786.975855
2694.609809 2759.342446
2730.574668 2762.312915
2728.465454 2795.440187
2692.301372 2792.367206
2377.557319 2791.498139
2412.267581 2794.513416
2408.391381 2827.407154
2373.495946 2824.290988
2439.010746 2796.836592
2474.034802 2799.879128
2470.490588 2832.952616
2435.277896 2829.808121
2501.020284 2802.223355
2536.362410 2805.293521
2533.156397 2838.548678
2497.622103 2835.375462
2563.593516 2807.659085
2599.258065 2810.757261
2596.396597 2844.196031
2560.536275 2840.993702
2626.738164 2813.144455
2662.729568 2816.271024
2660.219123 2849.895386
2624.028264 2846.663540
2690.462093 2818.680146
2726.784864 2821.835501
2724.632055 2855.647466
2688.106068 2852.385693
2370.260399 2850.415833
2405.303276 2853.613045
2401.347976 2887.178025
2366.116360 2883.876138
2432.303939 2856.076507
2467.666842 2859.302916
2464.049971 2893.054419
2428.494763 2889.722206
2494.914651 2861.788928
2530.601985 2865.044938
2527.329945 2898.984982
2491.446667 2895.622022
2558.100349 2867.553809
2594.116599 2870.839828
2591.195927 2904.970464
2554.980017 2901.576330
2621.868989 2873.371876
2658.218724 2876.688322
2655.656095 2911.011634
2619.102906 2907.585890
2686.228676 2879.243869
2722.916549 2882.591165
2720.718781 2917.109270
2683.823578 2913.651473
2362.814623 2910.535438
2398.196532 2913.921425
2394.159686 2948.178408
2358.585370 2944.683788
2425.459685 2916.530462
2461.168040 2919.947688
2457.476254 2954.398272
2421.571819 2950.871222
2488.683314 2922.580852
2524.722654 2926.029754
2521.382524 2960.676064
2485.143354 2957.116131
2552.493562 2928.687381
2588.868510 2932.168399
2585.886776 2967.012599
2549.308166 2963.419322
2616.898631 2934.850834
2653.613897 2938.364420
2650.997439 2973.408704
2614.074600 2969.781612
2681.906878 2941.072009
2718.967260 2944.618623
2716.723108 2979.865224
2679.451156 2976.203837
