4368 2912
515.636315 2122.867507
1243.345582 2168.218197
499.061446 2564.258024
1321.742753 2542.159796
566.378815 2165.203142
642.136437 2169.342350
642.504035 2217.869419
565.484494 2214.439756
694.844633 2172.222195
766.691652 2176.147738
769.046993 2223.504348
696.066588 2220.254547
816.713790 2178.880824
884.945377 2182.608828
889.087868 2228.849741
819.836991 2225.766015
932.481673 2185.206093
997.364019 2188.751104
1003.115244 2233.927354
937.315144 2230.997291
1042.595273 2191.222427
1104.369067 2194.597594
1111.569955 2238.756818
1048.968980 2235.969210
1147.458963 2196.951919
1206.342370 2200.169162
1214.850771 2243.355889
1155.221158 2240.700596
564.780717 2253.186001
642.793179 2256.039556
643.182919 2307.489536
563.831632 2305.437619
697.027436 2258.023347
770.898230 2260.725407
773.391566 2310.856556
698.322142 2308.915362
822.290994 2262.605261
892.341400 2265.167579
896.720142 2314.045667
825.595119 2312.206470
941.110271 2266.951456
1007.629178 2269.384598
1013.699912 2317.070606
946.216381 2315.325573
1053.970093 2271.079665
1117.217981 2273.393158
1124.808818 2319.943732
1060.694110 2318.285812
1161.307842 2275.005886
1221.520187 2277.208344
1230.478002 2322.676195
1169.486008 2321.099024
563.084090 2346.593296
643.489744 2347.993834
643.903687 2402.638995
562.075053 2402.145586
699.341058 2348.966674
775.352873 2350.290679
777.996697 2403.447546
700.715210 2402.981556
828.193364 2351.211076
900.161906 2352.464653
904.797702 2404.212129
831.694603 2403.771333
950.228633 2353.336735
1018.468141 2354.525358
1024.885768 2404.936234
955.631119 2404.518643
1065.973916 2355.352833
1130.766889 2356.481423
1138.780231 2405.622992
1073.077938 2405.226822
1175.903294 2357.267627
1237.504402 2358.340620
1246.948202 2406.275222
1184.531787 2405.898864
561.279534 2445.942636
644.229867 2445.698297
644.670341 2503.845802
560.204679 2505.118527
701.797621 2445.528725
780.078189 2445.298141
782.886549 2501.763165
703.258764 2502.962994
834.450193 2445.137982
908.444517 2444.920024
913.360686 2499.797186
838.166725 2500.930206
959.879677 2444.768516
1029.930404 2444.562174
1036.725530 2497.938330
965.605112 2499.009970
1078.660398 2444.418635
1145.074598 2444.223004
1153.546727 2496.178073
1086.177576 2497.193189
1191.307361 2444.086821
1254.361034 2443.901089
1264.331469 2494.508773
1200.424428 2495.471722
