2912 4368
2174.856264 3357.079762
2751.020951 3421.482143
2116.165391 3757.681103
2716.916245 3850.088619
2199.481116 3390.019674
2257.798561 3396.716054
2249.960305 3454.748902
2191.310514 3447.668978
2287.003385 3400.069537
2346.353617 3406.884509
2339.028551 3465.500798
2279.333239 3458.294663
2376.077948 3410.297645
2436.488647 3417.234386
2429.696481 3476.445800
2368.927442 3469.110050
2466.746471 3420.708781
2528.246317 3427.770584
2522.007584 3487.589158
2460.135584 3480.120264
2559.052126 3431.307904
2621.670841 3438.498183
2616.006936 3498.936314
2553.001672 3491.330617
2653.039656 3442.100150
2716.808054 3449.422442
2711.741279 3510.492909
2647.571328 3502.746617
2187.062888 3477.638951
2245.885219 3484.920009
2237.890208 3544.113431
2178.729855 3536.434321
2275.345438 3488.566610
2335.219935 3495.977907
2327.747058 3555.776993
2267.521444 3547.959612
2365.209479 3499.690028
2426.164629 3507.235088
2419.234161 3567.652166
2357.914253 3559.692744
2456.697892 3511.014512
2518.763216 3518.696990
2512.396285 3579.744759
2449.951987 3571.639389
2549.855120 3522.545562
2613.061227 3530.369247
2607.279861 3592.060799
2543.679958 3583.805429
2644.727246 3534.288883
2709.105880 3542.257704
2703.933044 3604.606536
2639.145161 3596.196965
2174.397363 3567.003069
2233.733217 3574.890943
2225.576704 3635.280104
2165.897007 3626.979026
2263.453253 3578.841808
2323.861202 3586.872203
2316.235996 3647.890251
2255.470737 3639.438179
2354.120660 3590.894776
2415.630025 3599.071589
2408.556987 3660.731532
2346.676276 3652.124306
2446.443725 3603.167840
2509.084906 3611.495112
2502.585784 3673.810357
2439.558623 3665.043668
2540.468217 3615.667086
2604.272743 3624.149008
2598.370221 3687.133381
2534.164451 3678.202755
2636.241606 3628.398822
2701.242189 3637.039744
2695.959927 3700.707507
2630.542177 3691.608301
2161.477083 3658.164672
2221.335314 3666.682489
2213.012353 3728.303990
2152.804311 3719.357136
2251.319701 3670.949263
2312.270524 3679.622556
2304.488283 3741.897223
2243.173795 3732.785951
2342.804722 3683.967568
2404.878327 3692.800632
2397.658274 3755.742191
2335.206556 3746.461928
2435.977596 3697.226054
2499.205296 3706.223346
2492.569825 3769.845954
2428.948944 3760.391954
2530.885471 3710.731430
2595.299755 3719.897573
2589.272227 3784.215835
2524.449041 3774.583173
2627.577263 3724.490657
2693.211849 3733.830449
2687.816651 3798.859439
2621.756752 3789.043003
