4368 2912
915.487308 2268.605384
1618.299777 2148.388448
969.882330 2760.371710
1663.783217 2609.878427
965.868510 2305.790945
1035.559807 2293.602372
1042.408504 2356.718474
972.835494 2369.297424
1080.915868 2285.669880
1149.156522 2273.735015
1155.814438 2336.214436
1087.688090 2348.531827
1193.573378 2265.966784
1260.408216 2254.277787
1266.881725 2316.133231
1200.157381 2328.197136
1303.914739 2246.668767
1369.386759 2235.218119
1375.681967 2296.461913
1310.316790 2308.280078
1412.010652 2227.763466
1476.161117 2216.543950
1482.283874 2277.188058
1418.236752 2288.767916
1517.928970 2209.239013
1580.797493 2198.243700
1586.753405 2258.299742
1523.984871 2269.648428
977.742348 2414.025100
1047.232104 2401.171722
1054.056035 2464.059587
984.683978 2477.300465
1092.457864 2392.806405
1160.503758 2380.220095
1167.137849 2442.475931
1099.205699 2455.441978
1204.794677 2372.027695
1271.441248 2359.700215
1277.891830 2421.336583
1211.355216 2434.036268
1314.826014 2351.675423
1380.115986 2339.598871
1386.389125 2400.627964
1321.205482 2413.069410
1422.622126 2331.736597
1486.596503 2319.903387
1492.698011 2380.337041
1428.826487 2392.528046
1528.250440 2312.198743
1590.948588 2300.601595
1596.884038 2360.451303
1534.285409 2372.399354
989.572992 2521.865516
1058.862208 2508.352231
1065.661508 2571.013095
996.489406 2584.911028
1103.958311 2499.557262
1171.810403 2486.324255
1178.420795 2548.357703
1110.681890 2561.967681
1215.976000 2477.710760
1282.435218 2464.749401
1288.862995 2526.167856
1222.513200 2539.498737
1325.698815 2456.311821
1390.807614 2443.613831
1397.058800 2504.429351
1332.055820 2517.489632
1433.196562 2435.346831
1496.995687 2422.904262
1503.076058 2483.128555
1439.379298 2495.926393
1538.536246 2414.802721
1601.064820 2402.607945
1606.979912 2462.252381
1544.550391 2474.795608
1001.360675 2629.314339
1070.450348 2615.146003
1077.225149 2677.581093
1008.252011 2692.131247
1115.417434 2605.924527
1183.076673 2592.049533
1189.663495 2653.861783
1122.116887 2668.111005
1227.117560 2583.017994
1293.390334 2569.427325
1299.795426 2630.629020
1233.631545 2644.586550
1336.533345 2560.579915
1401.461839 2547.264919
1407.691187 2607.867986
1342.868006 2621.542690
1443.734155 2538.596064
1507.358859 2525.548439
1513.418202 2585.564457
1449.895378 2598.964846
1548.786574 2517.052788
1611.146368 2504.264559
1617.041207 2563.704778
1554.780003 2576.839023
