4368 2912
2935.893044 1747.981573
4214.966286 1674.530232
2904.854796 2561.622953
4267.095532 2524.181549
3004.302191 1809.151605
3128.128308 1802.325460
3125.759382 1911.960648
3000.912075 1918.348143
3199.593657 1798.385799
3325.188707 1791.462140
3324.464254 1901.794421
3197.818368 1908.273935
3397.678641 1787.465998
3525.080803 1780.442717
3526.048701 1891.480867
3397.565087 1898.054404
3598.617512 1776.388869
3727.866071 1769.263803
3730.575772 1881.016761
3600.214140 1887.686381
3802.472394 1765.150991
3933.607780 1757.921910
3938.110378 1870.398783
3805.829246 1877.166609
4009.307225 1753.748838
4142.371061 1746.413447
4148.719345 1859.623512
4014.476005 1866.491730
2998.877063 1983.896486
3124.337281 1977.776257
3121.904187 2090.381242
2995.395538 2096.037356
3196.752600 1974.243676
3324.029312 1968.034833
3323.285091 2081.377641
3194.929094 2087.116349
3397.496910 1964.450920
3526.629855 1958.151527
3527.624357 2072.241773
3397.380251 2078.064898
3601.172838 1954.515154
3732.202920 1948.123214
3734.987656 2062.970703
3602.813472 2068.880120
3807.845073 1944.433221
3940.814409 1937.946680
3945.442619 2053.561408
3811.295132 2059.559049
4017.580225 1934.201873
4152.532187 1927.618614
4159.058907 2044.010770
4022.893595 2050.098627
2993.305282 2163.365093
3120.443302 2157.991796
3117.943395 2273.688903
2989.728600 2278.571007
3193.834182 2154.890042
3322.838200 2149.437881
3322.073391 2265.916135
3191.960469 2270.870515
3397.310196 2146.290434
3528.221597 2140.757661
3529.243815 2258.027595
3397.190300 2263.055868
3603.798775 2137.563506
3736.660175 2131.948320
3739.523105 2250.020678
3605.485258 2255.124509
3813.367321 2128.706408
3948.222616 2123.006952
3952.981769 2241.892697
3816.914523 2247.073803
4026.085264 2119.716205
4162.979678 2113.930569
4169.692464 2233.640888
4031.549379 2238.901036
2987.580821 2347.751588
3116.442118 2343.168846
3113.872608 2462.087210
2983.905026 2466.149946
3190.835201 2340.523178
3321.614052 2335.872241
3320.827789 2455.617871
3188.909177 2459.741596
3397.118290 2333.187055
3529.857816 2328.466391
3530.908926 2449.050816
3396.995021 2453.236913
3606.498290 2325.740797
3741.242918 2320.948825
3744.187383 2442.383814
3608.232570 2446.633709
3819.045471 2318.181904
3955.840978 2313.316994
3960.736711 2435.614566
3822.693976 2439.929729
4034.832243 2310.507799
4173.725811 2305.568275
4180.632736 2428.740701
4040.453609 2433.122647
