4368 2912
3227.003641 1982.153660
4024.862446 2047.284087
3192.763463 2501.233278
4039.228972 2605.959544
3260.786155 2019.871950
3345.694535 2027.048773
3341.755355 2105.875970
3256.132552 2098.113264
3382.285755 2030.141620
3468.816971 2037.455611
3465.931326 2117.133970
3378.657506 2109.221580
3506.110904 2040.607855
3594.311930 2048.062986
3592.521541 2128.610849
3503.548483 2120.544404
3632.329013 2051.276354
3722.248655 2058.876750
3721.597095 2140.313053
3630.874685 2132.088009
3761.010128 2062.153036
3852.699109 2069.902984
3853.231906 2152.247283
3760.708040 2143.858916
3892.227051 2073.244056
3985.738115 2081.148015
3987.502852 2164.420510
3893.123336 2155.863907
3254.038269 2133.324590
3339.982436 2141.353936
3335.941858 2222.210219
3249.265684 2213.566342
3377.024471 2144.814593
3464.632418 2152.999377
3461.671769 2234.748772
3373.302555 2225.936055
3502.395024 2156.527354
3591.715537 2164.872135
3589.878152 2247.534294
3499.765805 2238.547742
3630.219947 2168.469414
3721.303736 2176.978930
3720.634903 2260.574154
3628.727331 2251.408571
3760.572024 2180.647575
3853.471822 2189.326752
3854.018885 2273.876018
3760.261904 2264.526001
3893.526947 2193.068907
3988.297613 2201.922870
3990.110086 2287.447862
3894.447304 2277.907787
3247.117511 2249.683713
3334.123009 2258.607320
3329.977065 2341.572057
3242.221322 2332.003615
3371.627090 2262.453880
3460.338879 2271.552491
3457.300261 2355.454733
3367.807834 2345.696932
3498.582080 2275.474857
3589.050853 2284.753673
3587.164597 2369.614482
3495.883416 2359.661645
3628.055242 2288.754108
3720.333715 2298.218533
3719.646912 2384.059682
3626.522807 2373.905901
3760.122246 2302.299393
3854.265270 2311.955053
3854.827181 2398.799054
3759.803770 2388.438182
3894.861829 2316.118788
3990.926491 2325.971538
3992.788662 2413.841674
3895.807242 2403.267311
3240.017153 2369.062455
3328.110477 2378.924482
3323.854994 2464.081230
3234.992497 2453.542299
3366.088262 2383.176085
3455.932038 2393.234074
3452.812332 2479.375337
3362.167796 2468.625059
3494.668219 2397.570581
3586.315146 2407.830431
3584.378043 2494.978793
3491.897319 2484.010746
3625.832668 2412.254409
3719.337580 2422.722261
3718.632073 2510.901078
3624.258798 2499.708578
3759.660323 2427.236382
3855.080297 2437.918625
3855.657669 2527.152065
3759.333147 2515.728151
3896.233129 2442.525675
3993.627608 2453.428963
3995.541551 2543.742041
3897.204634 2532.079460
