4368 2912
2737.913081 1125.346886
4218.518868 1064.205508
2742.050000 2038.535133
4238.167474 2144.500124
2816.221150 1198.633061
2943.902183 1194.455391
2944.750842 1322.416018
2816.909624 1324.655335
3021.945527 1191.901845
3156.093524 1187.512578
3157.218441 1318.694349
3022.894333 1321.047225
3238.140242 1184.828043
3379.259274 1180.210686
3380.688276 1314.779962
3239.375342 1317.255256
3465.625499 1177.384819
3614.273419 1172.521121
3616.037656 1310.657489
3467.175908 1313.265010
3705.309467 1169.542458
3862.105277 1164.412165
3864.239713 1306.309881
3707.207699 1309.060518
3958.200398 1161.267972
4123.832868 1155.848546
4126.376850 1301.718183
3960.482983 1304.624046
2817.334534 1402.433409
2945.274630 1401.392667
2946.126508 1529.838860
2818.025581 1528.926615
3023.479942 1400.756498
3157.912768 1399.662941
3159.042060 1531.355095
3024.432383 1530.396500
3240.137689 1398.994074
3381.570335 1397.843576
3383.005040 1532.950002
3241.377640 1531.941431
3468.132925 1397.139424
3617.126699 1395.927419
3618.898166 1534.629868
3469.689584 1533.567308
3708.379480 1395.185114
3865.557348 1393.906536
3867.700770 1536.401665
3710.285570 1535.280664
3961.892104 1393.122891
4127.947399 1391.772097
4130.502393 1538.273153
3964.184398 1537.088753
2818.452080 1606.995610
2946.652286 1609.115484
2947.507404 1738.050013
2819.145715 1733.962395
3025.020237 1610.411349
3159.739090 1612.639013
3160.872785 1744.844534
3025.976333 1740.548820
3242.142985 1614.001616
3383.890623 1616.345506
3385.331067 1751.992304
3243.387816 1747.472186
3470.650462 1617.780135
3619.991675 1620.249591
3621.770417 1759.521605
3472.213408 1754.759032
3711.462205 1621.762116
3869.023958 1624.367502
3871.176424 1767.463823
3713.376201 1762.438749
3965.599519 1625.964442
4132.079748 1628.717302
4134.645824 1775.853884
3967.901585 1770.543991
2819.573813 1812.323945
2948.035182 1817.628323
2948.893557 1947.053977
2820.270048 1939.766972
3026.566445 1820.871005
3161.572536 1826.445625
3162.710659 1959.167520
3027.526215 1951.508814
3244.156175 1829.855637
3386.220195 1835.721690
3387.666412 1971.912110
3245.405915 1963.852517
3473.178171 1839.312325
3622.868422 1845.493277
3624.654483 1985.338374
3474.747442 1976.845577
3714.557722 1849.279277
3872.505201 1855.801183
3874.666767 1999.502510
3716.479674 1990.540617
3969.322745 1859.798936
4136.230030 1866.690808
4138.807262 2014.467062
3971.634644 2004.996105
