2912 4368
1589.786225 1820.946435
2584.550153 1732.964624
1690.785350 2222.533854
2836.081748 2113.615112
1685.434376 1857.232075
1757.138921 1850.843373
1768.032153 1885.833320
1695.343378 1892.353612
1841.451583 1843.331318
1912.781612 1836.975985
1925.802854 1871.681050
1853.498993 1878.166816
1996.654479 1829.503115
2067.612918 1823.180889
2082.739708 1857.603578
2010.817713 1864.055089
2151.049421 1815.746897
2221.639166 1809.457522
2238.849310 1843.600312
2167.306163 1850.017840
2304.642703 1802.062107
2374.866620 1795.805326
2394.138182 1829.670666
2322.970897 1836.054479
2457.440553 1788.448187
2527.301479 1782.223747
2548.612780 1815.814062
2477.818404 1822.164424
1707.663097 1936.019717
1781.575042 1929.334187
1793.162938 1966.555454
1718.204801 1973.383810
1868.476143 1921.473754
1941.990050 1914.824228
1955.839372 1951.736348
1881.290673 1958.527406
2028.423792 1907.006069
2101.542869 1900.392256
2117.628998 1936.998025
2043.486392 1943.752090
2187.513013 1892.616030
2260.240431 1886.037643
2278.539048 1922.339828
2204.799224 1929.057202
2345.750697 1878.303016
2418.089596 1871.759772
2438.576674 1907.761106
2365.236360 1914.442085
2503.143663 1864.066408
2575.097146 1857.558026
2597.748953 1893.261213
2524.804911 1899.906094
1731.323929 2019.883339
1807.583471 2012.875385
1819.934665 2052.548425
1742.560928 2059.711841
1897.236942 2004.636583
1973.072640 1997.667580
1987.831623 2037.004188
1910.894266 2044.127203
2062.228513 1989.474504
2137.643889 1982.544127
2154.783599 2021.547438
2078.278943 2028.630393
2226.306296 1974.396399
2301.304835 1967.504326
2320.798552 2006.177441
2244.722954 2013.220672
2389.477863 1959.401571
2464.063011 1952.547488
2485.884344 1990.893467
2410.234208 1997.897308
2551.750700 1944.489333
2625.925867 1937.672926
2650.048758 1975.694796
2574.820522 1982.659577
1756.559874 2109.329808
1835.321007 2101.970612
1848.513476 2144.345903
1768.563298 2151.874830
1927.906854 2093.319679
2006.215740 2086.002741
2021.977043 2128.010799
1942.492938 2135.495836
2098.270720 2077.401409
2176.131241 2070.126364
2194.431539 2111.770720
2115.409443 2119.212249
2267.659907 2061.574211
2345.075906 2054.340700
2365.885744 2095.624838
2287.321642 2103.023237
2436.082758 2045.837303
2513.058029 2038.644974
2536.348335 2079.572337
2458.238257 2086.927980
2603.547518 2030.189917
2680.085813 2023.038416
2705.827892 2063.612407
2628.167912 2070.925666
