4368 2912
364.296453 1494.524339
946.991577 1346.183370
502.690811 1889.685018
1082.485670 1699.077026
413.369711 1518.927816
474.368306 1503.038072
492.726335 1554.567409
431.752853 1571.037267
511.591377 1493.341699
570.596735 1477.971180
588.908204 1528.587236
529.932404 1544.517489
606.613351 1468.589083
663.721598 1453.712749
681.979916 1503.447161
624.905207 1518.863902
698.589476 1444.629889
753.890657 1430.224285
772.089928 1479.107087
716.825846 1494.034750
787.663892 1421.426573
841.242439 1407.469704
859.377396 1455.529425
805.839127 1469.990919
873.971782 1398.943920
925.906952 1385.415139
943.972891 1432.678905
892.080838 1446.695733
443.577927 1604.557003
504.534710 1587.712458
523.055955 1639.699927
462.126218 1657.134595
541.729511 1577.434202
600.685775 1561.142472
619.157355 1612.201105
560.232560 1629.062071
636.669844 1551.198785
693.722477 1535.433097
712.137848 1585.595310
655.120635 1601.910433
728.553983 1525.807903
783.793719 1510.543185
802.147032 1559.839738
746.946247 1575.635102
817.527163 1501.221424
871.039058 1486.434170
889.325095 1534.894273
835.855300 1550.194325
903.725556 1477.401718
955.589430 1463.069872
973.803542 1510.721288
921.984573 1525.548966
474.057764 1690.956143
534.969548 1673.140314
553.656194 1725.592050
492.773443 1744.008212
572.134112 1662.270208
631.038133 1645.041622
649.671935 1696.548660
590.801338 1714.356174
666.987716 1634.526880
723.981633 1617.856972
742.556092 1668.452530
685.599523 1685.681078
758.774857 1607.680450
813.950095 1591.542478
832.459414 1641.258060
777.325021 1657.935425
847.641869 1581.688115
901.084111 1566.057021
919.523126 1614.922531
866.124845 1631.074747
933.725922 1556.509756
985.515553 1541.362027
1003.879670 1589.405882
952.136771 1605.057369
504.812906 1778.135666
565.676419 1759.331739
584.530691 1812.253989
523.698247 1831.668665
602.808728 1747.859623
661.657281 1729.678224
680.455450 1781.639603
621.642329 1800.409811
697.570391 1718.582782
754.502414 1700.993498
773.238031 1752.028041
716.345331 1770.185346
789.255401 1690.256481
844.363018 1673.230852
863.030339 1723.370825
807.965510 1740.944765
878.011200 1662.835165
931.380721 1646.346525
949.974640 1695.622550
896.650986 1712.640795
963.975957 1636.276149
1015.688335 1620.299487
1034.204317 1668.740648
982.540540 1685.229143
