4368 2912
1207.281818 2167.592957
1632.688665 2085.670802
1292.873075 2501.447070
1736.004624 2378.985574
1240.615010 2190.324100
1286.499170 2181.182909
1298.080188 2223.519929
1251.913743 2233.206768
1312.884222 2175.926393
1357.235996 2167.090490
1369.234861 2208.589955
1324.623558 2217.950487
1382.747183 2162.008069
1425.642074 2153.462410
1438.025021 2194.156113
1394.891585 2203.206553
1450.322101 2148.545575
1491.830733 2140.276091
1504.566604 2180.194077
1462.838795 2188.949582
1515.719567 2135.516880
1555.908072 2127.510396
1568.968086 2166.681085
1528.578297 2175.155841
1579.043158 2122.901350
1617.973526 2115.145516
1631.331080 2153.595818
1592.215971 2161.803116
1259.144168 2260.648779
1305.490093 2250.608503
1317.410146 2294.184938
1270.777360 2304.800840
1332.134080 2244.836411
1376.910257 2235.136202
1389.254352 2277.829684
1344.214881 2288.082870
1402.659399 2229.557966
1445.944250 2220.180835
1458.677458 2262.025591
1415.151016 2271.934337
1470.842882 2214.786852
1512.709691 2205.716921
1525.799820 2246.745259
1483.711426 2256.326635
1536.799267 2200.498210
1577.316595 2191.720629
1590.733948 2231.963077
1550.013494 2241.233043
1600.635918 2186.668784
1639.867974 2178.169640
1653.585131 2217.655074
1614.166994 2226.628570
1278.223410 2333.061222
1325.038572 2322.072366
1337.312767 2366.943448
1290.206135 2378.539886
1351.945461 2315.756549
1397.152181 2305.145240
1409.856622 2349.085022
1364.382845 2360.279493
1423.142512 2299.044566
1466.822281 2288.791676
1479.920825 2331.837022
1435.996451 2342.650070
1491.942102 2282.895336
1534.170998 2272.983007
1547.630376 2315.168677
1505.177545 2325.619469
1558.463322 2267.280904
1599.312452 2257.692445
1613.102013 2299.051249
1572.047995 2309.157689
1622.817505 2252.175137
1662.353404 2242.894932
1676.444882 2283.457868
1636.721663 2293.236700
1297.877601 2407.655802
1345.169525 2395.665596
1357.813883 2441.889891
1310.225853 2454.521768
1372.343298 2388.776066
1417.986695 2377.203821
1431.067495 2422.445283
1385.153289 2434.632856
1444.221432 2370.552370
1488.301021 2359.376607
1501.780852 2403.674966
1457.453688 2415.441271
1513.644569 2352.951105
1556.239363 2342.151791
1570.083836 2385.544464
1527.262827 2396.910971
1580.736373 2335.940916
1621.920151 2325.499346
1636.097625 2368.021611
1594.707290 2379.008357
1645.612340 2319.492523
1685.454070 2309.391209
1699.935405 2351.076363
1659.905224 2361.702067
