4368 2912
3569.185307 2018.118888
4155.648089 2213.225400
3391.358046 2399.247435
3941.104338 2671.117396
3585.132244 2061.328795
3633.930195 2078.139092
3609.200196 2131.107950
3560.814236 2113.433485
3665.034308 2088.854078
3716.550509 2106.600778
3691.122409 2161.032566
3640.041577 2142.373716
3749.411636 2117.921035
3803.879708 2136.684619
3777.712966 2192.662437
3723.705684 2172.934612
3838.651043 2148.662919
3896.332171 2168.533361
3869.382608 2226.147602
3812.189985 2205.256232
3933.185250 2181.228796
3994.372366 2202.307009
3966.591717 2261.656228
3905.923398 2239.495253
4033.499893 2215.785963
4098.522653 2238.185509
4069.858051 2299.377442
4005.387287 2275.827507
3545.245069 2146.792574
3593.367325 2165.020166
3568.649743 2217.962429
3520.939072 2198.871529
3624.040539 2176.638468
3674.842709 2195.881150
3649.427731 2250.284849
3599.060487 2230.130952
3707.248140 2208.155575
3760.960491 2228.500566
3734.807636 2284.448676
3681.555595 2263.140459
3795.249131 2241.488307
3852.129087 2263.033114
3825.194247 2320.615880
3768.802271 2298.051254
3888.470000 2276.798208
3948.806270 2299.652185
3921.041256 2358.968004
3861.223210 2335.032472
3987.389378 2314.266570
4051.506851 2338.552780
4022.858883 2399.709203
3959.292778 2374.273929
3505.377594 2232.214144
3552.824821 2251.857619
3528.119647 2304.773304
3481.083598 2284.267384
3583.067567 2264.378322
3633.156429 2285.115453
3607.754564 2339.491085
3558.100185 2317.843673
3665.106633 2298.343055
3718.064051 2320.267787
3691.925073 2376.186211
3639.427486 2353.299269
3751.870507 2334.263890
3807.950151 2357.481245
3781.030020 2415.032564
3725.437833 2390.796495
3843.779454 2372.314821
3903.265817 2396.942581
3875.516425 2456.225026
3816.547714 2430.516922
3941.305115 2412.691110
4004.518330 2438.861811
3975.886982 2499.982755
3913.224509 2472.664310
3465.529805 2317.593536
3512.302668 2338.651482
3487.609892 2391.540610
3441.247802 2369.621080
3542.115375 2352.073674
3591.491655 2374.303722
3566.102890 2428.651310
3517.160655 2405.511914
3622.987099 2388.483511
3675.190370 2411.986319
3649.065257 2467.875082
3597.321337 2443.411078
3708.515150 2426.989707
3763.795341 2451.877798
3736.889907 2509.397694
3682.096653 2483.491994
3799.113591 2467.778680
3857.750985 2494.178241
3830.017201 2553.427341
3771.896888 2525.948642
3895.247083 2511.059627
3957.557068 2539.112652
3928.942327 2600.198146
3867.182455 2570.998700
