4368 2912
2705.242281 1905.252125
3641.407222 1893.036119
2724.739383 2548.802551
3778.838869 2529.329553
2770.764227 1963.092917
2854.474635 1961.961815
2858.861943 2034.372300
2773.960863 2035.571802
2918.601023 1961.095334
3002.101360 1959.967070
3008.584268 2032.256990
2923.899279 2033.453438
3066.066923 1959.102762
3149.357979 1957.977327
3157.925899 2030.147056
3073.456176 2031.340464
3213.163323 1957.115184
3296.245883 1955.992566
3306.888285 2028.042482
3222.633010 2029.232860
3359.891608 1955.132580
3442.766454 1954.012768
3455.472867 2025.943245
3371.431224 2027.130606
3506.253157 1953.154931
3588.921068 1952.037915
3603.681084 2023.849327
3519.852260 2025.033680
2776.547093 2094.210675
2862.411418 2092.954759
2867.029555 2169.175001
2779.912039 2170.505757
2928.185682 2091.992696
3013.828984 2090.740014
3020.652531 2166.828349
2933.762538 2168.155629
3079.434048 2089.780425
3164.857180 2088.530963
3173.874702 2164.487821
3087.211342 2165.811638
3230.293695 2087.573840
3315.497503 2086.327586
3326.697636 2162.153390
3240.260023 2163.473758
3380.766118 2085.372919
3465.751448 2084.129861
3479.122890 2159.825033
3392.910144 2161.141967
3530.852809 2083.177639
3615.620499 2081.937764
3631.152015 2157.502728
3545.163258 2158.816241
2782.636254 2232.273227
2870.768266 2230.880692
2875.635942 2311.219466
2786.183163 2312.694038
2938.277331 2229.814010
3026.176488 2228.425155
3033.368246 2308.619350
2944.155355 2310.089968
3093.507306 2227.361290
3181.174531 2225.976098
3190.678000 2306.026199
3101.704031 2307.492878
3248.327805 2224.915038
3335.764014 2223.533497
3347.566899 2303.439985
3258.830896 2304.902741
3402.740446 2222.475233
3489.946551 2221.097326
3504.036631 2300.860681
3415.537639 2302.319531
3556.746840 2220.041845
3643.723748 2218.667561
3660.088873 2298.288259
3571.825944 2299.743217
2789.056709 2377.847341
2879.579434 2376.304981
2884.717436 2461.105357
2792.800750 2462.737821
2948.917291 2375.123576
3039.194355 2373.585401
3046.784952 2458.226995
2955.121552 2459.854962
3108.344170 2372.407201
3198.376571 2370.873195
3208.406353 2455.356556
3116.995195 2456.980043
3267.339108 2369.698184
3357.127841 2368.168331
3369.583480 2452.494008
3278.423522 2454.113033
3425.903861 2366.996499
3515.449911 2365.470779
3530.318161 2449.639318
3439.408371 2451.253900
3584.040168 2364.302112
3673.344520 2362.780511
3690.612215 2446.792453
3599.951565 2448.402610
