4368 2912
3487.095778 1414.850950
4097.881680 1432.318563
3626.305641 1861.587176
4289.625773 1847.280327
3535.546024 1451.909453
3599.402396 1453.486022
3618.473759 1509.834268
3553.868779 1508.644691
3637.058362 1454.415721
3699.485157 1455.956995
3719.704168 1511.698234
3656.565201 1510.535650
3736.302804 1456.865997
3797.347498 1458.373147
3818.658418 1513.520288
3756.936123 1512.383789
3833.354511 1459.262135
3893.062499 1460.736282
3915.412426 1515.301829
3855.059653 1514.190547
3928.285360 1461.605910
3986.700071 1463.048128
4010.038767 1517.044193
3951.010436 1515.957299
4021.164118 1463.899022
4078.327121 1465.310336
4102.606862 1518.748658
4044.859847 1517.685356
3565.411667 1544.386503
3630.486319 1545.326575
3650.430823 1604.254601
3584.579544 1603.738601
3668.850890 1545.880792
3732.436391 1546.799352
3753.570277 1605.062786
3689.246881 1604.558758
3769.928038 1547.340958
3832.074928 1548.238736
3854.339003 1605.852394
3791.490926 1605.359926
3868.723110 1548.768158
3929.479662 1549.645850
3952.817810 1606.624058
3891.394871 1606.142758
3965.312525 1550.163494
4024.724882 1551.021768
4049.083879 1607.378384
3989.038146 1606.907875
4059.769335 1551.528023
4117.881616 1552.367517
4143.210957 1608.115950
4084.496626 1607.655873
3596.661030 1641.148148
3662.999701 1641.390606
3683.878709 1703.079721
3616.733876 1703.302426
3702.099009 1641.533507
3766.885184 1641.770291
3788.997476 1702.731066
3723.446364 1702.948484
3805.074799 1641.909869
3868.362347 1642.141174
3891.644985 1702.390607
3827.631517 1702.602926
3905.673649 1642.277542
3967.513974 1642.503558
3991.907366 1702.058059
3929.378070 1702.265455
4003.976920 1642.636825
4064.419102 1642.857732
4089.866801 1701.733149
4028.770649 1701.935791
4100.062301 1642.988002
4159.153225 1643.203971
4185.601730 1701.415618
4125.890013 1701.613669
3629.392556 1742.499218
3697.043467 1741.976308
3718.924235 1806.625221
3650.436008 1807.658915
3736.905026 1741.668198
3802.936003 1741.157810
3826.096252 1805.007670
3759.271896 1806.016252
3841.848747 1740.857033
3906.317285 1740.358721
3930.690017 1803.429034
3865.469625 1804.413407
3944.314692 1740.065019
4007.275600 1739.578361
4032.797459 1801.887923
3969.123967 1802.848949
4044.389589 1739.291488
4105.895140 1738.816079
4132.506192 1800.383016
4070.325213 1801.321516
4142.156167 1738.535798
4202.256246 1738.071254
4229.899762 1798.913053
4169.159426 1799.829808
