4368 2912
3197.587366 1439.492606
3951.305551 1397.980259
3224.236211 1911.336617
4050.238686 1885.335214
3247.717102 1478.939227
3314.924013 1475.369388
3319.458754 1532.058596
3251.510055 1535.475297
3362.967619 1472.817449
3430.951887 1469.206319
3436.778877 1526.159325
3368.035659 1529.615978
3479.552804 1466.624777
3548.327991 1462.971637
3555.477208 1520.190752
3485.925452 1523.688061
3597.495975 1460.359974
3667.075966 1456.664083
3675.578174 1514.151650
3605.203533 1517.690337
3716.820997 1454.021770
3787.220001 1450.282376
3797.106787 1508.040760
3725.894570 1511.621563
3837.552300 1447.608868
3908.784863 1443.825199
3920.088654 1501.856796
3848.023818 1505.480472
3254.337973 1577.626995
3322.839943 1574.327145
3327.548987 1633.195325
3258.276212 1636.328631
3371.814655 1571.967955
3441.124068 1568.629210
3447.176370 1627.784408
3377.077977 1630.955058
3490.677757 1566.242131
3560.808972 1562.863798
3568.236287 1622.308695
3497.297429 1625.517361
3610.951967 1560.448330
3681.919687 1557.029702
3690.754626 1616.767016
3618.960094 1620.014385
3732.662562 1554.585336
3804.481845 1551.125687
3814.757899 1611.158171
3742.092118 1614.444948
3855.835429 1548.651904
3928.521694 1545.150490
3940.273269 1605.480931
3866.720283 1608.807838
3261.213498 1680.110499
3331.061397 1677.104295
3335.954990 1738.279535
3265.305533 1741.104554
3381.004002 1674.954801
3451.691212 1671.912473
3457.982151 1733.400106
3386.474116 1736.259456
3502.235747 1669.737072
3573.777487 1666.657967
3581.499449 1728.461090
3509.117089 1731.355402
3624.934900 1664.456188
3697.346759 1661.339632
3706.534348 1723.461392
3633.261528 1726.391310
3749.128266 1659.110993
3822.426214 1655.956301
3833.114989 1718.399884
3758.935175 1721.366069
3874.843305 1653.700307
3949.043710 1650.506774
3961.270213 1713.275415
3886.166462 1716.278546
3268.358655 1786.613024
3339.606413 1783.926309
3344.695619 1847.546939
3272.613674 1850.036454
3390.555918 1782.005032
3462.676779 1779.285394
3469.220752 1843.246180
3396.245253 1845.766555
3514.252559 1777.340499
3587.262671 1774.587328
3595.297170 1838.891844
3521.411398 1841.443657
3639.476347 1772.618379
3713.392257 1769.831050
3722.954042 1834.482923
3648.140861 1837.066767
3766.255736 1767.837597
3841.094407 1765.015473
3852.221275 1830.018384
3776.463111 1832.634865
3894.619894 1762.997055
3970.398715 1760.139477
3983.129532 1825.497169
3906.408368 1828.146909
