2912 4368
94.526801 3058.284566
1057.372571 2884.957381
422.459713 3904.618888
1401.871822 3562.043878
184.091230 3115.800447
293.594866 3094.668729
336.607285 3199.531718
226.636498 3223.030160
356.898105 3082.452641
459.831554 3062.588821
503.453520 3163.880191
400.156798 3185.952526
519.392951 3051.094823
616.330279 3032.388118
660.416411 3130.340529
563.204105 3151.112751
672.472062 3021.554028
763.922352 3003.906196
808.348873 3098.730477
716.698806 3118.314166
816.930782 2993.676773
903.347077 2977.000388
948.008428 3068.888172
861.456508 3087.382494
953.477336 2967.326386
1035.264142 2951.543388
1080.070172 3040.669358
998.202540 3058.162747
253.364839 3290.395405
363.618676 3265.384683
408.328184 3374.385126
297.623340 3401.943097
427.316788 3250.934976
530.831662 3227.452966
576.121046 3332.616124
472.261986 3358.469961
590.695216 3213.873115
688.070628 3191.783821
733.790912 3293.367060
636.161715 3317.670085
744.435742 3178.997580
836.202135 3158.180674
882.227046 3256.416566
790.283518 3279.304247
889.366759 3146.120453
975.995184 3126.469078
1022.217512 3221.568469
935.477050 3243.160940
1026.224370 3115.074752
1108.134570 3096.493691
1154.463179 3188.648300
1072.496290 3209.052475
325.438910 3472.048559
436.415924 3442.862196
482.924981 3556.249885
371.516254 3588.180402
500.491247 3426.010727
604.555769 3398.642312
651.610036 3507.903575
547.223537 3537.821472
664.701422 3382.824325
762.479762 3357.109143
809.926774 3462.528896
711.918889 3490.618638
819.046471 3342.232400
911.091494 3318.025048
958.802634 3419.860039
866.606066 3446.284217
964.389457 3304.007968
1051.191049 3281.179612
1099.057644 3379.661978
1012.170430 3404.564457
1101.495623 3267.949777
1183.489402 3246.385849
1231.419538 3341.726138
1149.395904 3365.234682
400.486767 3661.196742
512.154710 3627.511091
560.574192 3745.556340
448.497421 3782.201241
576.586480 3608.074662
681.163708 3576.527990
730.088068 3690.131661
625.214607 3724.421349
741.568354 3558.306380
839.709424 3528.701234
888.982865 3638.179022
790.639920 3670.333477
896.453038 3511.584006
988.734352 3483.746509
1038.226115 3589.382076
945.822145 3619.594709
1042.139957 3467.636223
1129.071087 3441.412657
1178.671276 3543.461777
1091.684086 3571.903325
1179.424794 3426.223004
1261.457895 3401.476973
1311.074061 3500.171032
1229.040930 3526.992789
