4368 2912
472.548690 1124.947038
673.083610 1074.315281
577.598866 1283.031844
775.312871 1214.050468
493.355902 1134.969231
515.166455 1129.301747
529.158215 1149.980126
507.374184 1155.907650
527.300430 1126.148727
548.387968 1120.669119
562.334064 1140.952841
541.276249 1146.682759
560.123018 1117.619760
580.522906 1112.318838
594.418782 1132.222458
574.051464 1137.764489
591.878385 1109.368111
611.623718 1104.237275
625.465329 1123.774565
605.755094 1129.137801
622.617749 1101.380470
641.739533 1096.411665
655.523291 1115.595670
636.438846 1120.788626
652.389103 1093.644368
670.916415 1088.830036
684.639146 1107.673126
666.151154 1112.703785
516.020899 1168.822823
537.787692 1162.733604
552.042190 1183.800281
530.305339 1190.158789
549.895406 1159.346494
570.934045 1153.460975
585.137593 1174.119147
564.132042 1180.263733
582.640091 1150.186231
602.986511 1144.494359
617.134650 1164.759304
596.824103 1170.700586
614.310552 1141.326481
633.998363 1135.818853
648.087143 1155.705018
628.437671 1161.452922
644.958797 1132.752693
664.019468 1127.420507
678.045402 1146.941568
659.025246 1152.505383
674.633529 1124.451243
693.096556 1119.286247
707.056574 1138.455162
688.635978 1143.843592
539.117006 1203.320342
560.834474 1196.794372
575.359179 1218.260388
553.675256 1225.065285
572.912803 1193.164906
593.897071 1186.859258
608.365268 1207.902344
587.417626 1214.476180
605.571045 1183.351298
625.858624 1177.255001
640.265956 1197.891200
620.017722 1204.245545
637.148214 1173.862546
656.773233 1167.965344
671.115862 1188.209814
651.532582 1194.355482
667.697116 1164.682782
686.691511 1158.975079
700.966060 1178.842158
682.015510 1184.789262
697.267173 1155.797155
715.660860 1150.269962
729.864372 1169.773226
711.516373 1175.531236
562.656641 1238.480339
584.318923 1231.501966
599.121592 1253.378784
577.496650 1260.646131
596.364579 1227.621530
617.288719 1220.880946
632.029031 1242.319806
611.145239 1249.338079
628.927395 1217.131617
649.150488 1210.616870
663.824203 1231.634619
643.644102 1238.416408
660.402466 1206.992114
679.959163 1200.692042
694.562563 1221.304588
675.051175 1227.861647
690.843400 1197.185751
709.766106 1191.089916
724.295939 1211.312295
705.420568 1217.655613
720.300340 1187.696377
738.619392 1181.795005
753.072826 1201.641444
734.802871 1207.781303
