4368 2912
508.077323 1706.069783
1094.050116 1576.052553
602.886046 2104.205279
1199.400511 1936.348647
552.130308 1731.250766
613.764377 1717.285222
626.761982 1769.739628
564.960741 1784.226483
650.022316 1709.069606
709.988907 1695.481892
723.237816 1747.124689
663.116000 1761.217868
745.272507 1687.487049
803.638386 1674.262037
817.120535 1725.117602
758.610605 1738.832939
837.986401 1666.479186
894.814815 1653.602546
908.513301 1703.694187
851.551293 1717.046674
928.263969 1646.023367
983.614879 1633.481511
997.513876 1682.831525
942.039164 1695.835375
1016.200000 1626.098111
1070.130285 1613.878152
1084.214969 1662.507887
1030.170054 1675.176577
572.922959 1817.101771
634.827429 1802.289339
648.016285 1855.515582
585.943847 1870.863858
671.240764 1793.576396
731.458390 1779.167589
744.899570 1831.559842
684.526116 1846.488019
766.886218 1770.690458
825.485021 1756.669003
839.160176 1808.252595
780.416893 1822.777689
859.966816 1748.418237
917.011208 1734.768719
930.903172 1785.567861
873.724919 1799.705981
950.584362 1726.735372
1006.135380 1713.443186
1020.228099 1763.481030
964.553152 1777.247435
1038.835344 1705.618776
1092.950875 1692.670072
1107.229310 1741.968769
1052.999153 1755.377930
594.024694 1904.228962
656.200849 1888.546011
669.585211 1942.561254
607.240309 1958.795059
692.770249 1879.321957
753.239878 1864.069450
766.877547 1917.227589
706.251510 1933.013825
788.812423 1855.096837
847.644834 1840.257293
861.517167 1892.584658
802.539877 1907.941580
882.260736 1831.525979
939.521530 1817.082849
953.611103 1868.604589
896.216207 1883.549477
973.218867 1808.583228
1028.970188 1794.520839
1043.260706 1845.260993
987.385363 1859.810209
1061.785043 1786.243811
1116.085803 1772.547303
1130.562017 1822.528861
1076.146668 1836.697914
615.442459 1992.661010
677.891550 1976.083129
691.475796 2030.905046
628.857203 2048.049290
714.617661 1966.333729
775.340222 1950.214177
789.178718 2004.155122
728.299196 2020.823227
811.057951 1940.732464
870.124606 1925.052492
884.198413 1978.139834
824.986507 1994.351366
904.874917 1915.827594
962.352489 1900.569463
976.643916 1952.829330
919.032035 1968.602793
996.174162 1891.591083
1052.125927 1876.737997
1066.618438 1928.195351
1010.542591 1943.548267
1085.055694 1867.996384
1139.541612 1853.532425
1154.219741 1904.211133
1099.619307 1919.160097
