2912 4368
2268.954253 2124.803936
2664.672175 2188.660224
2197.521173 2386.344876
2600.069120 2463.411225
2288.147652 2153.979197
2321.863838 2159.506036
2313.393221 2191.224270
2279.609481 2185.563899
2347.894252 2163.773004
2382.055050 2169.372725
2373.706858 2201.329651
2339.476292 2195.594416
2408.429860 2173.696146
2443.044123 2179.370200
2434.822364 2211.569383
2400.136049 2205.757788
2469.770208 2183.751205
2504.847026 2189.501082
2496.755835 2221.946161
2461.604609 2216.056672
2531.931451 2193.940827
2567.480158 2199.768056
2559.523805 2232.462759
2523.898258 2226.493799
2594.930180 2204.267730
2630.960363 2210.173885
2623.143254 2243.122020
2587.033719 2237.071968
2272.840020 2210.605724
2306.677191 2216.372454
2298.116792 2248.426878
2264.211687 2242.523953
2332.801912 2220.824784
2367.087664 2226.667964
2358.650399 2258.965862
2324.294472 2252.984448
2393.559872 2231.179515
2428.303187 2237.100677
2419.993117 2269.645713
2385.177313 2263.584234
2455.129864 2241.672638
2490.339959 2247.673351
2482.161275 2280.469274
2446.876301 2274.326111
2517.528271 2252.306944
2553.214620 2258.388823
2545.171649 2291.439465
2509.407956 2285.212958
2580.771929 2263.085303
2616.944260 2269.250006
2609.041468 2302.559288
2572.789249 2296.247727
2257.370554 2267.830914
2291.329387 2273.842322
2282.677771 2306.238309
2248.650624 2300.087982
2317.548955 2278.483722
2351.960391 2284.575251
2343.432621 2317.219605
2308.950600 2310.987061
2378.530580 2289.278718
2413.403728 2295.451979
2405.003917 2328.348471
2370.057840 2322.032050
2440.331619 2300.218767
2475.675833 2306.475416
2467.408229 2339.627904
2431.988665 2333.225901
2502.968698 2311.306812
2538.793590 2317.648551
2530.662577 2351.060977
2494.759838 2344.571642
2566.458899 2322.545877
2602.774340 2328.974454
2594.784448 2362.650854
2558.388579 2356.072387
2241.736672 2325.664311
2275.817849 2331.925295
2267.073550 2364.668333
2232.923679 2358.265643
2302.132804 2336.759562
2336.670656 2343.104441
2328.050916 2376.100857
2293.442069 2369.612114
2363.339407 2348.003704
2398.343177 2354.434176
2389.852164 2387.687848
2354.775024 2381.111305
2425.372907 2359.399753
2460.852085 2365.917561
2452.494101 2399.432458
2416.939102 2392.766323
2488.250172 2370.950808
2524.214509 2377.557744
2515.994002 2411.337927
2479.951309 2404.580355
2551.988538 2382.660054
2588.448055 2389.357959
2580.369614 2423.407581
2543.829124 2416.556678
