4368 2912
360.165823 1118.640653
846.255627 1024.123059
444.430364 1440.808453
920.707719 1329.584866
401.046990 1142.565628
446.866252 1133.504610
457.320326 1173.944607
411.621779 1183.206809
479.761167 1126.999454
524.756043 1118.101463
535.006487 1158.199139
490.129001 1167.294929
557.061760 1111.712824
601.254300 1102.973499
611.306689 1142.734578
567.228332 1151.668400
632.986510 1096.698275
676.397985 1088.113410
686.257691 1127.543474
642.957306 1136.319616
707.571825 1081.948606
750.222761 1073.514143
759.894968 1112.618636
717.352138 1121.241237
780.852839 1067.456871
822.763048 1059.168890
832.252757 1097.953126
790.447776 1106.426179
419.487316 1213.435756
465.096177 1204.024306
475.498613 1244.264546
430.009594 1253.875127
497.840779 1197.267414
542.631048 1188.024882
552.831315 1227.926271
508.157594 1237.364600
574.790573 1181.388721
618.784094 1172.310600
628.787712 1211.878770
584.907565 1221.149440
650.374086 1165.791962
693.591928 1156.873903
703.404220 1196.114351
660.296687 1205.221789
724.627383 1150.469695
767.089882 1141.707502
776.715983 1180.625589
734.360837 1189.574068
797.585275 1135.414738
839.312062 1126.804359
848.756926 1165.405316
807.134640 1174.198962
437.836121 1283.954153
483.236103 1274.195848
493.587280 1314.237810
448.306279 1324.193214
515.831470 1267.189777
560.418597 1257.606188
570.569054 1297.312726
526.097642 1307.090135
592.432971 1250.724995
636.228882 1241.311470
646.184083 1280.688132
602.500743 1290.292278
667.677659 1234.551848
710.703228 1225.303901
720.468446 1264.356097
677.552413 1273.791544
741.601266 1218.662655
783.876641 1209.575956
793.456963 1248.308964
751.288197 1257.580119
814.238280 1203.050003
855.782912 1194.120370
865.183248 1232.539344
823.742399 1241.650459
456.094088 1354.123433
501.286692 1344.021810
511.586991 1383.866953
466.512511 1394.163670
533.733895 1336.769087
578.119330 1326.847884
588.220339 1366.360997
543.949797 1376.474064
609.989583 1319.724124
653.589282 1309.978553
663.496417 1349.165093
620.008494 1359.099380
684.897838 1302.980345
727.732481 1293.405781
737.450964 1332.271077
694.725090 1342.031283
758.494059 1286.529836
800.583609 1277.121819
810.118480 1315.671068
768.134799 1325.261728
830.812419 1270.364960
872.176149 1261.119181
881.532273 1299.357456
840.271612 1308.782951
