4368 2912
532.342918 1897.343712
905.922404 1741.238728
801.993288 2297.091018
1142.941312 2057.738755
586.580650 1923.496843
624.559486 1906.775991
655.001529 1951.034863
617.352665 1968.729898
652.861256 1894.315638
688.396015 1878.670834
718.261374 1921.302621
683.051038 1937.851543
714.905355 1866.999630
748.224597 1852.330246
777.524392 1893.448895
744.523113 1908.959556
773.106549 1841.375528
804.411199 1827.593105
833.157770 1867.301107
802.163990 1881.868240
827.811148 1817.290865
857.278549 1804.317322
885.485052 1842.707190
856.321011 1856.414342
879.325065 1794.610955
907.112339 1782.377118
934.792439 1819.532628
907.300759 1832.453767
642.958655 2006.369199
680.326909 1987.854758
711.528203 2033.217485
674.513283 2052.752648
708.162102 1974.063559
743.097057 1956.754718
773.682628 2000.414582
739.093789 2018.669346
769.148803 1943.847143
801.880625 1927.629864
831.864354 1969.708330
799.470658 1986.804574
826.314995 1915.523634
857.045710 1900.297822
886.442467 1940.903936
856.041383 1956.948550
880.008778 1888.920561
908.916445 1874.597995
937.741709 1913.830015
909.154876 1928.917131
930.537210 1863.885790
957.779372 1850.388413
986.048936 1888.335172
959.118664 1902.548015
700.774664 2091.355335
737.489180 2070.961457
769.478487 2117.469856
733.142143 2138.933628
764.825761 2055.776758
799.120861 2036.726798
830.453012 2081.452382
796.527041 2101.492354
824.685266 2022.526492
856.792460 2004.691852
887.484352 2047.764137
855.736627 2066.517425
880.751598 1991.383227
910.873773 1974.651208
940.943029 2016.186252
911.170304 2033.772914
933.374232 1962.152838
961.689945 1946.424259
991.154557 1986.526450
963.178105 2003.052058
982.860993 1934.664339
1009.528008 1919.851565
1038.406069 1958.615120
1012.068097 1974.172883
760.084403 2178.537168
796.099293 2156.173136
828.906848 2203.871163
793.296553 2227.357076
822.903239 2139.528789
856.515992 2118.656403
888.622398 2164.487209
855.403195 2186.396135
881.561536 2103.103965
913.004711 2083.578814
944.430154 2127.680547
913.369050 2148.166151
936.459379 2069.014256
965.936453 2050.709986
996.701551 2093.206205
967.594871 2112.402815
987.947147 2037.042088
1015.636928 2019.847667
1045.762398 2060.849304
1018.431315 2078.874862
1036.333004 2006.996102
1062.393256 1990.813564
1091.899674 2030.420574
1066.186529 2047.379060
