4368 2912
140.333365 619.197699
951.095411 347.537299
523.472313 1218.138757
1241.443973 855.047872
239.214951 657.314723
320.981124 628.765005
366.901605 701.984025
286.403891 731.722719
381.724089 607.555813
458.470610 580.758773
502.292547 651.965838
426.712115 679.887914
515.541016 560.831903
587.716334 535.630956
629.604872 604.932176
558.504533 631.199148
641.437457 516.873532
709.438148 493.130211
749.540695 560.623654
682.533590 585.378441
760.096405 475.442225
824.274465 453.033626
862.723061 518.810098
799.465625 542.179624
872.124523 436.326159
932.793459 415.142815
969.706769 479.286543
909.892838 501.383919
323.274053 789.859959
402.786730 759.201930
447.870478 831.086803
369.587606 862.887635
461.872968 736.419808
536.547453 707.627261
579.595185 777.576307
506.052267 807.451630
592.092381 686.210576
662.357206 659.118280
703.527545 727.231295
634.306750 755.350842
714.669911 638.947855
780.904455 613.409531
820.339141 679.778949
755.070347 706.293075
830.259077 594.379667
892.800413 570.265348
930.626541 634.976925
868.980710 660.019297
939.440944 552.281968
998.589578 529.475787
1034.921483 592.609217
976.605115 616.299061
405.776959 919.951370
483.104694 887.266852
527.374374 957.853713
451.239259 991.636781
540.583879 862.971826
613.247571 832.258684
655.541436 900.982758
583.976063 932.738117
667.311476 809.407211
735.720721 780.492319
776.191174 847.447431
708.796124 877.352312
786.664941 758.959460
851.182741 731.689385
889.966111 796.962626
826.387196 825.174192
899.269714 711.364214
960.218917 685.602496
997.437573 749.274830
937.359605 775.932938
1005.682451 666.386187
1063.351158 642.011054
1099.115287 704.157867
1042.256860 729.387383
486.766487 1047.656471
561.975234 1013.023890
605.452696 1082.347579
531.400790 1118.036287
617.895176 987.273533
688.607060 954.711694
730.166689 1022.242695
660.521094 1055.807818
741.232783 930.478281
807.839393 899.806863
847.627656 965.633348
782.006469 997.258939
857.453645 876.960190
920.302384 848.019220
958.450442 912.223216
896.514652 942.072662
967.156455 826.443571
1026.556607 799.090627
1063.182308 861.748555
1004.629942 889.967386
1070.874589 778.682813
1127.102407 752.790684
1162.311967 813.973830
1106.873162 840.692106
