4368 2912
1048.079966 2071.855462
1784.028445 1988.259463
1086.113769 2612.263291
1858.221363 2484.359752
1097.378557 2112.166309
1172.966135 2103.263741
1178.796471 2172.440356
1102.700199 2181.912321
1219.324535 2097.803733
1293.175393 2089.105714
1299.798293 2157.378841
1225.462910 2166.631623
1338.474742 2083.770439
1410.648056 2075.269997
1418.025991 2142.662631
1345.391076 2151.703749
1454.924236 2070.055230
1525.476522 2061.745710
1533.573886 2128.279986
1462.581750 2137.116622
1568.763809 2056.647412
1637.749074 2048.522452
1646.532067 2114.219691
1577.127602 2122.858704
1680.080231 2043.536766
1747.550109 2035.590287
1756.986635 2100.471030
1689.117171 2108.918976
1106.149084 2227.113779
1182.574707 2217.268922
1188.545513 2288.112199
1111.599888 2298.552606
1229.440555 2211.231842
1304.089545 2201.615844
1310.870132 2271.514522
1235.726150 2281.710471
1349.872225 2195.718294
1422.805820 2186.323265
1430.357377 2255.301836
1356.952496 2265.261814
1467.542455 2180.560463
1538.819111 2171.378875
1547.104839 2239.460897
1475.379375 2249.193003
1582.545147 2165.746255
1652.220695 2156.770915
1661.205681 2223.979068
1591.102652 2233.491032
1694.969992 2151.264114
1763.097781 2142.488152
1772.748892 2208.844270
1704.213864 2218.143480
1115.132992 2344.857843
1192.415330 2334.027352
1198.531743 2406.598260
1120.717718 2418.051870
1239.799769 2327.386808
1315.264168 2316.811087
1322.208143 2388.394071
1246.237946 2399.576283
1361.540493 2310.325836
1435.250354 2299.995999
1442.981736 2370.617153
1368.790598 2381.537502
1480.456986 2293.660656
1552.472794 2283.568227
1560.953535 2353.252636
1488.479689 2363.920214
1596.646399 2277.377655
1667.025892 2267.514542
1676.219920 2336.286335
1605.404421 2346.709817
1710.201477 2261.463835
1778.999798 2251.822310
1788.872897 2319.704707
1719.659471 2329.892377
1124.338164 2465.501815
1202.496509 2453.639988
1208.763922 2528.002502
1130.061809 2540.516532
1250.411052 2446.368160
1326.708701 2434.788725
1333.822040 2508.117636
1257.007434 2520.331543
1373.489312 2427.688991
1447.991927 2416.381982
1455.909635 2488.705099
1380.915437 2500.629552
1493.678387 2409.448303
1566.448580 2398.404218
1575.131301 2469.748258
1501.893559 2481.393426
1611.078833 2391.630836
1682.176333 2380.840610
1691.586784 2451.231254
1620.044504 2462.606834
1725.786587 2374.222029
1795.268412 2363.677009
1805.371249 2433.138956
1735.466231 2444.254204
