4368 2912
3648.252568 1261.904483
4158.053458 1296.457739
3578.051540 1549.866113
4098.366421 1593.882474
3670.008663 1286.175428
3721.488839 1289.729477
3711.779671 1330.802494
3660.154913 1327.117514
3748.808515 1291.615552
3800.746803 1295.201229
3791.262192 1336.475966
3739.176481 1332.758082
3828.310133 1297.104126
3880.712673 1300.721853
3871.457034 1342.200284
3818.904172 1338.449054
3908.522930 1302.641796
3961.395976 1306.292005
3952.373817 1347.976133
3899.347490 1344.191108
3989.456493 1308.229227
4042.806410 1311.912358
4034.022334 1353.804214
3980.516113 1349.984934
4071.120581 1313.867090
4124.953849 1317.583591
4116.412555 1359.685238
4062.419897 1355.831235
3654.735914 1349.633315
3706.440105 1353.390641
3696.629231 1394.893907
3644.779245 1391.003026
3733.879293 1355.384638
3786.045999 1359.175575
3776.461589 1400.884614
3724.146206 1396.958811
3813.731193 1361.187450
3866.366649 1365.012450
3857.013181 1406.929295
3804.226108 1402.968094
3894.301171 1367.042443
3947.411724 1370.901969
3938.293773 1413.028679
3885.028599 1409.031602
3975.598958 1372.950327
4029.191068 1376.844847
4020.313303 1419.183515
3966.563505 1415.150071
4057.634459 1378.911819
4111.714707 1382.841813
4103.081897 1425.394561
4048.840829 1421.324251
3639.303500 1413.754613
3691.233584 1417.719290
3681.319399 1459.659599
3629.242291 1455.558686
3718.793296 1419.823375
3771.190366 1423.823704
3761.504573 1465.973935
3708.957557 1461.836019
3798.998468 1425.946753
3851.868850 1429.983216
3842.415995 1472.345461
3789.392682 1468.170038
3879.928717 1432.125487
3933.278854 1436.198579
3924.063576 1478.774957
3870.557461 1474.561515
3961.593919 1438.360333
4015.430371 1442.470553
4006.457409 1485.263218
3952.461868 1481.011235
4044.004132 1444.652057
4098.333578 1448.799915
4089.607772 1491.811055
4035.116059 1487.519999
3623.708901 1478.549781
3675.866785 1482.725975
3665.847646 1525.110267
3613.541497 1520.795091
3703.548042 1484.942366
3756.177444 1489.156313
3746.388651 1531.754774
3693.608018 1527.400454
3784.109512 1491.392786
3837.216855 1495.645001
3827.663019 1538.459783
3774.401417 1534.065783
3865.403159 1497.901831
3918.994985 1502.192838
3909.680813 1545.226123
3855.931637 1540.791900
3947.439011 1504.470303
4001.521977 1508.800635
3992.452279 1552.054641
3938.208803 1547.579638
4030.227275 1511.099020
4084.808166 1515.469219
4075.987854 1558.946196
4021.243229 1554.429849
