4368 2912
3543.339512 1977.075782
4209.934912 2045.623772
3506.482448 2395.964950
4208.315838 2499.090357
3583.045847 2021.035446
3638.898892 2026.987804
3635.159593 2077.059145
3578.976124 2070.777474
3682.181826 2031.600542
3739.199100 2037.676974
3736.063536 2088.340853
3678.701426 2081.927401
3783.388970 2042.386366
3841.607259 2048.590792
3839.101854 2099.861197
3780.523621 2093.311775
3886.732871 2053.399907
3946.190528 2059.736415
3944.342992 2111.627831
3884.509548 2104.938069
3992.281921 2064.648456
4053.018945 2071.121308
4051.858352 2123.648738
3990.728916 2116.814075
4100.107461 2076.139615
4162.165594 2082.753259
4161.722459 2135.932248
4099.254462 2128.947926
3575.729949 2110.453713
3632.176782 2117.000696
3628.351443 2168.224168
3571.567136 2161.333530
3675.924995 2122.074831
3733.562024 2128.759860
3730.353544 2180.601876
3672.364146 2173.565002
3778.237564 2133.941550
3837.102831 2140.769036
3834.538541 2193.244473
3775.305276 2186.056659
3882.735499 2146.061739
3942.868692 2153.036284
3940.977262 2206.160553
3880.459677 2198.816891
3989.489577 2158.443607
4050.932103 2165.570015
4049.743635 2219.359089
3987.899501 2211.854453
4098.573660 2171.095720
4161.368755 2178.379006
4160.914859 2232.849447
4097.700076 2225.178487
3568.246282 2201.922532
3625.299600 2209.090078
3621.385217 2261.505908
3563.987148 2253.979629
3669.523163 2214.645835
3727.793521 2221.966277
3724.509555 2275.028008
3665.879043 2267.340127
3772.965498 2227.641183
3832.492257 2235.119464
3829.866980 2288.842921
3769.963898 2280.988174
3878.643488 2240.917393
3939.467725 2248.558675
3937.530818 2302.960259
3876.313283 2294.933157
3986.630401 2254.483671
4048.795004 2262.293342
4047.577644 2317.390066
3985.001910 2309.184870
4097.002745 2268.349627
4160.552513 2276.333315
4160.087459 2332.142830
4096.107820 2323.753548
3560.589007 2295.513258
3618.261920 2303.328640
3614.255347 2356.978951
3556.230170 2348.788974
3662.971233 2309.387298
3721.888945 2317.371366
3718.526796 2371.696369
3659.240884 2363.328445
3767.568485 2323.561500
3827.771738 2331.719775
3825.083273 2386.736307
3764.495086 2378.184574
3874.453435 2338.045714
3935.984767 2346.383959
3934.000723 2402.109486
3872.066875 2393.367819
3983.701964 2352.850221
4046.605810 2361.374459
4045.358491 2417.827104
3982.033649 2408.889104
4095.393349 2367.985765
4159.716149 2376.702288
4159.239520 2433.900869
4094.476292 2424.759848
