4368 2912
406.154459 2027.483331
1154.261239 1810.107192
603.021417 2580.259070
1348.231948 2273.999344
463.069023 2056.493103
552.561643 2029.701979
581.110388 2107.280967
491.599585 2135.562015
594.982062 2017.002712
680.120116 1991.515202
708.665058 2066.979914
623.533420 2093.877359
720.501335 1979.426403
801.595094 1955.149620
830.103952 2028.611148
749.037796 2054.224099
840.080697 1943.628307
917.411642 1920.477985
945.856618 1992.038952
868.571520 2016.457273
954.132041 1909.485115
1027.956123 1887.384632
1056.313293 1957.140031
982.550756 1980.445395
1063.030038 1876.884665
1133.580512 1855.764192
1161.829309 1923.802118
1091.353873 1946.068917
506.111913 2175.781130
595.629861 2146.736501
624.664823 2225.636744
535.136842 2256.220118
638.053223 2132.971989
723.179598 2105.352232
752.198637 2182.070318
667.086831 2211.145095
763.547075 2092.254764
844.597294 2065.957541
873.568191 2140.609644
792.553677 2168.284758
883.054790 2053.479778
960.314772 2028.412318
989.209857 2101.105657
912.003731 2127.479800
996.994704 2016.511297
1070.724239 1992.589312
1099.519772 2063.423033
1025.859665 2088.585832
1105.747061 1981.225950
1176.182728 1958.372681
1204.858359 2027.438648
1134.505463 2051.471681
549.901725 2297.139160
639.432634 2265.767117
668.966341 2346.022659
579.433982 2378.984145
681.852921 2250.902853
766.955249 2221.082604
796.460292 2299.085550
711.381100 2330.407595
807.302985 2206.944571
888.297377 2178.563762
917.741636 2254.435623
836.791442 2284.237570
926.720825 2165.100009
1003.897704 2138.056874
1033.253668 2211.909677
956.139024 2240.299561
1040.531311 2125.220289
1114.154353 2099.422436
1143.398492 2171.359677
1069.853112 2198.435531
1149.120332 2087.170194
1219.429477 2062.533545
1248.541692 2132.651035
1178.323379 2158.502023
594.458074 2420.621549
683.988917 2386.845335
714.034329 2468.491399
624.511077 2503.909717
726.399797 2370.845498
811.465082 2338.753950
841.468443 2418.074305
756.435293 2451.716194
851.786785 2323.542271
932.712471 2293.012421
962.641787 2370.134179
881.769204 2402.130010
971.095648 2278.532065
1048.176723 2249.452625
1078.004680 2324.492855
1000.994609 2354.960551
1084.757885 2235.652094
1158.261958 2207.922105
1187.965269 2280.988858
1114.547455 2310.035341
1193.165090 2194.754624
1263.335500 2168.282286
1292.894345 2239.475494
1222.823174 2267.197934
