4368 2912
1025.607229 2283.761530
1399.850956 2240.333762
1107.771546 2588.671222
1499.443540 2501.645282
1054.492369 2305.445661
1096.910976 2300.175936
1108.300442 2339.433200
1065.570735 2345.321164
1119.475796 2297.372675
1160.119486 2292.323450
1171.947945 2330.662857
1131.025354 2336.301808
1181.749933 2289.636268
1220.727822 2284.793988
1232.949604 2322.257098
1193.721866 2327.662507
1241.480754 2282.215821
1278.893195 2277.568019
1291.467043 2314.193655
1253.831004 2319.379734
1298.820947 2275.092365
1334.760389 2270.627555
1347.648983 2306.452033
1311.509695 2311.431866
1353.911218 2268.248420
1388.462973 2263.956005
1401.632507 2299.013342
1366.902427 2303.798993
1072.202155 2369.190317
1115.116394 2362.926456
1126.912312 2403.584680
1083.681625 2410.509555
1137.936201 2359.595624
1179.023996 2353.598354
1191.265429 2393.276325
1149.894736 2399.903258
1200.882842 2350.407786
1240.258362 2344.660444
1252.897802 2383.403790
1213.269593 2389.751605
1261.215693 2341.601464
1298.983787 2336.088746
1311.978402 2373.940010
1273.984864 2380.025976
1319.094246 2333.153376
1355.351372 2327.861202
1368.662492 2364.860112
1332.204524 2370.700104
1374.665273 2325.042101
1409.500325 2319.957496
1423.092989 2356.141204
1388.079343 2361.749838
1090.555331 2435.250790
1133.973687 2427.923860
1146.198209 2470.059399
1102.458089 2478.093614
1157.052480 2424.029270
1198.590701 2417.019617
1211.267119 2458.107498
1169.442105 2465.789945
1220.680854 2413.291862
1260.458472 2406.579313
1273.537350 2446.669659
1233.504364 2454.022946
1281.622178 2403.007898
1319.748802 2396.573958
1333.185664 2435.713417
1294.831951 2442.758253
1340.043144 2393.149249
1376.619471 2386.976925
1390.374240 2425.208980
1353.596312 2431.964375
1396.096937 2383.690065
1431.215637 2377.763718
1445.252155 2415.128967
1409.954856 2421.612399
1109.587605 2503.755614
1153.518505 2495.291030
1166.195424 2538.985890
1121.937504 2548.207877
1176.860218 2490.793560
1218.855013 2482.702024
1231.990020 2525.276323
1189.704671 2534.087287
1241.179265 2478.400598
1281.363183 2470.657980
1294.904823 2512.166816
1254.463046 2520.593636
1302.735080 2466.540054
1341.222778 2459.124263
1355.124854 2499.618816
1316.408659 2507.686078
1361.701986 2455.178339
1398.598642 2448.069110
1412.819617 2487.597005
1375.720872 2495.327240
1418.239947 2444.284633
1453.642219 2437.463341
1468.144691 2476.068963
1432.564114 2483.482860
