4368 2912
2685.520261 1554.763678
4007.255195 1640.232970
2424.696163 2371.846772
3815.682640 2566.722400
2736.254277 1626.179757
2855.775774 1634.588569
2822.867899 1743.853139
2702.619791 1734.230778
2928.257448 1639.687942
3051.840569 1648.382504
3020.173271 1759.641690
2895.801150 1749.689323
3126.806401 1653.656647
3254.661757 1662.651779
3224.341402 1775.979406
3095.629415 1765.679759
3332.241679 1668.109834
3464.594699 1677.421394
3435.736685 1792.895445
3302.453646 1782.230018
3544.927867 1683.073151
3682.020122 1692.718134
3654.749773 1810.421068
3516.647784 1799.370023
3765.255744 1698.574090
3907.346421 1708.570732
3881.799993 1828.589829
3738.612896 1817.131870
2681.598744 1801.761033
2802.297854 1812.152205
2768.411287 1924.666340
2646.974560 1912.991465
2875.511509 1818.455281
3000.373758 1829.204864
2967.748276 1943.830512
2842.083743 1931.749178
3076.134606 1835.727232
3205.379161 1846.854094
3174.125131 1963.671494
3044.008099 1951.162099
3283.822483 1853.607400
3417.684173 1865.131759
3387.921494 1984.225784
3253.111059 1971.265168
3498.955000 1872.128489
3637.685734 1884.072031
3609.544796 2005.532553
3469.782358 1992.095853
3721.939744 1891.325588
3865.810095 1903.711608
3839.432861 2027.633893
3694.440466 2013.694387
2625.330392 1982.523504
2747.224907 1995.011831
2712.315331 2110.922683
2589.672175 2097.075773
2821.182231 2002.588901
2947.345113 2015.514530
2913.717290 2133.661779
2786.738717 2119.325384
3023.915013 2023.359264
3154.574453 2036.745574
3122.342947 2157.216460
2990.794938 2142.364157
3233.897850 2044.872409
3369.298596 2058.744475
3338.588034 2181.631406
3202.219423 2166.234837
3451.526733 2067.168905
3591.931624 2081.553656
3562.877733 2206.954621
3421.418600 2190.983312
3677.227024 2090.292333
3822.918696 2105.218724
3795.669458 2233.237749
3648.829349 2216.658906
2567.376763 2168.699941
2690.484495 2183.407970
2654.504874 2302.871708
2530.637490 2286.725108
2765.197232 2192.334113
2892.682447 2207.565132
2858.005373 2329.398799
2729.690961 2312.672511
2970.075605 2216.811511
3102.176008 2232.593921
3068.920442 2356.892408
2935.915146 2339.554644
3182.396462 2242.178085
3319.367283 2258.542377
3287.662826 2385.406337
3149.704629 2367.422944
3402.572841 2268.483181
3544.688489 2285.462139
3514.676486 2414.998461
3371.483487 2396.332691
3631.048924 2295.779865
3778.604810 2313.408784
3750.439603 2445.731110
3601.708093 2426.343373
