4368 2912
433.323218 1836.825226
1038.185907 1700.205476
635.900487 2351.728212
1231.522966 2118.809909
498.518842 1875.722403
559.695978 1861.046441
583.043427 1918.603109
521.914173 1934.394585
605.405956 1850.080940
662.944646 1836.277816
686.182166 1891.959353
628.709248 1906.806290
705.975970 1825.954906
760.191413 1812.949004
783.291966 1866.873049
729.156881 1880.857726
800.772826 1803.213810
851.944840 1790.938006
874.886446 1843.211513
823.806636 1856.406924
890.279762 1781.741730
938.657608 1770.136227
961.422493 1820.856719
913.146417 1833.327843
974.927547 1761.435325
1020.733990 1750.446684
1043.307885 1799.703325
997.610876 1811.508201
541.351937 1983.141749
602.437679 1966.414265
626.295610 2025.229385
565.268048 2043.119975
648.064039 1953.920119
705.478840 1938.197871
729.208943 1995.059732
671.869966 2011.868993
748.403944 1926.443426
802.469042 1911.638449
826.044782 1966.671733
772.069802 1982.494818
842.925868 1900.559907
893.926084 1886.594205
917.326043 1939.912092
866.427468 1954.833310
932.121567 1876.134901
980.310323 1862.939078
1003.517323 1914.644608
955.439433 1928.738926
1016.428898 1853.048507
1062.032427 1840.560612
1085.032811 1890.747860
1039.547465 1904.082159
585.140917 2092.958322
646.116238 2074.091653
670.501578 2134.206953
609.595393 2154.286691
691.644488 2060.004538
748.916841 2042.283622
773.155357 2100.363738
715.969488 2119.216952
791.721631 2029.039185
845.618376 2012.362733
869.684119 2068.539839
815.887813 2086.275571
885.936969 1999.887562
936.747984 1984.165880
960.620172 2038.559761
909.920755 2055.274501
974.790862 1972.394850
1022.773761 1957.548229
1046.435880 2010.267774
998.573427 2026.047215
1058.728298 1946.423362
1104.112795 1932.380726
1127.551869 1983.525204
1082.294751 1998.445711
629.918142 2205.253272
690.762799 2184.155381
715.693231 2245.614455
654.929368 2267.977892
736.177543 2168.407813
793.287766 2148.604837
818.051212 2207.942784
761.038782 2228.925549
835.957312 2133.809167
889.666657 2115.185446
914.237839 2172.542408
860.639854 2192.268526
929.832598 2101.257902
980.436049 2083.711150
1004.794905 2139.213927
954.313563 2157.793001
1018.312438 2070.577507
1066.071822 2054.016936
1090.202583 2107.780618
1042.573734 2125.309866
1101.848990 2041.611199
1146.997512 2025.955944
1170.887948 2078.085303
1125.876472 2094.651256
