4368 2912
3474.205666 486.146985
4179.832765 721.287276
3221.123292 956.336624
3832.025238 1262.789704
3491.320321 546.965876
3544.502101 565.387667
3510.627782 626.634965
3458.340484 607.451572
3586.388024 579.896653
3642.485344 599.328366
3606.932320 661.967596
3551.800960 641.740761
3686.699390 614.643798
3745.958747 635.170819
3708.589787 699.264134
3650.375843 677.906346
3792.700559 651.361851
3855.397049 673.079469
3816.059242 738.692998
3754.496755 716.106683
3904.889764 690.223395
3971.331339 713.238285
3929.853780 780.442437
3864.645289 756.518460
4023.825154 731.421769
4094.357688 755.853738
4050.548720 824.723526
3981.360462 799.339434
3432.674734 654.523079
3484.271180 674.289669
3451.300370 733.903355
3400.561841 713.418780
3524.894016 689.852271
3579.279724 710.687428
3544.700196 771.611500
3491.239960 750.028094
3622.128627 727.102836
3679.536048 749.095610
3643.218253 811.386020
3586.811287 788.612936
3724.799138 766.435893
3785.487289 789.685514
3747.287103 853.401550
3687.682877 829.337642
3833.374500 808.031098
3897.632871 832.648470
3857.389466 897.852980
3794.308226 872.385303
3948.379200 852.089380
4016.532372 878.198849
3974.065709 944.958471
3907.194080 917.960508
3375.566363 759.260998
3425.642101 780.295421
3393.539127 838.339993
3344.286674 816.628586
3465.053982 796.850467
3517.799619 819.006386
3484.154144 878.284795
3432.295685 855.424612
3559.341166 836.456003
3614.976065 859.825563
3579.665699 920.388083
3524.988793 896.285476
3658.824679 878.244269
3717.592916 902.929994
3680.481703 964.829673
3622.750176 939.380530
3763.946265 922.400820
3826.120198 948.517115
3787.056672 1011.809922
3726.007199 984.898167
3875.199194 969.132854
3941.083689 996.807779
3899.898570 1061.552751
3835.236670 1033.048571
3319.935547 861.289048
3368.551801 883.518944
3337.282846 940.055548
3289.457051 917.187233
3406.802079 901.008973
3457.975319 924.408057
3425.226555 982.106591
3374.904247 958.044545
3498.264137 942.830213
3552.201529 967.493212
3517.857246 1026.398754
3464.837717 1001.047010
3594.696304 986.924048
3651.628016 1012.956207
3615.559869 1073.116105
3559.620304 1046.368120
3696.515014 1033.480893
3756.697499 1060.999474
3718.762714 1122.463435
3659.655064 1094.200603
3804.184563 1082.713045
3867.904412 1111.849096
3827.943689 1174.669259
3765.390992 1144.759148
