4368 2912
1027.224710 1399.050696
2584.553605 1349.590774
776.840757 2466.751028
2428.902998 2450.836751
1106.944928 1495.920298
1241.201833 1491.908938
1213.574693 1617.683155
1078.382667 1621.370435
1344.690046 1488.816893
1480.285445 1484.765541
1454.337727 1611.116489
1317.787623 1614.840810
1584.807976 1481.642593
1721.761987 1477.550648
1697.528917 1604.483595
1559.600169 1608.245518
1827.334421 1474.396330
1965.667564 1470.263180
1943.185180 1597.783469
1803.856803 1601.583566
2072.305799 1467.077018
2212.039013 1462.902035
2191.344189 1591.015082
2050.594769 1594.853938
2319.759271 1459.683544
2460.913917 1455.466092
2442.044384 1584.177385
2299.852071 1588.055595
1055.549793 1721.656162
1191.488522 1718.231779
1163.101053 1847.467442
1026.203718 1850.548938
1296.280187 1715.592011
1433.592744 1712.133021
1406.927272 1841.979027
1268.635745 1845.091905
1539.446137 1709.466507
1678.153453 1705.972382
1653.246622 1836.434491
1513.539495 1839.579235
1785.084794 1703.278714
1925.208227 1699.748916
1902.097536 1830.832972
1760.952963 1834.010072
2033.234066 1697.027677
2174.795414 1693.461658
2153.519242 1825.173586
2010.914924 1828.383544
2283.932641 1690.712422
2426.954153 1687.109619
2407.551787 1819.455431
2263.464959 1822.698759
1002.739933 1953.605729
1140.402838 1950.802432
1111.223214 2083.644428
972.577331 2086.084824
1246.530978 1948.641293
1385.604458 1945.809272
1358.191035 2079.297386
1218.113389 2081.762984
1492.822840 1943.625931
1633.328687 1940.764742
1607.719600 2074.905271
1466.187896 2077.396463
1741.654199 1938.558856
1883.614654 1935.668047
1859.848944 2070.467379
1716.840424 2072.984565
1993.064533 1933.439265
2136.502304 1930.518372
2114.619939 2065.982988
1970.111367 2068.526578
2247.094146 1928.266336
2392.032414 1925.314888
2372.074322 2061.451367
2226.041973 2064.021777
948.456119 2192.029140
1087.887158 2189.883230
1057.881752 2326.484646
917.442431 2328.246344
1195.386056 2188.228770
1336.265907 2186.060562
1308.072617 2323.346202
1166.162423 2325.126351
1444.884723 2184.388865
1587.236090 2182.198010
1560.894623 2320.174752
1417.490327 2321.973645
1696.992416 2180.508807
1840.838473 2178.294947
1816.389495 2316.969775
1671.467377 2318.787706
1951.750274 2176.587961
2097.114685 2174.350732
2074.599846 2313.730733
1928.135681 2315.568009
2209.200304 2172.625681
2356.107239 2170.364713
2335.569200 2310.457082
2187.538241 2312.314011
