2912 4368
2033.312380 3552.872430
2443.453119 3566.985852
2018.216724 3848.916133
2455.337554 3874.624282
2059.055186 3581.568535
2094.390455 3582.858020
2093.111547 3617.759276
2057.510967 3616.357627
2121.633185 3583.852186
2157.335232 3585.155056
2156.532856 3620.256268
2120.559904 3618.839959
2184.861474 3586.159568
2220.936040 3587.476033
2220.620265 3622.779486
2184.269069 3621.348285
2248.750246 3588.491053
2285.203192 3589.821326
2285.384323 3625.329345
2248.648884 3623.883015
2313.309902 3590.847021
2350.147212 3592.191320
2350.835804 3627.906268
2313.709998 3626.444569
2378.551066 3593.227859
2415.778851 3594.586408
2416.985710 3630.510689
2379.463281 3629.033375
2056.276354 3644.171730
2092.089010 3645.664170
2090.774570 3681.535068
2054.689361 3679.924469
2119.701749 3646.814889
2155.891280 3648.323034
2155.066494 3684.404627
2118.598583 3682.776945
2183.795368 3649.485896
2220.367755 3651.009996
2220.043112 3687.304744
2183.186378 3685.659708
2248.567827 3652.185192
2285.529176 3653.725501
2285.715422 3690.235912
2248.463613 3688.573243
2314.029969 3654.913229
2351.386520 3656.470008
2352.094655 3693.198634
2314.441386 3691.518045
2380.192867 3657.670470
2417.950991 3659.243984
2419.192289 3696.193419
2381.131034 3694.494622
2053.420313 3708.514380
2089.723427 3710.220647
2088.371954 3747.102168
2051.788743 3745.271365
2117.716364 3711.536332
2154.406873 3713.260807
2153.558724 3750.364433
2116.582045 3748.513939
2182.699324 3714.590568
2219.783461 3716.333544
2219.449573 3753.661934
2182.073043 3751.791430
2248.380259 3717.677610
2285.864393 3719.439387
2286.055971 3756.995245
2248.273070 3755.104403
2314.770475 3720.797989
2352.661113 3722.578871
2353.389636 3760.364951
2315.193701 3758.453440
2381.881524 3723.952248
2420.185314 3725.752548
2421.462547 3763.771653
2382.846767 3761.839130
2050.483796 3774.670003
2087.290986 3776.601659
2085.900894 3814.537120
2048.805746 3812.474149
2115.674736 3778.091248
2152.880286 3780.043809
2152.007768 3818.213518
2114.507924 3816.128040
2181.572062 3781.549563
2219.182474 3783.523372
2218.838940 3821.930195
2180.927744 3819.821843
2248.187319 3785.045557
2286.209238 3787.040961
2286.406381 3825.687820
2248.077026 3823.556212
2315.532304 3788.579846
2353.972521 3790.597203
2354.722326 3829.487071
2315.967853 3827.331821
2383.619074 3792.153065
2422.484529 3794.192739
2423.799281 3833.328645
2384.612580 3831.149357
