4368 2912
999.394646 1587.233079
1867.556651 1616.750389
900.655148 2136.792535
1825.349120 2154.025418
1042.819178 1634.139171
1130.225928 1637.004737
1118.551452 1709.016223
1030.394391 1706.303008
1182.157449 1638.707272
1268.892366 1641.550811
1258.400997 1713.320378
1170.927092 1710.628190
1320.425491 1643.240285
1406.496292 1646.062052
1397.170207 1717.591284
1310.371548 1714.919877
1457.635591 1647.738615
1543.049873 1650.538857
1534.871552 1721.829325
1448.740349 1719.178461
1593.799841 1652.202658
1678.565089 1654.981622
1671.517311 1726.034877
1586.045896 1723.404319
1728.930157 1656.632803
1813.053739 1659.390731
1807.119575 1730.208314
1722.300395 1727.597830
1022.637713 1751.354214
1111.263423 1753.970859
1099.273127 1827.930412
1009.875974 1825.475089
1163.916449 1755.525422
1251.851884 1758.121685
1241.077820 1831.825128
1152.382735 1829.389087
1304.095612 1759.664165
1391.348806 1762.240286
1381.772409 1835.689355
1293.771156 1833.272369
1443.187988 1763.770821
1529.766851 1766.327033
1521.369882 1839.523448
1434.054349 1837.125296
1581.206170 1767.845762
1667.118487 1770.382294
1659.883020 1843.327760
1573.245225 1840.948222
1718.162551 1771.889353
1803.415991 1774.406432
1797.324408 1847.102636
1711.356489 1844.741496
1001.907506 1871.756381
1091.786600 1874.109437
1079.467493 1950.097192
988.794919 1947.914998
1145.181433 1875.507327
1234.351041 1877.841809
1223.282699 1953.558357
1133.331902 1951.393534
1287.325218 1879.228686
1375.793709 1881.544812
1365.956788 1956.992060
1276.719184 1954.844401
1428.352180 1882.920806
1516.127790 1885.218793
1507.503288 1960.398624
1418.970430 1958.267926
1568.275430 1886.584030
1655.366268 1888.864090
1647.935514 1963.778372
1560.099085 1961.664435
1707.107876 1890.218698
1793.521923 1892.481039
1787.266572 1967.131620
1700.118388 1965.034245
980.605867 1995.477453
1071.774248 1997.551317
1059.112616 2075.651860
967.127763 2073.759015
1125.932056 1998.783277
1216.370926 2000.840547
1204.996082 2078.653820
1113.753556 2076.776251
1270.096242 2002.062670
1359.814324 2004.103542
1349.706100 2081.631633
1259.196952 2079.769154
1413.112306 2005.315945
1502.118182 2007.340617
1493.256771 2084.585589
1403.472194 2082.738021
1554.993908 2008.543414
1643.296027 2010.552076
1635.661972 2087.515975
1546.593301 2085.683138
1695.754496 2011.745382
1783.361169 2013.738225
1776.935359 2090.423069
1688.574065 2088.604788
