3255.918974 822.977361
4183.557576 796.755256
3236.986675 1396.537248
4206.194135 1376.974462
3313.818285 873.473226
3397.787507 871.156312
3396.286125 941.914074
3311.859387 944.159400
3457.591420 869.506177
3541.902155 867.179840
3541.188549 938.060399
3456.416553 940.314907
3601.949544 865.522987
3686.603879 863.187169
3686.684506 934.190939
3601.565130 936.454686
3746.896236 861.523557
3831.896276 859.178200
3832.777650 930.305597
3747.308753 932.578640
3892.435102 857.507787
3977.782969 855.152833
3979.471664 926.404275
3893.651090 928.686670
4038.569778 853.475578
4124.267611 851.110967
4126.770264 922.486874
4040.595837 924.778680
3310.412301 996.376988
3395.177004 994.185135
3393.646814 1066.300589
3308.415862 1068.417846
3455.548634 992.624041
3540.661376 990.423189
3539.934050 1062.666607
3454.351205 1064.792606
3601.281142 988.855678
3686.744070 986.645770
3686.826251 1059.017598
3600.889330 1061.152392
3747.613507 985.071803
3833.428787 982.852785
3834.327178 1055.353467
3748.033979 1057.497111
3894.549439 981.272322
3980.719256 979.044135
3982.440623 1051.674120
3895.788925 1053.826670
4042.092681 977.457136
4128.619235 975.219725
4131.170409 1047.979462
4044.157973 1050.140973
3306.940910 1121.640987
3392.516309 1119.579453
3390.956473 1193.092053
3304.905839 1195.075849
3453.466538 1118.111145
3539.396691 1116.041065
3538.655244 1189.687032
3452.245890 1191.679098
3600.599851 1114.566664
3686.886968 1112.487985
3686.970747 1186.267793
3600.200425 1188.268180
3748.344638 1111.007453
3834.990948 1108.920120
3835.906854 1182.834247
3748.773297 1184.843008
3896.704718 1107.433419
3983.712470 1105.337379
3985.467467 1179.386303
3897.968390 1181.403491
4045.683944 1103.844470
4133.055403 1101.739668
4135.656522 1175.923872
4047.789621 1177.949539
3303.402208 1249.333870
3389.803960 1247.408148
3388.213608 1322.358894
3301.327373 1324.203592
3451.343985 1246.036544
3538.107402 1244.102762
3537.351420 1319.192521
3450.099436 1321.044984
3599.905294 1242.725411
3687.032652 1240.783517
3687.118077 1316.012796
3599.498031 1317.873074
3749.090035 1239.400382
3836.583628 1237.450325
3837.517565 1312.819636
3749.527123 1314.687778
3898.902140 1236.061371
3986.764283 1234.103100
3988.553905 1309.612955
3900.190712 1311.489011
4049.345576 1232.708288
4137.578601 1230.741751
4140.231148 1306.392666
4051.492832 1308.276687
