4368 2912
3787.660476 1963.750232
4144.450580 2020.132870
3702.437196 2190.170441
4060.185273 2262.016906
3801.257696 1987.568475
3833.342988 1992.750161
3822.485878 2021.946822
3790.392244 2016.590512
3854.643284 1996.190101
3887.332927 2001.469389
3876.491610 2030.960181
3843.792142 2025.502760
3909.036327 2004.974429
3942.347560 2010.354102
3931.524598 2040.144986
3898.201978 2034.583562
3964.465616 2013.926107
3998.416337 2019.409056
3987.614434 2049.506174
3953.650678 2043.837748
4020.961049 2023.049965
4055.569852 2028.639192
4044.791855 2059.048877
4010.168281 2053.270329
4078.553683 2032.351018
4113.839888 2038.049643
4103.088805 2068.778424
4067.785995 2062.886515
3782.697510 2037.143439
3814.796893 2042.623842
3803.859183 2072.037253
3771.751847 2066.379719
3836.107278 2046.262214
3868.813542 2051.846232
3857.890980 2081.558030
3825.175279 2075.793297
3890.528739 2055.553718
3923.859258 2061.244316
3912.954414 2091.260588
3879.612891 2085.385581
3945.990912 2065.022905
3979.963732 2070.823164
3969.079316 2101.150184
3935.093840 2095.161708
4002.523939 2074.674921
4037.157805 2080.588043
4026.296677 2111.232279
3991.648412 2105.127015
4060.159134 2084.515114
4095.473531 2090.544423
4084.638708 2121.512548
4049.308073 2115.287046
3764.000205 2087.084649
3796.113010 2092.868061
3785.093798 2122.500645
3752.973442 2116.537553
3817.433044 2096.707730
3850.155264 2102.600895
3839.150540 2132.536193
3806.419280 2126.459687
3871.881822 2106.513778
3905.230971 2112.519851
3894.243311 2142.764078
3860.883552 2136.570892
3927.375792 2116.508061
3961.370061 2122.630318
3950.402184 2153.189883
3916.395648 2146.876624
3983.945340 2126.696053
4018.603631 2132.937898
4007.658406 2163.819409
3972.986099 2157.382551
4041.622043 2137.083439
4076.964003 2143.448411
4066.044459 2174.658687
4030.686636 2168.094563
3745.164258 2137.396179
3777.289797 2143.486963
3766.188168 2173.341179
3734.055490 2167.068123
3798.619030 2147.530840
3831.356525 2153.737647
3820.268707 2183.898975
3787.522580 2177.506159
3853.093998 2157.858923
3886.461102 2164.185099
3875.389679 2194.659889
3842.012368 2188.143851
3908.618649 2168.386020
3942.633702 2174.835042
3931.581401 2205.629837
3897.554478 2198.986980
3965.223619 2179.117937
3999.905679 2185.693419
3988.875377 2216.814972
3954.179693 2210.041557
4022.940745 2190.060711
4058.309626 2196.766410
4047.304362 2228.221688
4011.920005 2221.313827
