4368 2912
3261.573712 1714.181488
4149.613789 1927.882605
3099.200711 2258.928740
3958.636613 2583.549830
3299.124309 1779.664716
3366.515188 1796.628652
3346.205060 1864.995112
3279.086117 1846.997339
3419.611698 1809.994346
3490.750175 1827.901645
3469.941335 1898.174677
3399.088014 1879.175540
3546.840921 1842.021060
3622.048524 1860.952658
3600.716287 1933.241646
3525.808024 1913.155187
3681.394118 1875.891399
3761.030242 1895.937764
3739.148085 1970.361777
3659.826546 1949.091910
3823.922441 1911.769273
3908.390085 1933.031850
3885.929470 2009.720830
3801.792821 1987.159803
3975.156589 1949.838615
4064.909172 1972.431541
4041.839347 2051.527664
3952.435447 2027.554237
3263.268268 1900.148710
3330.172336 1918.963292
3309.826328 1987.450527
3243.195208 1967.598497
3382.886540 1933.787438
3453.514529 1953.649251
3432.667912 2024.049865
3362.326171 2003.092294
3509.204161 1969.310139
3583.875868 1990.309115
3562.503799 2062.733080
3488.132615 2040.574981
3642.800149 2006.879642
3721.873069 2029.116315
3699.948855 2103.683366
3621.191802 2080.218544
3784.322229 2046.678100
3868.197273 2070.265214
3845.692188 2147.106035
3762.149529 2122.215393
3934.497334 2088.909938
4023.625630 2113.974357
4000.508704 2193.231962
3911.730608 2166.781477
3227.349822 2020.842395
3293.765268 2041.514089
3273.383285 2110.122420
3207.241804 2088.409650
3346.095724 2057.801855
3416.211269 2079.625198
3395.326769 2150.153740
3325.498570 2127.230703
3471.498227 2096.833170
3545.631922 2119.907156
3524.219909 2192.466477
3450.387924 2168.229087
3604.133199 2138.115579
3682.640621 2162.550881
3660.674232 2237.261381
3582.483962 2211.593263
3744.644910 2181.849610
3827.924865 2207.770354
3805.375176 2284.763466
3722.429005 2257.534093
3893.756488 2228.260335
3982.257783 2255.806212
3959.093614 2335.225794
3870.944041 2306.288260
3191.368810 2141.746316
3257.293814 2164.281617
3236.875761 2233.011365
3171.225741 2209.431348
3309.239072 2182.038187
3378.840208 2205.830109
3357.917724 2276.486928
3288.605034 2251.591362
3433.722926 2224.590798
3507.316484 2249.747458
3485.864417 2322.442515
3412.573760 2296.118152
3565.393063 2269.599912
3643.332685 2296.242197
3621.323995 2371.096562
3543.702819 2343.216774
3704.890259 2317.284569
3787.572622 2345.548077
3764.978197 2422.693935
3682.631022 2393.116674
3852.933807 2367.890645
3940.805375 2397.927992
3917.593817 2477.510049
3830.075500 2446.075429
