4368 2912
199.597129 1374.003923
2061.089200 1024.932251
490.417363 2785.505974
2423.221030 2194.240634
327.734917 1459.131557
550.444384 1415.410012
593.802429 1607.433620
369.631833 1655.034184
658.145121 1394.266579
869.583453 1352.757744
914.898486 1539.251828
702.181605 1584.420300
971.901933 1332.670937
1172.903622 1293.210987
1219.929392 1474.481323
1017.810298 1517.399452
1270.233453 1274.103534
1461.552601 1236.544427
1510.071384 1412.872341
1317.777358 1453.704208
1554.249926 1218.346412
1736.569693 1182.554031
1786.388611 1354.198921
1603.220270 1393.093032
1824.957545 1165.202037
1998.898302 1131.054595
2049.846168 1298.256133
1875.168971 1335.347229
391.530013 1757.426232
616.458256 1707.771478
661.136000 1905.639756
434.725410 1959.400333
725.188969 1683.768283
938.567854 1636.663145
985.226152 1828.685434
770.553990 1879.658753
1041.786646 1613.876751
1244.483418 1569.129777
1292.867703 1755.636788
1089.044181 1804.034126
1342.599034 1547.469950
1535.396230 1504.908389
1585.281891 1686.203836
1391.504931 1732.215647
1628.777980 1484.293603
1812.383527 1443.761173
1863.571977 1620.124614
1679.116663 1663.923025
1901.365925 1424.117579
2076.421824 1385.472555
2128.737157 1557.161866
1952.946677 1598.902836
457.307552 2064.990465
684.486681 2009.054982
730.545308 2213.038893
501.862746 2273.322734
794.260726 1982.026688
1009.602372 1929.005800
1057.664559 2126.805798
841.015326 2183.917490
1113.730356 1903.367666
1318.136212 1853.039362
1367.938745 2045.013292
1162.397422 2099.196788
1417.042790 1828.686829
1611.325241 1780.851085
1662.636366 1967.326981
1467.370053 2018.801844
1705.393523 1757.689826
1890.286433 1712.165951
1942.901674 1893.445225
1757.158708 1942.409603
1979.862948 1690.110642
2156.030925 1646.735000
2209.769526 1823.095220
2032.869815 1869.728395
525.161400 2382.263156
754.623308 2319.675262
802.127841 2530.062783
571.141627 2597.258625
865.453813 2289.445200
1082.779774 2230.167500
1132.310180 2434.009951
913.662829 2497.616312
1187.825420 2201.515312
1393.953383 2145.291971
1445.237448 2342.976765
1237.966034 2403.273770
1493.655546 2118.097269
1689.429236 2064.698154
1742.227808 2256.579759
1545.467053 2313.819125
1784.185505 2038.852490
1970.365963 1988.070019
2024.468493 2174.473559
1837.438700 2228.882106
2060.535440 1963.475447
2237.810912 1915.121895
2293.031665 2096.346263
2115.028394 2148.128918
