4368 2912
3469.860741 942.982992
3926.668047 1029.787745
3352.092129 1232.264770
3796.057848 1333.575261
3485.141850 971.340381
3529.277302 979.854312
3512.217117 1021.372288
3468.253966 1012.658017
3554.101312 984.642978
3598.965741 993.297534
3581.631721 1035.131486
3536.943832 1026.273559
3624.201463 998.165621
3669.813080 1006.964312
3652.198443 1049.119055
3606.767745 1040.113889
3695.470842 1011.913813
3741.848469 1020.860272
3723.946206 1063.340725
3677.754023 1054.184621
3767.938947 1025.893245
3815.102045 1034.991224
3796.904911 1077.802427
3749.931936 1068.491555
3841.636279 1040.109801
3889.604973 1049.363183
3871.105473 1092.510286
3823.331741 1083.040690
3458.538764 1036.427080
3502.402946 1045.256229
3485.444576 1086.526427
3441.751144 1077.499416
3527.073779 1050.222067
3571.660269 1059.196604
3554.430546 1100.778846
3510.018993 1091.603472
3596.739031 1064.244552
3642.065819 1073.368099
3624.558044 1115.267103
3579.410519 1105.939678
3667.562714 1078.500211
3713.648391 1087.776511
3695.855641 1129.997101
3649.953696 1120.513814
3739.573962 1092.994908
3786.437749 1102.427827
3768.352867 1144.974942
3721.677435 1135.331853
3812.802901 1107.734705
3860.464670 1117.328246
3842.080256 1160.206932
3794.611620 1150.399968
3432.093534 1101.127573
3475.688889 1110.268042
3458.831423 1151.292674
3415.405287 1141.956786
3500.207927 1115.408853
3544.519001 1124.699384
3527.392636 1166.032179
3483.254916 1156.543313
3569.442233 1129.924942
3614.486799 1139.369261
3597.084916 1181.014846
3552.217977 1171.369210
3639.824303 1144.681677
3685.620724 1154.283635
3667.936483 1196.246740
3622.322106 1186.440416
3711.382916 1159.685094
3757.950176 1169.448670
3739.976509 1211.734131
3693.595858 1201.763072
3784.147823 1174.941429
3831.505547 1184.870739
3813.235147 1227.483504
3766.068749 1217.343523
3405.804760 1165.445285
3449.133699 1174.893231
3432.376241 1215.674482
3389.215004 1206.033527
3473.502311 1180.206847
3517.540460 1189.809437
3500.516527 1230.895024
3456.650167 1221.096565
3542.309576 1195.210384
3587.074492 1204.971446
3569.777544 1246.365905
3525.188640 1236.406050
3612.254067 1210.461894
3657.763890 1220.385385
3640.187172 1262.093352
3594.857721 1251.968081
3683.364213 1225.967577
3729.637692 1236.057584
3711.774221 1278.083800
3665.685623 1267.788958
3755.669397 1241.733840
3802.725917 1251.994591
3784.568475 1294.343902
3737.701496 1283.875193
