4368 2912
3390.335941 1384.672915
3859.796401 1427.233000
3357.200108 1683.302469
3832.210897 1732.922658
3421.244934 1419.129844
3458.287927 1422.534793
3454.730911 1455.549429
3417.639730 1452.082699
3492.675807 1425.695687
3529.965219 1429.123286
3526.501977 1462.257515
3489.163693 1458.767690
3564.582236 1432.305243
3602.120534 1435.755720
3598.752399 1469.010404
3561.164534 1465.497253
3636.968986 1438.958949
3674.758669 1442.432533
3671.486994 1475.808547
3633.647039 1472.271833
3709.840886 1445.657250
3747.884487 1449.154174
3744.710648 1482.652399
3706.616056 1479.091886
3783.202827 1452.400595
3821.502917 1455.921094
3818.428308 1489.542424
3780.076501 1485.957870
3414.209031 1483.440515
3451.346051 1486.966188
3447.768601 1520.170478
3410.583151 1516.582343
3485.821546 1490.239184
3523.206321 1493.788379
3519.723118 1527.113584
3482.289223 1523.501476
3557.912199 1497.083247
3595.547217 1500.656199
3592.159603 1534.103198
3554.474766 1530.466875
3630.485795 1503.973159
3668.373576 1507.570108
3665.082917 1541.139786
3627.144606 1537.479005
3703.547203 1510.909382
3741.690302 1514.530570
3738.497984 1548.223824
3700.303631 1544.538337
3777.101357 1517.892385
3815.502366 1521.538058
3812.409796 1555.355795
3773.956801 1551.645351
3407.132751 1548.120242
3444.364268 1551.767973
3440.766208 1585.163556
3403.486019 1581.452674
3478.927818 1555.154310
3516.408438 1558.826447
3512.905100 1592.344284
3475.375113 1588.608538
3551.203628 1562.235480
3588.935858 1565.932266
3585.528598 1599.573251
3547.746293 1595.812389
3623.965024 1569.364223
3661.951407 1573.085911
3658.641600 1606.850943
3620.604425 1603.064711
3697.216916 1576.541023
3735.460029 1580.287863
3732.249072 1614.177855
3693.954439 1610.365996
3770.964282 1583.766366
3809.466736 1587.538615
3806.356047 1621.554488
3767.801333 1617.716740
3400.015745 1613.172211
3437.342235 1616.943349
3433.723386 1650.531883
3396.347980 1646.696895
3471.994283 1620.444284
3509.571234 1624.240725
3506.047587 1657.952872
3468.421019 1654.092112
3544.456189 1627.765191
3582.286128 1631.587192
3578.859049 1665.423856
3540.978779 1661.537065
3617.406346 1635.135427
3655.491839 1638.983246
3652.162714 1672.945345
3614.026167 1669.032258
3690.849706 1642.555492
3729.193351 1646.429392
3725.963588 1680.517850
3687.568156 1676.578200
3764.791288 1650.025892
3803.395719 1653.926140
3800.266750 1688.141895
3761.609786 1684.175410
