4368 2912
2804.157232 2044.210855
3191.585262 2064.761301
2768.160818 2307.176615
3159.278061 2341.571152
2823.591657 2067.951372
2859.651120 2069.963469
2854.918084 2105.399557
2818.815400 2103.218212
2882.196535 2071.221490
2918.808720 2073.264429
2914.147918 2108.978257
2877.490834 2106.763416
2941.701041 2074.541807
2978.878754 2076.616301
2974.292988 2112.612256
2937.068635 2110.363140
3002.126050 2077.913486
3039.882494 2080.020274
3035.374673 2116.302846
2997.569780 2114.018653
3063.493085 2081.337732
3101.841882 2083.477571
3097.415022 2120.051359
3059.015902 2117.731262
3125.824351 2084.815779
3164.779550 2086.989457
3160.436786 2123.859169
3121.429316 2121.502316
2815.747631 2125.869956
2851.878032 2128.160326
2847.116627 2163.808818
2810.942880 2161.347195
2874.468313 2129.592363
2911.154194 2131.917944
2906.465240 2167.847489
2869.734322 2165.347951
2934.093123 2133.372083
2971.347393 2135.733696
2966.733714 2171.948757
2929.432653 2169.410420
2994.643105 2137.210452
3032.479075 2139.608940
3027.943601 2176.114088
2990.059018 2173.536043
3056.139959 2141.108845
3094.571363 2143.545078
3090.117134 2180.344996
3051.635228 2177.726302
3118.606073 2145.068680
3157.647077 2147.543557
3153.277248 2184.643039
3114.183781 2181.982729
2807.856782 2184.134278
2844.058327 2186.706219
2839.268295 2222.569030
2803.023281 2219.823803
2866.693604 2188.314343
2903.453406 2190.925944
2898.736045 2227.073165
2861.931069 2224.285526
2926.439088 2192.558963
2963.770162 2195.211151
2959.128314 2231.647323
2921.750299 2228.816282
2987.114448 2196.869646
3025.030213 2199.563373
3020.466831 2236.293152
2982.502290 2233.417687
3048.741563 2201.247947
3087.255865 2203.984197
3082.774010 2241.012348
3044.209029 2238.091405
3111.343003 2205.695469
3150.470128 2208.475256
3146.072982 2245.806662
3106.893200 2242.839154
2799.918689 2242.747443
2836.191580 2245.604297
2831.372664 2281.683367
2795.056178 2278.651165
2858.871989 2247.390608
2895.705936 2250.291651
2890.959907 2286.658532
2854.080650 2283.579343
2918.738517 2252.105698
2956.146639 2255.051963
2951.476364 2291.711280
2914.021151 2288.584002
2979.539661 2256.894399
3017.535488 2259.886952
3012.943937 2296.843442
2974.899172 2293.666940
3041.297476 2261.758447
3079.894969 2264.798387
3075.385231 2302.056902
3036.736881 2298.830005
3104.034722 2266.699635
3143.248286 2269.788097
3138.823564 2307.353609
3099.557153 2304.075107
