4368 2912
3169.289624 1103.562524
4358.827582 1232.502612
3077.995743 1798.980153
4427.873910 1975.934905
3234.406271 1170.543742
3343.478763 1182.566496
3335.578171 1266.658110
3224.823031 1254.149520
3417.081464 1190.679514
3527.436046 1202.843589
3522.400832 1287.757701
3410.323187 1275.099748
3601.906455 1211.052252
3713.565863 1223.360154
3711.465011 1309.110447
3598.041034 1296.300440
3788.919417 1231.666165
3901.906934 1244.120460
3902.811295 1330.720932
3788.016577 1317.756115
3978.159435 1252.525558
4092.498896 1265.128875
4096.481251 1352.593851
3980.290796 1339.471401
4169.666527 1273.634846
4285.382345 1286.389875
4292.517467 1374.734012
4174.905662 1361.451036
3218.019625 1313.503556
3329.968797 1326.362648
3321.633696 1415.079044
3207.911260 1401.690609
3405.524550 1335.041393
3518.825296 1348.055733
3513.511455 1437.668632
3398.393672 1424.115924
3595.296000 1356.839575
3709.972945 1370.011992
3707.755120 1460.536757
3591.216153 1446.816734
3787.375323 1378.902851
3903.453693 1392.236245
3904.408721 1483.688600
3786.422088 1469.798144
3981.804874 1401.236088
4099.310519 1414.733427
4103.517389 1507.129476
3984.055947 1493.065393
4178.628056 1423.844270
4297.587461 1437.508595
4305.127385 1530.864831
4184.163307 1516.623844
3200.729889 1464.342072
3315.711535 1478.112804
3306.905067 1571.846278
3190.052023 1557.497545
3393.326786 1487.408364
3509.735296 1501.349984
3504.119043 1596.062767
3385.791623 1581.532991
3588.316708 1510.761256
3706.178807 1524.876965
3703.833961 1620.586355
3584.004084 1605.872089
3785.744535 1534.406123
3905.087621 1548.699201
3906.097698 1645.422920
3784.736566 1630.520627
3985.656274 1558.348474
4106.508438 1572.822287
4110.959362 1670.578492
3988.037435 1655.484543
4188.099100 1582.593961
4310.489147 1597.251956
4318.469327 1696.059257
4193.956302 1680.769933
3182.460292 1623.729055
3300.643207 1638.495695
3291.324229 1737.684197
3171.163404 1722.284978
3380.433348 1648.465259
3500.124889 1663.420398
3494.179654 1763.681148
3372.458516 1748.081966
3580.936823 1673.517633
3702.166061 1688.664903
3699.682959 1790.017439
3576.370917 1774.214375
3784.019542 1698.892277
3906.816301 1714.235404
3907.886327 1816.699756
3782.951986 1800.688787
3989.731597 1724.595449
4114.126477 1740.138257
4118.843323 1843.734966
3992.254457 1827.511960
4198.124383 1750.633571
4324.148786 1766.379984
4332.608940 1871.130114
4204.332463 1854.690833
