2912 4368
343.676408 20.406610
1619.480505 452.234671
101.902041 1034.837737
1372.940342 1358.621354
404.863613 138.070380
537.417730 182.005043
504.387212 317.186727
371.926850 274.799612
619.897114 209.342587
748.078681 251.827982
714.917664 384.556151
586.812797 343.562788
827.859621 278.271136
951.881481 319.377809
918.615827 449.739253
794.655110 410.072013
1029.094268 344.969755
1149.155670 384.763746
1115.808981 512.840762
995.794524 474.436319
1223.922340 409.544934
1340.210007 448.088132
1306.803829 573.958823
1190.550145 536.757821
1412.644988 472.096488
1525.334086 509.446951
1491.888093 633.185506
1379.221142 597.132253
350.540916 363.578290
482.939203 404.965489
450.262294 538.699984
317.960393 498.828675
565.329106 430.720258
693.383001 470.749418
660.571171 602.079951
532.596702 563.512783
773.091476 495.665982
897.011355 534.402863
864.090341 663.413731
740.234404 626.087749
974.167207 558.521488
1094.150075 596.027674
1061.143384 722.798839
941.210314 686.655077
1168.873988 619.386085
1285.104533 655.719310
1252.033639 780.326693
1135.839971 745.309859
1357.509704 678.352889
1470.161237 713.567329
1437.045765 836.083077
1324.419300 802.141278
296.805144 586.649723
429.043284 625.541539
396.714336 757.851960
264.575113 720.445122
511.340922 649.745635
639.262674 687.367982
606.794544 817.322842
478.954844 781.133142
718.895814 710.788437
842.709117 747.202472
810.127416 874.883643
686.380755 839.852628
919.805097 769.876738
1039.704746 805.139750
1007.032879 930.624933
887.185787 896.697833
1114.382915 827.102926
1230.551584 861.268641
1197.810949 984.631639
1081.681960 951.757084
1302.923921 882.553661
1415.533087 915.672510
1382.743258 1036.983489
1270.161993 1005.113246
243.646834 807.323952
375.720676 843.771239
343.734160 974.680211
211.761669 939.687720
457.923369 866.456011
585.708667 901.719824
553.578866 1030.320512
425.878150 996.460681
665.263705 923.673945
788.965999 957.811007
756.718390 1084.182934
633.085347 1051.401647
865.999267 979.069217
985.811167 1012.132681
953.469055 1136.351350
833.712381 1104.597882
1060.440698 1032.727553
1176.542889 1064.767278
1144.127592 1186.904440
1028.067796 1156.131198
1248.879462 1084.729383
1361.441609 1115.792193
1328.972644 1235.916085
1216.441144 1206.078370
