4368 2912
682.910915 1827.147465
1241.028657 1833.021059
698.487101 2221.840138
1300.133391 2177.550464
721.648598 1862.011988
780.107639 1862.215314
783.072838 1909.087587
724.001196 1909.482462
817.766203 1862.346295
873.859336 1862.541393
877.772642 1908.454550
821.117322 1908.833272
910.009110 1862.667125
963.877112 1862.854484
968.660987 1907.846991
914.276705 1908.210532
998.606987 1862.975278
1050.379679 1863.155348
1055.963437 1907.263402
1003.716326 1907.612657
1083.771699 1863.271489
1133.569000 1863.444690
1139.888103 1906.702393
1089.654615 1907.038187
1165.699006 1863.556441
1213.631855 1863.723156
1220.627298 1906.162678
1172.293226 1906.485775
725.692916 1943.617803
785.204560 1942.784704
788.283468 1991.454420
728.136913 1992.932524
823.526117 1942.248244
880.584892 1941.449483
884.645112 1989.086330
827.004659 1990.502846
917.343106 1940.934908
972.097595 1940.168404
977.057375 1986.815295
921.769592 1988.173994
1007.386217 1939.674402
1059.973241 1938.938241
1065.758177 1984.635470
1012.681907 1985.939821
1093.878673 1938.463601
1144.424430 1937.756016
1150.966707 1982.541468
1099.971864 1983.794668
1177.026430 1937.299623
1225.647509 1936.618981
1232.885226 1980.528317
1183.851730 1981.733317
729.895000 2028.407021
790.497726 2026.456231
793.697011 2077.028801
732.435829 2079.675590
829.505923 2025.200564
887.563939 2023.331688
891.779506 2072.791146
833.119297 2075.325561
924.951232 2022.128198
980.621518 2020.336182
985.767085 2068.730412
929.545652 2071.159460
1016.486878 2019.181683
1069.913761 2017.461882
1075.910947 2064.835746
1021.979303 2067.165863
1104.348263 2016.353442
1155.664669 2014.701577
1162.442156 2061.097165
1110.663208 2063.334275
1188.752262 2013.636494
1238.080819 2012.048617
1245.573619 2057.505470
1195.821003 2059.655032
734.264267 2116.569622
795.998694 2113.412572
799.325556 2166.001813
736.907798 2169.910502
835.718460 2111.381334
894.811086 2108.359383
899.191088 2159.748092
839.474660 2163.487619
932.849153 2106.414145
989.465997 2103.518804
994.807990 2153.760425
937.621248 2157.341540
1025.926952 2101.654219
1080.220409 2098.877694
1086.441744 2148.022189
1031.627282 2151.454748
1115.200340 2097.088847
1167.310549 2094.423971
1174.336162 2142.518115
1121.749369 2145.811175
1200.897896 2092.706341
1250.953947 2090.146513
1258.715555 2137.234157
1208.223340 2140.396052
