4368 2912
3303.429244 2133.576880
3787.331830 2132.489705
3311.631992 2446.063251
3821.084992 2451.128921
3328.960158 2156.701001
3379.483461 2156.632755
3381.278469 2201.384769
3330.388850 2201.366578
3404.637181 2156.598778
3455.453654 2156.530135
3457.802140 2201.412125
3406.615092 2201.393827
3480.753545 2156.495960
3531.865748 2156.426918
3534.774152 2201.439639
3483.287061 2201.421234
3557.313089 2156.392544
3608.723611 2156.323100
3612.198458 2201.467316
3560.408678 2201.448803
3634.319693 2156.288525
3686.031153 2156.218673
3690.079056 2201.495156
3637.983909 2201.476534
3711.777284 2156.183896
3763.792333 2156.113634
3768.419991 2201.523161
3716.016769 2201.504428
3331.132360 2224.611113
3382.212635 2224.674778
3384.047278 2270.414931
3332.592536 2270.260978
3407.644455 2224.706477
3459.024386 2224.770516
3461.424881 2270.646445
3409.666083 2270.491583
3484.605619 2224.802401
3536.287851 2224.866816
3539.260854 2270.879331
3487.195296 2270.723550
3562.019815 2224.898888
3614.007024 2224.963686
3617.559282 2271.113600
3565.184229 2270.956893
3639.891057 2224.995947
3692.185950 2225.061127
3696.324298 2271.349265
3643.636983 2271.191625
3718.223403 2225.093580
3770.828719 2225.159146
3775.560088 2271.586338
3722.557708 2271.427755
3333.352521 2294.020582
3385.002184 2294.222039
3386.877789 2340.983423
3334.845234 2340.687634
3410.718323 2294.322345
3462.674345 2294.524998
3465.128595 2341.428253
3412.785130 2341.130697
3488.543244 2294.625898
3540.808360 2294.829757
3543.848139 2341.875748
3491.190971 2341.576409
3566.831386 2294.931259
3619.408362 2295.136334
3623.040647 2342.325931
3570.066946 2342.024793
3645.586897 2295.238443
3698.478533 2295.444745
3702.710393 2342.778828
3649.417297 2342.475874
3724.813973 2295.547466
3778.023102 2295.755006
3782.861705 2343.234462
3729.246317 2342.929676
3335.622248 2364.979618
3387.854135 2365.325045
3389.772089 2413.142246
3337.148596 2412.698240
3413.861018 2365.497038
3466.406196 2365.844536
3468.916028 2413.810017
3415.974540 2413.363328
3492.569305 2366.017563
3545.430600 2366.367152
3548.539431 2414.481834
3495.277056 2414.032436
3571.751346 2366.541220
3624.931621 2366.892919
3628.646667 2415.157733
3575.060479 2414.705603
3651.411433 2367.068039
3704.913581 2367.421867
3709.242159 2415.837751
3655.329197 2415.382864
3731.553906 2367.598048
3785.380861 2367.954024
3790.330387 2416.521926
3736.087651 2416.064257
