4368 2912
551.940877 1031.892469
1036.036163 965.817986
617.097876 1362.637058
1102.406990 1273.567763
586.071762 1055.711555
637.341712 1048.522201
646.273376 1093.105494
594.981270 1100.621424
666.035919 1044.498542
716.196923 1037.464690
725.160335 1081.546038
674.979462 1088.899137
744.273829 1033.527592
793.361481 1026.644252
802.353230 1070.234816
753.247865 1077.430319
820.840795 1022.790951
868.889181 1016.053343
877.906051 1059.163918
829.841984 1066.206837
895.789781 1012.281193
942.831560 1005.684736
951.870516 1048.325764
904.814973 1055.220902
969.171536 1001.991200
1015.238012 995.531506
1024.296193 1037.713092
978.217761 1044.465052
600.440104 1128.137593
651.745682 1120.421059
660.724979 1165.242117
609.397464 1173.288663
680.458989 1116.102480
730.651935 1108.553290
739.662629 1152.867165
689.450039 1160.738927
758.745917 1104.327859
807.862036 1096.940627
816.900706 1140.758654
767.767104 1148.461264
835.356517 1092.805363
883.430094 1085.574933
892.493514 1128.908069
844.404493 1136.446922
910.344060 1081.526981
957.407941 1074.448413
966.493069 1117.307257
919.415667 1124.687519
983.759586 1070.485036
1029.845249 1063.553595
1038.949218 1105.948402
992.851845 1113.175026
614.885656 1200.952815
666.226508 1192.703551
675.253820 1237.764280
623.891253 1246.347036
694.958712 1188.086964
745.183235 1180.017068
754.241586 1224.565316
703.997648 1232.961147
773.294083 1175.500318
822.438295 1167.604002
831.524253 1211.651277
782.362795 1219.866224
849.947727 1163.183885
898.046112 1155.455609
907.156444 1199.013034
859.042856 1207.052880
924.973225 1151.129057
972.058816 1143.563514
981.190472 1186.641846
934.091605 1194.512131
998.421906 1139.327587
1044.526358 1131.919689
1053.676462 1174.529338
1007.560551 1182.235370
629.409040 1274.160367
680.784807 1265.372756
689.860519 1310.675084
638.463266 1319.799707
709.535700 1260.455036
759.791429 1251.859003
768.897815 1296.643488
718.622907 1305.568859
787.918929 1247.047911
837.090852 1238.637258
846.224471 1282.915584
797.035543 1291.648160
864.615017 1233.929364
912.737819 1225.698160
921.895427 1269.481619
873.757669 1278.027579
939.677856 1221.090179
986.784758 1213.032739
995.963299 1256.332251
948.843371 1264.697514
1013.159065 1208.521524
1059.281902 1200.632405
1068.478493 1243.458532
1022.344453 1251.648770
