4368 2912
2825.696054 1296.485753
4227.329117 1618.063821
2405.436042 2137.189920
3638.920399 2863.386567
2854.919505 1382.056831
2954.858742 1407.290584
2895.297830 1527.323549
2797.028966 1498.259650
3018.895224 1423.459215
3129.945745 1451.498466
3067.489904 1578.250900
2958.270872 1545.948391
3201.303906 1469.515756
3325.427477 1500.855832
3259.786829 1635.124442
3137.679702 1599.010163
3405.438805 1521.057968
3545.087785 1556.318072
3475.928018 1699.050139
3338.509012 1658.407235
3635.427353 1579.127994
3793.708249 1619.092486
3720.641536 1771.426359
3564.838592 1725.346240
3896.513140 1645.049791
4077.420236 1690.727194
3999.993950 1854.047343
3821.854537 1801.361013
2760.545562 1571.492243
2857.757673 1602.978139
2797.785241 1723.840440
2702.267685 1688.472560
2920.057798 1623.156441
3028.117660 1658.155800
2965.206392 1785.832512
2859.006094 1746.509066
3097.567821 1680.649916
3218.398115 1719.785473
3152.250744 1855.090589
3033.469741 1811.108807
3296.303789 1745.018234
3432.309998 1789.069097
3362.583080 1932.971653
3228.845599 1883.451843
3520.314970 1817.572905
3674.547048 1867.526919
3600.841334 2021.193020
3449.133368 1965.019166
3774.750547 1899.981691
3951.134179 1957.110342
3872.982575 2121.960451
3699.422189 2057.695167
2665.539767 1762.195964
2759.985262 1800.018649
2699.597030 1921.718909
2606.870651 1879.961607
2820.523172 1824.262330
2925.546522 1866.321141
2862.174827 1994.932276
2759.039581 1948.487566
2993.058546 1893.357752
3110.541907 1940.406436
3043.881922 2076.760107
2928.481275 2024.791940
3186.306516 1970.747969
3318.606632 2023.730334
3248.305557 2168.817834
3118.313648 2110.278812
3404.235027 2058.022027
3554.342846 2118.135863
3479.989713 2273.151744
3332.453086 2206.711840
3651.894684 2157.202549
3823.664018 2225.991194
3744.776856 2392.392863
3575.887519 2316.337231
2569.895752 1954.180771
2661.534522 1998.426193
2600.726151 2120.973158
2510.831446 2072.739675
2720.283945 2026.791841
2822.224168 2076.011055
2758.386972 2205.566910
2658.363868 2151.898981
2887.767405 2107.656921
3001.849233 2162.738396
2934.670653 2300.152858
2822.705548 2240.077385
3075.436729 2198.268226
3203.966245 2260.325397
3133.083893 2406.612538
3006.902800 2338.909401
3287.175275 2300.500736
3433.081891 2370.947992
3358.072769 2527.331517
3214.785366 2450.449898
3527.930763 2416.743330
3694.993023 2497.405044
3615.359869 2665.380281
3451.235572 2577.318515
