4368 2912
665.329904 1512.758707
1049.706504 1482.123608
745.404562 1775.761883
1141.205225 1712.925609
698.022572 1534.021128
737.822231 1530.589562
748.055667 1562.485423
708.080089 1566.316270
763.503923 1528.375261
801.820304 1525.071586
812.322294 1556.326772
773.847248 1560.013823
826.553727 1522.939046
863.468232 1519.756241
874.212214 1550.395880
837.154773 1553.947083
887.304953 1517.701015
922.893133 1514.632568
933.854879 1544.680342
898.138113 1548.103068
945.881048 1512.650527
980.213122 1509.690382
991.370503 1539.168637
956.922952 1542.469735
1002.396775 1507.777686
1035.538091 1504.920209
1046.870878 1533.850054
1013.626071 1537.035893
715.266984 1589.393711
755.367198 1585.274206
765.861040 1617.981706
725.583476 1622.520432
781.236594 1582.616637
819.823931 1578.652549
830.588050 1610.687863
791.841101 1615.054111
844.726478 1576.094304
881.884968 1572.277003
892.892088 1603.667056
855.590134 1607.870473
905.873874 1569.812617
941.681435 1566.134097
952.906707 1596.904235
916.970395 1600.953762
964.806074 1563.758497
999.335061 1560.211325
1010.755820 1590.385437
976.111505 1594.289374
1021.641311 1557.919798
1054.959002 1554.497064
1066.554556 1584.097688
1033.133794 1587.863747
732.956626 1646.195948
773.359814 1641.354093
784.124129 1674.904610
743.542225 1680.186786
799.418220 1638.231294
838.278102 1633.574386
849.314288 1666.419404
810.293927 1671.498327
863.350573 1630.569740
900.753917 1626.087381
912.033961 1658.255758
874.486717 1663.142939
924.895366 1623.194307
960.922555 1618.876865
972.420971 1650.395733
936.264970 1655.101829
984.183895 1616.089262
1018.909502 1611.927799
1030.603076 1642.822701
995.762401 1647.357593
1041.337998 1609.240003
1074.831306 1605.226217
1086.698873 1635.521224
1053.103032 1639.894087
751.108966 1704.483931
791.817431 1698.883311
802.862813 1733.309864
761.974342 1739.373141
818.066070 1695.272056
857.199944 1689.888066
868.518643 1723.573879
829.223517 1729.400883
882.443035 1686.415153
920.091940 1681.235464
931.655186 1714.211475
893.862052 1719.815751
944.386178 1677.893093
980.633061 1672.906292
992.414714 1705.201554
956.039071 1710.595633
1004.030957 1669.687238
1038.952700 1664.882748
1050.928984 1696.524579
1015.892554 1701.720068
1061.502961 1661.780312
1095.170927 1657.148315
1107.320192 1688.162428
1073.550357 1693.170096
