4368 2912
178.639164 962.840628
828.554918 665.934869
561.950103 1473.750647
1149.197206 1096.817041
265.844544 990.187035
329.465351 960.157464
374.205234 1019.877677
311.338122 1050.864091
378.705246 936.915808
438.796364 908.552282
482.243047 966.627190
422.862390 995.895174
485.341850 886.582411
542.189080 859.750027
584.415140 916.267842
528.238750 943.956483
586.255415 838.950336
640.114516 813.528376
681.186594 868.570402
627.961934 894.804173
681.894624 793.807805
732.995154 769.687913
772.974584 823.329250
722.474974 848.219876
772.662447 750.964607
821.211043 728.049251
860.154399 780.359409
812.175790 804.007465
348.549912 1100.495311
410.800987 1068.726850
455.472381 1128.355641
393.972718 1161.077974
458.981831 1044.138821
517.781765 1014.131573
561.163792 1072.120056
503.072226 1103.029031
563.328074 990.888020
618.956108 962.499481
661.121032 1018.935470
606.161916 1048.177752
662.078208 940.493070
714.784246 913.595707
755.798430 968.560147
703.725059 996.267002
755.670654 892.730231
805.679025 867.209564
845.603550 920.777235
796.194466 947.066494
844.499208 847.398541
892.011848 823.151514
930.903064 875.391636
883.958898 900.369375
431.126640 1210.632015
492.012134 1177.130061
536.615194 1236.667639
476.478837 1271.120503
539.137088 1151.199780
596.649643 1119.553770
639.967158 1177.456021
583.160885 1210.001037
641.199678 1095.040325
695.612009 1065.100199
737.715931 1121.454538
683.970599 1152.245904
737.792544 1041.890560
789.348740 1013.522008
830.305153 1068.409027
779.379859 1097.584758
829.343912 991.514855
878.263094 964.597308
918.132828 1018.091464
869.811302 1045.775465
916.238441 943.701554
962.717875 918.126467
1001.557056 970.296692
955.644589 996.600513
513.575027 1320.597544
573.099074 1285.367479
617.633959 1344.814053
558.856780 1380.992077
619.171293 1258.099052
675.400258 1224.819224
718.653405 1282.635434
663.128643 1316.811558
718.956912 1199.039664
772.157026 1167.552501
814.200078 1223.825368
761.665053 1256.161274
813.398659 1143.143117
863.808221 1113.307577
904.706983 1168.117337
854.926563 1198.757753
902.914611 1090.161963
950.747566 1061.851421
990.562622 1115.272214
943.325698 1144.347078
987.880346 1039.873913
1033.329313 1012.974365
1072.116562 1065.074834
1027.233060 1092.701142
