4368 2912
3165.079091 1949.867761
3670.564429 2055.828603
3035.347894 2305.204223
3525.604079 2464.361566
3179.615090 1981.613548
3227.456927 1992.023902
3208.022084 2045.499873
3160.392832 2034.365523
3251.690483 1997.297108
3301.514108 2008.138697
3281.752679 2062.735967
3232.148439 2051.139921
3326.761976 2013.632618
3378.693132 2024.932804
3358.594563 2080.699389
3306.889895 2068.612325
3405.020354 2030.661591
3459.195650 2042.450102
3438.748918 2099.437173
3384.807531 2086.827228
3486.672948 2048.429144
3543.241059 2060.738330
3522.434651 2119.000492
3466.108199 2105.832986
3571.945475 2066.984392
3631.068506 2079.849527
3609.890394 2139.445130
3551.017117 2125.682250
3150.482690 2061.562100
3198.002141 2073.070262
3178.508776 2126.707262
3131.203324 2114.470799
3222.073125 2078.899724
3271.564042 2090.885332
3251.741876 2145.650408
3202.471838 2132.905768
3296.644102 2096.959169
3348.231768 2109.452564
3328.070120 2165.394173
3276.710522 2152.109028
3374.385712 2115.786472
3428.206256 2128.820621
3407.693966 2185.990409
3354.109002 2172.129629
3455.504562 2135.431667
3511.706156 2149.042454
3490.831565 2207.495544
3434.873400 2193.020891
3540.225610 2155.949236
3598.969833 2170.175791
3577.720753 2229.971100
3519.228162 2214.840869
3121.263717 2141.748234
3168.458639 2154.360733
3148.906486 2208.159489
3101.926987 2194.814356
3192.365956 2160.749790
3241.521900 2173.886358
3221.638715 2228.820016
3172.705156 2214.919808
3266.432994 2180.543667
3317.674776 2194.237660
3297.449751 2250.355119
3246.437628 2235.864468
3343.654217 2201.180477
3397.117475 2215.468143
3376.539311 2272.821529
3323.313318 2257.701999
3424.235492 2222.715236
3480.067884 2237.636036
3459.124772 2296.280994
3403.537595 2280.490740
3508.401000 2245.207855
3566.763566 2260.804826
3545.443160 2320.800847
3487.334121 2304.294225
3091.957784 2222.173012
3138.826018 2235.896419
3119.214812 2289.857663
3072.563436 2275.397260
3162.568567 2242.848435
3211.387256 2257.142951
3191.442771 2312.245972
3142.847981 2297.183174
3236.128220 2264.387311
3287.021704 2279.289346
3266.733002 2335.583483
3216.070781 2319.879850
3312.825410 2286.844885
3365.928826 2302.394005
3345.284471 2359.931874
3292.420017 2343.545619
3392.865250 2310.281213
3448.325731 2326.520502
3427.313763 2385.358275
3372.100295 2368.243903
3476.471128 2334.761707
3534.449164 2351.738157
3513.057073 2411.935900
3455.334472 2394.043779
