4368 2912
3351.915907 1707.450507
4310.599231 2037.223672
3092.893000 2270.929046
3986.974560 2744.916722
3376.878899 1766.815167
3459.151467 1796.149059
3420.468408 1880.366455
3338.990343 1849.266260
3504.054330 1812.158961
3591.910098 1843.483516
3551.946283 1930.551587
3464.937905 1897.340470
3639.912476 1860.598536
3733.939703 1894.123495
3692.607452 1984.241984
3599.485962 1948.697492
3785.373962 1912.462136
3886.246549 1948.427776
3843.448866 2041.818183
3743.546598 2003.685467
3941.494333 1968.126110
4049.988002 2006.809011
4005.617202 2103.717870
3898.165597 2062.703570
4109.489715 2028.024063
4226.501982 2069.744230
4180.438064 2170.447030
4064.547862 2126.211715
3318.255969 1894.387321
3399.299122 1926.454385
3360.594605 2010.718502
3280.346834 1976.883199
3443.531391 1943.956160
3530.075900 1978.199993
3490.089166 2065.317997
3404.393018 2029.185465
3577.362289 1996.910219
3669.987960 2033.560240
3628.631178 2123.732217
3536.912316 2085.060296
3720.656068 2053.608541
3820.027150 2092.927578
3777.203145 2186.375422
3678.803575 2144.886677
3874.453159 2114.462801
3981.334290 2156.753407
3936.935177 2253.724106
3831.097437 2209.099165
4039.952326 2179.947325
4155.228243 2225.559571
4109.133784 2326.329139
3994.981417 2278.198457
3259.601196 2022.028771
3339.413573 2056.832004
3300.687578 2141.142881
3221.671464 2104.569469
3382.974492 2075.827313
3468.206238 2112.993733
3428.196565 2200.161712
3343.814151 2161.104454
3514.775803 2133.301003
3605.998258 2173.079749
3564.616921 2263.305261
3474.302353 2221.502245
3655.899289 2194.839748
3753.767021 2237.516256
3710.916671 2331.021589
3614.021645 2286.172740
3807.370229 2260.890637
3912.636768 2306.793490
3868.209313 2403.826087
3763.987496 2355.585960
3970.369977 2331.968814
4083.907245 2381.478227
4037.782215 2482.314629
3925.369985 2430.283485
3200.914554 2149.739573
3279.494790 2187.281976
3240.747298 2271.639651
3162.964209 2232.325129
3322.383601 2207.772484
3406.301082 2247.864803
3366.268451 2335.082801
3283.201276 2293.097501
3452.152989 2269.770956
3541.970562 2312.682097
3500.564650 2402.961192
3411.656039 2358.023409
3591.103592 2336.155836
3687.466126 2382.193889
3644.589408 2475.756765
3549.200774 2427.543732
3740.245504 2407.409702
3843.895391 2456.929353
3799.439569 2554.023907
3696.835735 2502.164039
3900.742627 2484.088621
4012.538942 2537.500300
3966.383309 2638.403603
3855.713522 2582.466896
