2912 4368
2236.907324 1943.728950
2786.772054 2092.664534
2058.598036 2339.662969
2571.484327 2540.632051
2251.731366 1986.339512
2299.355752 1999.669994
2274.230067 2054.885771
2227.034864 2040.924770
2329.497380 2008.106898
2379.056456 2021.978917
2353.205674 2078.247860
2304.098483 2063.721267
2410.435088 2030.762069
2462.049187 2045.209306
2435.434248 2102.572222
2384.296480 2087.444955
2494.742566 2054.360469
2548.542211 2069.419458
2521.120998 2127.919560
2467.824051 2112.153578
2582.634733 2078.962253
2638.761741 2094.672693
2610.488764 2154.355794
2554.892942 2137.909773
2674.345182 2104.632808
2732.953911 2121.037903
2703.779950 2181.952631
2645.733241 2164.781604
2211.288095 2075.728947
2258.210497 2090.090105
2233.304747 2144.822555
2186.805179 2129.842129
2287.905262 2099.178540
2336.725263 2114.120480
2311.105306 2169.886991
2262.730380 2154.302396
2367.633158 2123.580207
2418.468242 2139.138888
2392.095819 2195.979111
2341.729751 2179.753045
2450.665152 2148.993134
2503.642708 2165.207544
2476.476583 2223.163445
2423.993858 2206.255469
2537.210987 2175.481513
2592.469371 2192.393996
2564.465021 2251.510036
2509.729349 2233.876245
2627.498539 2203.115088
2685.188280 2220.771718
2656.297557 2281.095051
2599.160688 2262.687684
2171.194301 2164.345955
2217.425098 2179.719403
2192.736409 2233.974845
2146.922211 2217.993158
2246.679667 2189.447628
2294.771723 2205.440014
2269.379513 2260.710793
2221.725849 2244.087433
2325.216032 2215.563872
2375.284056 2232.213340
2349.150849 2288.537984
2299.544669 2271.233515
2406.992185 2242.757465
2459.160508 2260.105360
2432.245927 2317.524620
2380.564723 2299.496305
2492.212822 2271.096476
2546.616429 2289.187685
2518.876897 2347.744705
2464.987693 2328.946158
2581.100249 2300.654829
2637.885948 2319.538173
2609.274357 2379.278682
2553.032568 2359.659466
2131.445473 2252.200504
2176.994854 2268.568219
2152.520400 2322.352860
2107.381498 2305.387723
2205.815771 2278.924727
2253.190804 2295.948471
2228.023317 2350.730098
2181.080119 2333.086829
2283.178549 2306.724266
2332.491234 2324.444286
2306.594002 2380.260335
2257.736122 2361.897446
2363.718126 2335.665358
2415.089820 2354.125262
2388.423304 2411.015300
2337.531164 2391.887849
2447.634282 2365.819790
2501.196689 2385.066904
2473.718235 2443.072796
2420.662089 2423.132020
2535.143906 2397.265497
2591.040207 2417.351274
2562.703722 2476.517363
2507.342550 2455.710258
