4368 2912
2633.713048 363.796415
3285.833767 359.832488
2618.563598 780.367193
3286.819884 772.820615
2669.942301 397.614265
2735.621601 397.188345
2733.928192 454.253731
2668.027571 454.727714
2773.212481 396.944575
2838.723866 396.519744
2837.377158 453.509688
2771.645582 453.982454
2876.218702 396.276596
2941.562812 395.852851
2940.561039 452.767552
2874.997859 453.239106
2978.961973 395.610323
3044.139449 395.187658
3043.480854 452.027314
2978.085422 452.497663
3081.443299 394.945749
3146.454779 394.524160
3146.137613 451.288969
3080.909288 451.758115
3183.663682 394.282867
3248.509799 393.862350
3248.532326 450.552508
3183.470468 451.020457
2666.887265 488.741271
2732.919698 488.238519
2731.208130 545.915854
2664.951987 546.467688
2770.712431 487.950775
2836.575144 487.449315
2835.214013 545.049611
2769.128736 545.600021
2874.270803 487.162311
2939.964450 486.662138
2938.951962 544.185598
2873.036890 544.734591
2977.563409 486.375869
3043.088640 485.876979
3042.423009 543.323808
2976.677487 543.871390
3080.591270 485.591444
3145.948732 485.093830
3145.628183 542.464233
3080.051557 543.010408
3183.355403 484.809026
3248.545741 484.312686
3248.568507 541.606864
3183.160128 542.151638
2663.799411 580.847277
2730.188791 580.266060
2728.458770 638.565242
2661.843248 639.196582
2768.185557 579.933412
2834.403387 579.353699
2833.027600 637.574202
2766.584796 638.203906
2872.302032 579.021909
2938.348974 578.443691
2937.325598 636.585730
2871.054839 637.213803
2976.149877 578.112757
3042.026594 577.536029
3041.353814 635.599814
2975.254434 636.226264
3079.730135 577.205948
3145.437281 576.630705
3145.113293 634.616446
3079.184628 635.241277
3183.043834 576.301473
3248.582065 575.727708
3248.605076 633.635614
3182.846465 634.258834
2660.678202 673.948141
2727.428412 673.286793
2725.679637 732.217930
2658.700818 732.930473
2765.631424 672.908285
2832.208222 672.248654
2830.817542 731.099438
2764.013320 731.810124
2870.312049 671.871129
2936.716110 671.213209
2935.681668 729.983858
2869.051362 730.692693
2974.721138 670.836663
3040.953132 670.180448
3040.273087 728.871180
2973.816018 729.578172
3078.859745 669.804877
3144.920339 669.150361
3144.592857 727.761392
3078.308351 728.466548
3182.728920 668.775761
3248.618780 668.122936
3248.642038 726.654482
3182.529425 727.357810
