4368 2912
3453.281284 1893.185548
4142.873946 2010.305137
3356.464964 2318.484384
4057.921807 2497.610399
3483.277962 1935.794563
3543.865112 1946.482793
3531.289454 2003.852999
3470.588676 1992.471292
3582.157933 1953.238062
3645.030171 1964.329405
3632.657245 2022.859978
3569.657100 2011.047128
3684.780948 1971.341873
3750.070032 1982.859574
3737.924818 2042.598187
3672.492134 2030.329224
3791.363645 1990.144215
3859.211660 2002.113339
3847.321632 2063.110649
3779.312754 2050.358637
3902.139707 2009.686311
3972.700097 2022.133929
3961.095510 2084.443834
3890.355241 2071.179671
4017.361572 2030.012696
4090.800303 2042.968083
4079.514509 2106.648003
4005.874933 2092.840205
3462.406161 2029.018515
3523.179571 2040.850325
3510.426279 2099.030897
3449.539679 2086.486692
3561.595066 2048.329333
3624.677048 2060.610593
3612.126026 2119.983661
3548.916385 2106.960849
3664.565775 2068.376420
3730.090415 2081.133234
3717.766989 2141.748416
3652.098776 2128.219076
3771.538774 2089.202702
3839.650747 2102.463237
3827.582800 2164.373297
3759.309732 2150.307290
3882.752033 2110.854509
3953.607668 2124.649201
3941.825927 2187.910320
3870.789880 2173.275067
3998.462765 2133.381918
4072.231247 2147.743703
4060.769615 2212.415778
3986.799406 2197.176014
3441.242501 2123.546055
3502.201436 2136.552669
3489.266719 2195.560901
3428.195084 2181.822377
3540.739244 2144.775358
3604.030546 2158.279621
3591.297554 2218.513507
3527.878890 2204.247001
3644.057069 2166.819953
3709.817206 2180.850984
3697.311617 2242.362171
3631.407980 2227.536650
3751.420402 2189.727725
3819.796699 2204.316958
3807.546809 2267.160408
3739.009228 2251.742363
3863.071599 2213.550385
3934.223340 2228.731805
3922.260357 2292.966087
3850.927711 2276.919270
3979.272764 2238.343857
4053.372433 2254.154267
4041.730824 2319.841870
3967.428576 2303.127019
3419.780818 2219.404724
3480.924454 2233.618350
3467.804414 2293.472029
3406.548623 2278.506355
3519.584159 2242.605297
3583.084275 2257.366718
3570.165326 2318.480279
3506.538201 2302.935253
3623.248388 2266.703385
3689.243886 2282.044889
3676.552064 2344.472096
3610.413192 2328.313414
3731.001962 2291.752092
3799.642876 2307.708559
3787.206897 2371.506669
3718.404557 2354.697264
3843.091721 2317.808803
3914.540367 2334.417962
3902.391928 2399.648036
3830.761925 2382.147792
3959.784787 2344.935611
4034.217028 2362.238345
4022.391168 2428.965583
3947.755531 2410.731019
