4368 2912
2862.173327 1987.244273
3672.024764 1845.603256
3021.005000 2669.629304
3889.527959 2473.931668
2934.163073 2041.706043
3009.052396 2028.280362
3028.192879 2104.386481
2952.649065 2118.359855
3066.222893 2018.031200
3139.715273 2004.855954
3159.978168 2080.010096
3085.857530 2093.720224
3195.824296 1994.797085
3267.958457 1981.865332
3289.298868 2056.089588
3216.561565 2069.543840
3323.035296 1971.991507
3393.848545 1959.296559
3416.223475 2032.612285
3344.831140 2045.817758
3447.921424 1949.602718
3517.449715 1937.138129
3540.817973 2009.565984
3470.733642 2022.529515
3570.545834 1927.619394
3638.823827 1915.378951
3663.145942 1986.938924
3594.333996 1999.667101
2968.122805 2182.523094
3044.212875 2168.084962
3064.071585 2247.046884
2987.306305 2262.069182
3102.289875 2157.064820
3176.934657 2142.900932
3197.950557 2220.847934
3122.658169 2235.582000
3233.913735 2132.089122
3307.154020 2118.191738
3329.279896 2195.147925
3255.418413 2209.601975
3363.066017 2107.582406
3434.941076 2093.944075
3458.131749 2169.932739
3385.660764 2184.114680
3489.815689 2083.531587
3560.363342 2070.145132
3584.575566 2145.188784
3513.456180 2159.106229
3614.229178 2059.924061
3683.485860 2046.782568
3708.678226 2120.902973
3638.872976 2134.563253
3003.369450 2328.676439
3080.698402 2313.158198
3101.316537 2395.139735
3023.290692 2411.281642
3139.710300 2301.315792
3215.543083 2286.097800
3237.354756 2366.996286
3160.854154 2382.822653
3273.418712 2274.483418
3347.798332 2259.557044
3370.753850 2339.398817
3295.734200 2354.918806
3404.570197 2248.164164
3477.538026 2233.521105
3501.589880 2312.331593
3428.008591 2327.554015
3533.237403 2222.343450
3604.833260 2207.975717
3629.936010 2285.779476
3557.752108 2300.712808
3659.490256 2197.007245
3729.752474 2182.907144
3755.862647 2259.727901
3685.036700 2274.380301
3039.977570 2480.475267
3118.585318 2463.803618
3140.007288 2548.981353
3060.679946 2566.319508
3178.561809 2451.083408
3255.619788 2434.740445
3278.273303 2518.761286
3200.526377 2535.754018
3314.419633 2422.269786
3389.973226 2406.245882
3413.805940 2489.138638
3337.592667 2505.796168
3447.630714 2394.017502
3521.723550 2378.303406
3546.685461 2460.095868
3471.960904 2476.428017
3578.271651 2366.310312
3650.945689 2350.897123
3676.989015 2431.616114
3603.709975 2447.632324
3706.416116 2339.132590
3777.711721 2324.011748
3804.790787 2403.683160
3732.915723 2419.392511
