4368 2912
3184.131745 2133.893647
3647.336221 2205.428044
3113.446076 2434.263375
3587.142458 2531.247742
3201.742643 2159.515272
3248.411402 2166.890325
3238.349863 2211.267866
3191.541013 2203.536746
3271.342723 2170.514156
3319.034714 2178.050908
3309.191098 2222.968265
3261.351161 2215.066845
3342.471580 2181.754631
3391.220830 2189.458462
3381.607332 2234.928796
3332.701860 2226.851389
3415.180144 2193.244746
3465.022202 2201.121274
3455.651680 2247.158231
3405.644673 2238.898890
3489.521633 2204.992913
3540.493661 2213.048009
3531.379674 2259.665745
3480.233493 2251.218254
3565.551678 2217.007921
3617.692545 2225.247729
3608.849398 2272.460927
3556.524668 2263.818784
3186.360681 2225.890607
3233.240413 2233.803668
3223.038448 2278.800577
3176.017713 2270.521977
3256.277121 2237.692149
3304.191934 2245.779926
3294.209410 2291.331133
3246.145608 2282.868887
3327.740099 2249.754738
3376.724656 2258.023084
3366.973978 2304.142263
3317.832013 2295.490193
3400.801503 2262.087134
3450.892035 2270.542163
3441.386282 2317.243497
3391.129463 2308.395144
3475.515567 2274.698491
3526.749955 2283.346596
3517.502932 2330.644805
3466.092887 2321.593411
3551.939009 2287.598381
3604.356888 2296.446255
3595.383161 2344.356612
3542.779737 2335.095108
3170.765361 2293.186616
3217.857437 2301.652005
3207.512084 2347.281339
3160.278095 2338.440647
3241.000247 2305.812215
3289.139450 2314.465839
3279.015057 2360.664407
3230.725820 2351.626208
3312.799730 2318.719070
3362.021379 2327.567277
3352.130562 2374.349289
3302.750315 2365.106887
3386.216679 2331.916685
3436.557699 2340.966112
3426.913769 2388.346312
3376.405116 2378.892708
3461.306374 2345.414997
3512.805387 2354.672588
3503.422395 2402.666278
3451.746210 2392.994150
3538.126642 2359.224400
3590.824069 2368.697422
3581.716850 2417.320494
3528.832179 2407.422177
3154.952211 2361.422591
3202.257999 2370.455072
3191.766215 2416.730257
3144.317607 2407.312407
3225.507623 2374.894312
3273.872788 2384.129069
3263.603481 2430.988898
3215.087239 2421.359137
3297.645997 2388.668282
3347.106527 2398.112184
3337.072529 2445.571423
3287.452210 2435.722520
3371.421207 2402.754785
3422.014740 2412.415021
3412.229597 2460.488996
3361.467079 2450.413383
3446.889603 2417.164582
3498.655521 2427.048672
3489.133537 2475.753297
3437.188924 2465.443055
3524.110152 2431.908933
3577.089683 2442.024747
3567.845969 2491.376557
3514.677483 2480.823395
