2912 4368
465.882818 2500.766223
1133.838688 2371.047515
577.493261 3022.100018
1265.534698 2829.650240
517.474395 2536.140620
588.512137 2521.862484
603.719753 2588.798502
532.359455 2603.925193
630.970628 2513.328597
699.547140 2499.545153
715.237117 2565.159465
646.365833 2579.758544
740.547241 2491.304392
806.788255 2477.990369
822.918866 2542.333489
756.408607 2556.432085
846.403833 2470.027889
910.426659 2457.159707
926.959543 2520.279332
862.690946 2533.902751
948.726681 2449.461645
1010.640901 2437.017279
1027.540750 2498.958501
965.402367 2512.130365
1047.689826 2429.570680
1107.597923 2417.529532
1124.832215 2478.335017
1064.719862 2491.077411
541.815097 2646.984922
613.379092 2631.313888
628.931037 2699.765464
557.041009 2716.321686
656.143593 2621.949346
725.200891 2606.827225
741.239820 2673.900832
671.885011 2689.873194
766.480496 2597.787846
833.160533 2583.186297
849.643647 2648.935508
782.692277 2664.354361
873.031260 2574.455432
937.454711 2560.348028
954.342701 2624.823391
889.671965 2639.717015
975.987476 2551.910150
1038.266984 2538.272226
1055.523712 2601.521477
993.019031 2615.916260
1075.528022 2530.112829
1135.768856 2516.921331
1153.361065 2578.989605
1092.915410 2592.910195
566.714420 2760.373106
638.810325 2743.248952
654.718428 2813.268150
582.293026 2831.315993
681.883899 2733.018156
751.426430 2716.500478
767.826083 2785.082608
697.983342 2802.486872
792.987912 2706.628833
860.110354 2690.685972
876.957652 2757.887876
809.561849 2774.682383
900.237991 2681.154893
965.064509 2665.757357
982.319172 2731.632610
917.243930 2747.848851
1003.831242 2656.549518
1066.477654 2641.669801
1084.102686 2706.268956
1021.230182 2721.936291
1103.951559 2632.769033
1164.526019 2618.381443
1182.487408 2681.752253
1121.707666 2696.898089
592.191816 2876.393759
664.825264 2857.753187
681.101902 2929.394481
608.135515 2948.999231
708.210943 2846.618731
778.243090 2828.645754
795.015775 2898.787879
724.680766 2917.685626
820.088769 2817.906523
887.656897 2800.565910
904.880587 2869.269187
837.037134 2887.497498
928.043139 2790.201227
993.275041 2773.460180
1010.908450 2840.781414
945.426469 2858.375240
1032.276885 2763.450787
1095.291667 2747.278739
1113.296919 2813.271480
1050.055226 2830.263382
1132.979096 2737.606677
1193.887899 2721.975105
1212.230216 2786.689889
1151.115776 2803.110236
