4368 2912
3053.509944 711.680096
4106.502891 657.596097
2981.918590 1326.998006
4073.991765 1300.574235
3113.275191 764.421979
3206.120469 759.862383
3198.016702 836.458144
3104.761519 840.724550
3272.577310 756.598713
3366.739146 751.974462
3359.353138 829.077036
3264.769192 833.404231
3434.141704 748.664348
3529.648301 743.974055
3523.001472 821.590157
3427.060160 825.979453
3598.016907 740.616500
3694.897278 735.858742
3689.011758 813.995221
3591.683649 818.447962
3764.252851 732.452716
3862.536853 727.626026
3857.435501 806.289869
3758.690309 810.807441
3932.900922 724.170474
4032.619281 719.273344
4028.325720 798.471675
3928.132267 803.055506
3098.479830 897.023293
3192.037251 892.975141
3183.797577 970.855488
3089.823970 974.600218
3259.007748 890.077382
3353.902971 885.971344
3346.392201 964.376295
3251.068290 968.174833
3421.834530 883.032000
3518.096457 878.866826
3511.336540 957.803469
3414.633010 961.656985
3587.009915 875.884998
3684.668285 871.659399
3678.681899 951.134967
3580.568580 955.044660
3754.585086 868.634157
3853.670508 864.346812
3848.481087 944.368682
3748.926924 948.335790
3924.612726 861.277201
4025.156708 856.926745
4020.788475 937.502448
3919.761495 941.528247
3083.436929 1031.843164
3177.717423 1028.324316
3169.338391 1107.521837
3074.635287 1110.726635
3245.209524 1025.805296
3340.849583 1022.235706
3333.210866 1101.976314
3237.135385 1105.227555
3409.318470 1019.680230
3506.347716 1016.058790
3499.471802 1096.349966
3401.993898 1099.648664
3575.814746 1013.466060
3674.263668 1009.791634
3668.173802 1090.641010
3569.262543 1093.988214
3744.750829 1007.160829
3844.650814 1003.432244
3839.371024 1084.847615
3738.994560 1088.244402
3916.180742 1000.762520
4017.564109 996.978572
4013.119240 1078.967893
3911.244771 1082.415373
3068.140221 1168.937737
3163.154970 1165.966748
3154.633017 1246.515143
3059.189083 1249.161043
3231.176813 1163.839793
3327.573423 1160.825595
3319.803459 1241.936283
3222.964537 1244.620855
3396.588161 1158.667592
3494.397001 1155.609236
3487.402077 1237.290111
3389.137358 1240.014208
3564.426533 1153.419503
3663.678867 1150.316010
3657.482814 1232.575128
3557.760575 1235.339630
3734.745741 1148.093840
3835.473759 1144.944205
3830.101221 1227.789796
3728.888792 1230.595609
3907.601197 1142.688872
4009.838057 1139.492058
4005.314518 1222.932528
3902.578245 1225.780586
