2912 4368
462.488587 1786.496451
636.891828 1793.569539
466.881111 1899.683661
645.931922 1898.393081
472.957453 1796.122940
491.870370 1796.818771
492.596164 1812.127245
473.610729 1811.551149
502.025030 1797.192374
520.482465 1797.871447
521.315602 1812.998710
502.789247 1812.436545
530.394035 1798.236106
548.412245 1798.899019
549.347419 1813.849310
531.263693 1813.300576
558.089350 1799.255053
575.683830 1799.902376
576.716018 1814.679786
559.059245 1814.144007
585.134693 1800.250086
602.320215 1800.882363
603.444661 1815.490842
586.199898 1814.967565
611.552679 1801.222038
628.343338 1801.839788
629.555536 1816.283153
612.708527 1815.771946
473.997453 1820.684300
493.025795 1821.189043
493.761135 1836.698855
474.659389 1836.317060
503.241610 1821.460026
521.808735 1821.952535
522.652696 1837.276323
504.015834 1836.903820
531.778429 1822.216989
549.900905 1822.697703
550.848082 1837.839877
532.659337 1837.476330
559.633266 1822.955862
577.326877 1823.425199
578.372155 1838.390012
560.615556 1838.035104
586.830280 1823.677285
604.110071 1824.135646
605.248609 1838.927204
587.908937 1838.580628
613.392501 1824.381870
630.272822 1824.829635
631.500034 1839.451903
614.562775 1839.113370
475.051258 1845.571703
494.196435 1845.880227
494.941510 1861.595374
475.722029 1861.413107
504.474140 1846.045852
523.152257 1846.346849
524.007254 1861.871018
505.258570 1861.693216
533.180753 1846.508458
551.408695 1846.802201
552.368107 1862.139976
534.073130 1861.966477
561.196937 1846.959939
578.990785 1847.246686
580.049404 1862.402491
562.191862 1862.233140
588.547305 1847.400689
605.922383 1847.680688
607.075280 1862.658789
589.639670 1862.493439
615.255312 1847.831088
632.226232 1848.104574
633.468740 1862.909090
616.440283 1862.747602
476.119145 1870.791682
495.382592 1870.898703
496.137597 1886.823291
476.798929 1886.845937
505.722937 1870.956150
524.513369 1871.060542
525.379619 1886.789047
506.517775 1886.811135
534.601358 1871.116588
552.935985 1871.218448
553.907871 1886.755639
535.505430 1886.777189
562.780745 1871.273142
580.675955 1871.372561
581.748171 1886.723036
563.788551 1886.744068
590.286177 1871.425952
607.757578 1871.523016
608.925107 1886.691211
591.392514 1886.711742
617.141546 1871.575150
634.204018 1871.669943
635.462109 1886.660135
618.341493 1886.680184
