4368 2912
1095.803386 1520.010241
1939.263542 1472.581531
1196.630114 2114.144162
2071.721634 2011.269242
1154.810389 1565.252161
1245.365099 1559.726476
1259.802423 1638.420262
1168.750861 1644.713757
1296.518955 1556.605047
1384.518831 1551.235259
1399.697119 1628.750722
1311.231835 1634.865454
1434.239601 1548.201278
1519.791258 1542.980882
1535.663674 1619.352697
1449.676021 1625.296175
1568.138333 1540.030724
1651.342534 1534.953570
1667.865247 1610.214908
1584.252577 1615.994226
1698.372067 1532.083809
1779.324123 1527.144083
1796.456084 1601.326693
1715.121342 1606.948561
1825.089246 1524.351476
1903.879376 1519.543672
1921.582117 1592.677965
1842.433468 1598.148730
1177.100860 1692.309296
1268.449146 1685.551115
1283.207931 1765.997088
1191.354643 1773.556793
1320.043089 1681.734061
1408.786197 1675.168617
1424.297570 1754.385136
1335.081828 1761.727765
1458.919159 1671.459651
1545.166970 1665.078816
1561.382749 1743.102759
1474.692557 1750.237531
1593.900140 1661.473411
1677.756436 1655.269505
1694.631568 1732.136122
1610.361182 1739.071738
1725.147633 1651.763382
1806.710524 1645.729149
1824.202846 1721.472154
1742.252346 1728.216839
1852.814425 1642.318264
1932.176724 1636.446836
1950.246757 1711.098495
1870.521646 1717.660026
1199.893368 1822.228077
1292.048257 1814.183217
1307.139358 1896.440559
1214.471147 1905.322363
1344.089316 1809.640181
1433.587205 1801.827270
1449.442745 1882.801459
1359.464860 1891.425410
1484.138579 1797.414279
1571.092743 1789.823429
1587.663148 1869.553696
1500.260110 1877.930859
1620.217494 1785.534978
1704.734860 1778.156852
1721.973808 1856.680661
1637.036651 1864.821481
1752.492538 1773.987743
1834.674122 1766.813524
1852.538298 1844.166679
1769.964122 1852.081019
1881.121008 1762.758844
1961.062320 1755.780195
1979.511194 1831.996935
1899.202744 1839.694116
1223.205067 1955.106281
1316.179863 1945.717808
1331.614633 2029.848391
1238.118014 2040.111049
1368.675212 1940.416896
1458.939648 1931.302112
1475.150941 2014.093127
1384.399004 2024.054514
1509.915769 1926.154610
1597.586659 1917.301718
1614.523453 1998.794902
1526.397088 2008.468093
1647.108562 1912.301062
1732.296100 1903.698936
1749.910757 1983.934113
1664.297648 1993.331437
1780.425134 1898.838929
1863.233361 1890.477063
1881.481374 1969.492263
1798.275522 1978.625354
1910.027477 1885.751855
1990.554700 1877.620322
2009.394454 1955.451883
1928.495736 1964.331731
