4368 2912
3609.384213 1746.868153
3981.791242 1813.982468
3527.665325 1976.439465
3895.866046 2060.813928
3623.547967 1770.210424
3657.863232 1776.524494
3646.689872 1808.026911
3612.427799 1801.499372
3678.965580 1780.407364
3714.029231 1786.859138
3702.769421 1818.711070
3667.759650 1812.041082
3735.594324 1790.827154
3771.431115 1797.421187
3760.083732 1829.630473
3724.301520 1822.813321
3793.474340 1801.477181
3830.110127 1808.218231
3818.674041 1840.792977
3782.093538 1833.823736
3852.647567 1812.365160
3890.109370 1819.258198
3878.583440 1852.206792
3841.177630 1845.080315
3913.157831 1823.499156
3951.473905 1830.549382
3939.856981 1863.880499
3901.597617 1856.591405
3605.436013 1821.172242
3639.664595 1827.834133
3628.468641 1859.400252
3594.293508 1852.524039
3660.713866 1831.930941
3695.689708 1838.738270
3684.406879 1870.655313
3649.485183 1863.628888
3717.201034 1842.925007
3752.948878 1849.882591
3741.578042 1882.158444
3705.885050 1874.976831
3774.937641 1854.162252
3811.483331 1861.275120
3800.023347 1893.917940
3763.533220 1886.575939
3833.965606 1865.650833
3871.336153 1872.924241
3859.785865 1905.942465
3822.471600 1898.434644
3894.328741 1877.399277
3932.552392 1884.838725
3920.910637 1918.241084
3882.743993 1910.561759
3587.287669 1872.236446
3621.429150 1879.247548
3610.210534 1910.877562
3576.122760 1903.651282
3642.425085 1883.559153
3677.312688 1890.723473
3666.006772 1922.705827
3631.173580 1915.321526
3698.769982 1895.129822
3734.428436 1902.452439
3723.034076 1934.795067
3687.430746 1927.247504
3756.362464 1906.956687
3792.817602 1914.442908
3781.333644 1947.154014
3744.934350 1939.437714
3815.244432 1919.048353
3852.523255 1926.703721
3840.948533 1959.791797
3803.726279 1951.901037
3875.459682 1931.413816
3913.590426 1939.244129
3901.923762 1972.717958
3863.850321 1964.646756
3569.102828 1923.403345
3603.156786 1930.765052
3591.915437 1962.459157
3557.915447 1954.881410
3624.099125 1935.292320
3658.898055 1942.815074
3647.568980 1974.862940
3612.824728 1967.119316
3680.301050 1947.441925
3715.869670 1955.131069
3704.451712 1987.540678
3668.938491 1979.625670
3737.748689 1959.860826
3774.112818 1967.721941
3762.604811 2000.501550
3726.296808 1992.409403
3796.483920 1972.558076
3833.670550 1980.596998
3822.071314 2013.755146
3784.941545 2005.479849
3856.550525 1985.543139
3894.587880 1993.765969
3882.896225 2027.311498
3844.916472 2018.846761
