2912 4368
2296.843607 3030.752770
2712.356239 3108.759364
2216.242116 3317.448583
2633.426696 3424.235936
2315.648020 3063.188144
2349.751250 3069.784960
2340.050149 3104.891401
2305.935293 3098.012956
2376.261895 3074.913091
2411.295378 3081.689851
2401.618523 3117.305192
2366.570723 3110.238642
2438.534130 3086.958825
2474.536455 3093.922995
2464.888889 3130.062149
2428.869346 3122.799669
2502.533725 3099.338695
2539.545644 3106.498157
2529.932813 3143.176701
2492.900544 3135.710030
2568.333565 3112.066797
2606.398149 3119.429883
2596.825927 3156.664099
2558.737613 3148.984501
2636.010692 3125.158035
2675.173497 3132.733558
2665.648226 3170.540470
2626.458042 3162.638706
2298.240687 3125.601828
2332.364494 3132.704328
2322.575847 3168.127582
2288.440976 3160.738523
2358.892731 3138.225893
2393.951607 3145.523017
2384.186227 3181.464168
2349.113587 3173.872114
2421.211787 3151.196927
2457.244700 3158.696787
2447.507652 3195.171138
2411.458061 3187.367607
2485.267540 3164.529437
2522.315653 3172.240599
2512.612404 3209.264139
2475.544466 3201.240171
2551.133610 3178.238744
2589.240440 3186.170267
2579.576895 3223.759712
2541.446843 3215.505830
2618.887843 3192.341052
2658.099431 3200.502518
2648.481966 3238.675355
2609.243488 3230.181537
2280.677306 3188.575028
2314.820677 3196.192066
2304.943295 3231.936439
2270.789434 3224.027814
2341.365740 3202.113999
2376.449014 3209.940721
2366.593890 3246.212172
2331.497419 3238.085278
2403.729869 3216.026802
2439.792397 3224.071984
2429.964615 3260.886217
2393.885966 3252.531891
2467.840068 3230.329133
2504.923429 3238.602053
2495.128480 3275.975479
2458.025838 3267.384038
2533.770706 3245.037588
2571.918867 3253.548053
2562.162687 3291.497835
2523.991830 3282.659040
2601.600441 3260.169711
2640.859931 3268.928102
2631.148929 3307.472202
2591.863053 3298.375214
2262.955765 3252.115302
2297.117664 3260.255912
2287.150333 3296.325789
2252.978541 3287.888463
2323.678758 3266.585289
2358.785407 3274.951028
2348.839296 3311.557355
2313.720036 3302.886091
2386.086159 3281.456662
2422.177298 3290.057001
2412.257509 3327.215889
2376.150823 3318.300820
2450.249040 3296.746358
2487.366669 3305.591303
2477.478716 3343.319598
2440.342367 3334.150296
2516.242529 3312.472278
2554.431072 3321.572417
2544.580915 3359.887742
2506.370222 3350.453174
2584.146101 3328.653361
2623.452582 3338.019900
2613.646671 3376.940705
2574.314329 3367.229192
