4368 2912
672.001707 1420.543316
1185.915269 1388.743473
681.087312 1762.939199
1216.289048 1705.106390
704.561235 1447.274238
757.699857 1443.789373
759.430011 1488.358003
705.987043 1492.185364
789.659429 1441.693445
841.596610 1438.287371
843.798028 1482.315918
791.570439 1486.056240
872.837655 1436.238565
923.613686 1432.908640
926.264874 1476.409988
875.211670 1480.066205
954.160169 1430.905382
1003.813557 1427.649082
1006.894094 1470.635661
956.976106 1474.210578
1033.688383 1425.689872
1082.255954 1422.504779
1085.746433 1464.988587
1036.926212 1468.484886
1111.481036 1420.588180
1158.998020 1417.471986
1162.879989 1459.464604
1115.121718 1462.884851
706.891345 1520.669718
760.527263 1516.623170
762.291154 1562.060875
708.345160 1566.462994
792.782341 1514.189693
845.194002 1510.235509
847.437853 1555.112704
794.730452 1559.413752
876.717030 1507.857262
927.945877 1503.992314
930.647585 1548.322595
879.136604 1552.526012
958.761498 1501.667437
1008.847125 1497.888739
1011.985701 1541.685214
961.630863 1545.794286
1038.978885 1495.615456
1087.959136 1491.920153
1091.514645 1535.195465
1042.277458 1539.213335
1117.429551 1489.696765
1165.340621 1486.082126
1169.294117 1528.848477
1121.137778 1532.778147
709.267312 1595.509601
763.409908 1590.879902
765.208533 1637.212354
710.749966 1642.211276
795.965996 1588.096052
848.860864 1583.573047
851.148385 1629.323667
797.952299 1634.206702
880.670993 1580.852983
932.360773 1576.433024
935.114457 1621.616159
883.137453 1626.387291
963.450291 1573.774580
1013.975702 1569.454186
1017.173973 1614.083661
966.374620 1618.746692
1044.368821 1566.855289
1093.768766 1562.631133
1097.391140 1606.720277
1047.729864 1611.278840
1123.488627 1560.089807
1171.800297 1555.958707
1175.827315 1599.520376
1127.266294 1603.977943
711.690502 1671.836946
766.349426 1666.601682
768.183821 1713.855572
713.202861 1719.474321
799.212184 1663.454068
852.599227 1658.340626
854.931707 1704.990419
801.237813 1710.477637
884.701718 1655.265830
936.860764 1650.270006
939.667940 1696.330846
887.216439 1701.691099
968.229068 1647.265531
1019.202004 1642.383314
1022.461689 1687.869784
971.209954 1693.107427
1049.861022 1639.446775
1099.687852 1634.674332
1103.378995 1679.600484
1053.286326 1684.719676
1129.661372 1631.803451
1178.380320 1627.137121
1182.482931 1671.516500
1133.510451 1676.521216
