4368 2912
3382.330152 1509.228108
4092.256427 1539.010070
3317.439487 1924.344427
4061.843175 1982.546867
3421.171233 1549.160114
3482.600750 1551.921986
3475.346953 1602.885677
3413.572806 1599.836244
3527.514244 1553.941298
3590.079111 1556.754217
3583.438109 1608.221514
3520.515003 1605.115363
3635.826553 1558.811023
3699.558540 1561.676415
3693.554597 1613.657329
3629.450178 1610.492864
3746.163376 1563.771770
3811.095447 1566.691118
3805.753878 1619.195961
3740.434563 1615.971523
3858.582009 1568.826114
3924.748383 1571.800956
3920.095609 1624.840353
3853.526530 1621.554221
3973.141930 1573.976732
4040.578140 1577.008666
4036.641747 1630.593563
3968.786692 1627.243950
3407.845023 1638.036499
3469.878641 1641.304925
3462.463925 1693.399196
3400.078940 1689.830787
3515.238365 1643.694838
3578.431247 1647.024344
3571.641535 1699.644134
3508.083244 1696.008611
3624.642617 1649.459127
3689.027565 1652.851441
3682.887900 1706.007404
3618.122889 1702.302858
3736.114791 1655.332373
3801.725858 1658.789288
3796.262383 1712.492403
3730.255956 1708.716848
3849.714079 1661.317691
3916.586626 1664.841071
3911.826638 1719.102656
3844.542758 1715.254030
3965.501952 1667.418322
4033.672713 1671.010102
4029.644726 1725.841828
3961.045946 1721.917991
3394.224075 1728.878592
3456.873627 1732.675487
3449.292579 1785.938380
3386.284722 1781.828459
3502.688431 1735.452106
3566.521925 1739.320752
3559.578451 1793.132184
3495.372162 1788.944091
3613.206637 1742.150092
3678.257952 1746.092545
3671.977911 1800.463855
3606.538670 1796.195338
3725.837585 1748.976122
3792.141908 1752.994514
3786.552305 1807.937394
3719.844253 1803.586114
3840.642443 1755.933903
3908.236330 1760.030448
3903.365378 1815.556959
3835.351252 1811.120486
3957.684764 1763.027285
4026.606204 1767.204288
4022.483390 1823.326872
3953.124453 1818.802679
3380.298498 1821.752341
3443.576167 1826.100714
3435.823126 1880.572000
3372.180012 1875.896894
3489.855160 1829.280958
3554.342241 1833.712441
3547.239723 1888.756459
3482.372237 1883.991412
3601.509997 1836.953759
3667.241497 1841.470759
3660.816209 1897.099579
3594.688676 1892.241971
3715.323866 1844.774928
3782.336155 1849.379941
3776.616007 1905.606019
3709.191350 1900.653128
3831.360001 1852.748808
3899.690884 1857.444434
3894.705043 1914.280623
3825.944721 1909.229615
3949.684130 1860.879916
4019.372911 1865.668855
4015.151881 1923.128426
3945.015806 1917.976358
