2912 4368
1855.201499 3411.222460
2625.897383 3488.064769
1832.510528 3961.051998
2629.697490 4070.271426
1898.016328 3462.391984
1969.816018 3469.762581
1967.373820 3542.916963
1895.264596 3535.162310
2014.715534 3474.371741
2087.642801 3481.858090
2085.715278 3555.643450
2012.468477 3547.766460
2133.250218 3486.539920
2207.331835 3494.144769
2205.935663 3568.571996
2131.524151 3560.569753
2253.664026 3498.901000
2328.927619 3506.627185
2328.080081 3581.707454
2252.475855 3573.576946
2376.002001 3511.459606
2452.476084 3519.310054
2452.195093 3595.054830
2375.369247 3586.792949
2500.310634 3524.220510
2578.024648 3532.198243
2578.328777 3608.619295
2500.251458 3600.222829
1893.489443 3582.106730
1965.798294 3590.110807
1963.319753 3664.353807
1890.696960 3655.954715
2011.018808 3595.116398
2084.471709 3603.247113
2082.515274 3678.139205
2008.738210 3669.606617
2130.410529 3608.332215
2205.034850 3616.592599
2203.617569 3692.145128
2128.658493 3683.475836
2251.709227 3621.759121
2327.533215 3630.152300
2326.672759 3706.376910
2250.503036 3697.567603
2374.960958 3635.402215
2452.013776 3643.931416
2451.728468 3720.840061
2374.318530 3711.887318
2500.213273 3649.266759
2578.525037 3657.935317
2578.833879 3735.540266
2500.153187 3726.440556
1888.895421 3703.596918
1961.720693 3712.252567
1959.204994 3787.608666
1886.061276 3778.546681
2007.266822 3717.665952
2081.252983 3726.459578
2079.266982 3802.483491
2004.951927 3793.276385
2127.528054 3731.959602
2202.703085 3740.894531
2201.264212 3817.598077
2125.749458 3808.242338
2249.724738 3746.483290
2326.117527 3755.562955
2325.243855 3832.958272
2248.500114 3823.450269
2373.903975 3761.242614
2451.544353 3770.470561
2451.254628 3848.570108
2373.251650 3838.906096
2500.114411 3776.243357
2579.033192 3785.623249
2579.346854 3864.439821
2500.053391 3854.615927
1884.232758 3826.902342
1957.581869 3836.228255
1955.028167 3912.722675
1881.356012 3902.978722
2003.458330 3842.061180
2077.985541 3851.536881
2075.969297 3928.718467
2001.108359 3918.817286
2124.601817 3857.463870
2200.335743 3867.092998
2198.874780 3944.974067
2122.796053 3934.911820
2247.709874 3873.116344
2324.680062 3882.902656
2323.792869 3961.495857
2246.466392 3951.268581
2372.830683 3889.024727
2451.067651 3898.972103
2450.773404 3978.290427
2372.168229 3967.894029
2500.014009 3905.195348
2579.549291 3915.307796
2579.867889 3995.364591
2499.952034 3984.794841
