4368 2912
2943.819063 1957.714964
3949.673236 1930.449618
2970.701134 2517.383192
4207.366446 2495.355970
3013.862452 2004.925390
3102.717399 2002.586506
3109.467468 2062.240992
3018.504703 2064.544376
3171.049733 2000.787828
3260.373363 1998.436608
3270.879078 2058.153684
3179.425130 2060.469505
3329.066606 1996.628431
3418.862639 1994.264775
3433.164131 2054.044257
3341.215010 2056.372618
3487.919659 1992.447023
3578.191851 1990.070834
3596.329735 2049.912534
3503.881408 2052.253535
3647.615543 1988.243429
3738.367693 1985.854606
3760.383076 2045.758331
3667.431468 2048.112077
3808.160987 1984.017473
3899.396932 1981.615915
3925.331419 2041.581464
3831.872409 2043.948059
3022.323576 2113.588980
3115.020660 2111.317941
3122.372514 2176.290756
3027.379032 2178.514614
3186.315796 2109.571241
3279.522972 2107.287705
3290.967959 2172.343830
3195.438799 2174.580228
3351.210969 2105.531380
3444.932457 2103.235244
3460.516231 2168.374596
3364.446852 2170.623642
3517.016572 2101.469213
3611.256642 2099.160373
3631.025432 2164.382867
3534.411239 2166.644667
3683.740168 2097.384557
3778.503135 2095.062905
3802.503756 2160.368450
3705.340098 2162.643114
3851.389399 2093.277223
3946.679628 2090.942653
3974.959485 2156.331152
3877.241665 2158.618788
3031.545533 2232.023706
3128.432037 2229.842468
3136.469894 2300.877914
3037.071923 2302.997409
3202.958539 2228.164630
3300.402281 2225.970848
3312.918381 2297.115445
3212.933909 2299.247447
3375.358034 2224.283345
3473.363836 2222.076908
3490.410418 2293.330725
3389.834240 2295.475343
3548.752561 2220.379658
3647.325299 2218.160458
3668.955291 2289.523554
3567.782138 2291.680902
3723.150758 2216.453375
3822.295365 2214.221301
3848.562395 2285.693733
3746.786936 2287.863925
3898.561364 2212.504300
3998.282832 2210.259239
4029.241238 2281.841060
3926.858079 2284.024210
3041.635775 2361.609556
3143.108297 2359.545528
3151.932858 2437.533566
3047.702109 2439.517593
3221.172973 2357.957633
3323.256730 2355.881172
3337.001668 2434.010791
3232.126004 2436.007094
3401.792351 2354.283699
3504.492884 2352.194692
3523.218353 2430.466166
3417.691768 2432.474859
3583.503724 2350.587551
3686.826639 2348.485885
3710.593624 2426.899487
3604.410041 2428.920686
3766.317024 2346.868990
3870.267997 2344.754548
3899.138329 2423.310548
3792.291592 2425.344370
3950.242307 2343.127811
4054.827081 2341.000476
4088.863448 2419.699139
3981.347326 2421.745704
