4368 2912
2835.988940 936.257120
3519.327180 942.977181
2764.174753 1322.596045
3495.689133 1345.168217
2870.256256 969.174415
2934.454789 969.912698
2926.256252 1019.645963
2861.501617 1018.728381
2975.042880 970.379462
3039.967858 971.126100
3032.692140 1021.154172
2967.198027 1020.226112
3081.016528 971.598160
3146.680350 972.353294
3140.349125 1022.679684
3074.102794 1021.740965
3188.197486 972.830742
3254.612836 973.594518
3249.248341 1024.222799
3182.236760 1023.273236
3296.606502 974.077446
3363.786358 974.850015
3359.411415 1025.783823
3291.621246 1024.823227
3406.264806 975.338518
3474.222442 976.120031
3470.860477 1027.363069
3402.278071 1026.391248
2855.736944 1051.358211
2920.857476 1052.395560
2912.407407 1103.654648
2846.714659 1102.427129
2962.031983 1053.051457
3027.900635 1054.100724
3020.400401 1105.672580
2953.945910 1104.430827
3069.549525 1054.764178
3136.179264 1055.825568
3129.651526 1107.714020
3062.421966 1106.457785
3178.310784 1056.496710
3245.714877 1057.570435
3240.182896 1109.779383
3172.164627 1108.508410
3288.337465 1058.249399
3356.529489 1059.335677
3352.017149 1111.869092
3283.196209 1110.583120
3399.651781 1060.022601
3468.645635 1061.121652
3465.177457 1113.983578
3395.539554 1112.682341
2840.772396 1136.062179
2906.841717 1137.416762
2898.128360 1190.272985
2831.470003 1188.716599
2948.619789 1138.273314
3015.459890 1139.643700
3007.724585 1192.831917
2940.281198 1191.257200
3057.726779 1140.510274
3125.351228 1141.896740
3118.617683 1195.421127
3050.375317 1193.827756
3168.115563 1142.773512
3236.538247 1144.176344
3230.830814 1198.041158
3161.775185 1196.428799
3279.808863 1145.063497
3349.044000 1146.482986
3344.387686 1200.692565
3274.504170 1199.060876
3392.829940 1147.380705
3462.892087 1148.817150
3459.312582 1203.375913
3388.586201 1201.724543
2825.341813 1223.404048
2892.387896 1225.095307
2883.398750 1279.624493
2815.746062 1277.718968
2934.787441 1226.164850
3002.628007 1227.876150
2994.646404 1282.757926
2926.184315 1280.829604
3045.531472 1228.958403
3114.180730 1230.690104
3107.231492 1285.929030
3037.945391 1283.977498
3157.597153 1231.785296
3227.069648 1233.537763
3221.178280 1289.138488
3151.053200 1287.163325
3271.008281 1234.646129
3341.318912 1236.419737
3336.511623 1292.387000
3265.532232 1290.387774
3385.789235 1237.541516
3456.953261 1239.336651
3453.256982 1295.675283
3381.407574 1293.651552
