4368 2912
557.153897 1882.467121
1194.752840 1981.027362
333.768444 2461.163784
955.452290 2624.170955
580.040578 1956.815634
622.079941 1963.737452
599.896856 2021.500988
557.966994 2014.152015
670.570813 1971.721516
713.945919 1978.863265
691.526148 2037.560693
648.262351 2029.977923
763.989864 1987.103045
808.765403 1994.475376
786.105074 2054.137374
741.442659 2046.309471
860.438249 2002.983356
906.683153 2010.597619
883.778391 2071.256404
837.648423 2063.171286
960.065743 2019.387110
1007.853549 2027.255414
984.700487 2088.944842
937.029427 2080.589619
1063.032167 2036.340622
1112.441397 2044.475895
1089.036191 2107.231577
1039.745502 2098.592484
532.253302 2080.943619
574.055109 2088.791485
551.753736 2146.863040
510.062869 2138.583517
622.273970 2097.844088
665.407578 2105.941985
642.866356 2164.957385
599.845553 2156.413747
715.175026 2115.285319
759.705110 2123.645392
736.920045 2183.635807
692.504637 2174.815211
811.096964 2133.293692
857.092457 2141.928879
834.059542 2202.927051
788.180602 2193.815805
910.189564 2151.897323
957.724012 2160.821434
934.439245 2222.861776
887.023224 2213.445276
1012.612677 2171.126225
1061.764629 2180.354005
1038.224024 2243.472726
989.192363 2233.735372
484.212878 2205.729158
525.774006 2214.512834
503.353396 2272.894877
461.904665 2263.674990
573.717240 2224.645327
616.606106 2233.709613
593.942442 2293.045575
551.167898 2283.530772
666.093300 2244.168411
710.374559 2253.526970
687.463723 2313.848523
643.298716 2304.024424
761.481515 2264.328094
807.224091 2273.995493
784.061946 2335.335907
738.437560 2325.187183
860.031657 2285.156030
907.309099 2295.147813
883.891502 2357.542071
836.734188 2347.052362
961.903589 2306.686006
1010.794469 2317.018778
987.117288 2380.503696
938.348471 2369.655521
435.917289 2331.177490
477.234575 2340.906855
454.693768 2399.601883
413.490358 2389.431695
524.898521 2352.130728
567.539357 2362.171762
544.752253 2421.830908
502.227272 2411.334519
616.742492 2373.758082
660.771508 2384.126005
637.733858 2444.781444
593.822690 2433.942905
711.589611 2396.092617
757.075718 2406.803653
733.783249 2468.489198
688.416993 2457.291501
809.589624 2419.169592
856.606368 2430.241062
833.054799 2492.992274
786.159912 2481.417266
910.902402 2443.026654
959.528362 2454.477061
935.713414 2518.331374
887.211311 2506.359659
