4368 2912
3833.652040 2009.254043
4070.138886 2005.352086
3848.341840 2151.963497
4092.164919 2143.779280
3848.519874 2020.861670
3872.855023 2020.427281
3875.009170 2039.533888
3850.571276 2040.025572
3886.563002 2020.182591
3910.680154 2019.752093
3912.992752 2038.769669
3888.774748 2039.256929
3924.265611 2019.509590
3948.167683 2019.082932
3950.635817 2038.012301
3926.634748 2038.495196
3961.632253 2018.842586
3985.322109 2018.419716
3987.942923 2037.261692
3964.155887 2037.740281
3998.667397 2018.181499
4022.147851 2017.762367
4024.918547 2036.517753
4001.342694 2036.992093
4035.375437 2017.526252
4058.649253 2017.110808
4061.567089 2035.780395
4038.199618 2036.250542
3851.833876 2051.820594
3876.334979 2051.293401
3878.520389 2070.677296
3853.915137 2071.263428
3890.135992 2050.996444
3914.416037 2050.474008
3916.762045 2069.766326
3892.379783 2070.347146
3928.092812 2050.179723
3952.154778 2049.661980
3954.658407 2068.863581
3930.496119 2069.439161
3965.708986 2049.370333
3989.555796 2048.857219
3992.214132 2067.968950
3968.268854 2068.539361
4002.989077 2048.568174
4026.623606 2048.059627
4029.433792 2067.082326
4005.702613 2067.647636
4039.937571 2047.773149
4063.362640 2047.269110
4066.321877 2066.203599
4042.801938 2066.763878
3855.196181 2083.230753
3879.865510 2082.608092
3882.082867 2102.275354
3857.307957 2102.958654
3893.760822 2082.257370
3918.205966 2081.640366
3920.586112 2101.213424
3896.037360 2101.890486
3931.975290 2081.292824
3956.199291 2080.681403
3958.739187 2100.161151
3934.413511 2100.832060
3969.844332 2080.336998
3993.850179 2079.731083
3996.546848 2099.118405
3972.441221 2099.783245
4007.372613 2079.389772
4031.163238 2078.789289
4034.013764 2098.085056
4010.125214 2098.743909
4044.564710 2078.451032
4068.142995 2077.855908
4071.144521 2097.060979
4047.470128 2097.713926
3858.607853 2115.102086
3883.447724 2114.381203
3885.697735 2134.338093
3860.750820 2135.121369
3897.438628 2113.975169
3922.051122 2113.260884
3924.466157 2133.120854
3899.748636 2133.896927
3935.914249 2112.858559
3960.302473 2112.150783
3962.879429 2131.914766
3938.388152 2132.683735
3974.039567 2111.752116
3998.206572 2111.050759
4000.942409 2130.719676
3976.674284 2131.481639
4011.819343 2110.655700
4035.768126 2109.960677
4038.659866 2129.535435
4014.611858 2130.290487
4049.258254 2109.569176
4072.991757 2108.880401
4076.036485 2128.361895
4052.205612 2129.110129
