4368 2912
3479.125609 1602.623480
3851.529874 1614.705857
3472.371733 1834.068239
3862.887924 1849.300013
3497.650296 1620.227401
3537.071733 1621.525294
3536.552043 1654.971664
3496.863123 1653.628176
3556.264967 1622.157204
3595.814720 1623.459322
3595.694710 1656.973669
3555.875721 1655.625778
3615.070479 1624.093290
3654.749178 1625.399653
3655.031467 1658.982244
3615.081767 1657.629929
3674.067767 1626.035690
3713.876044 1627.346319
3714.563270 1660.997421
3674.482216 1659.640660
3733.257772 1627.984435
3773.196260 1629.299352
3774.291084 1663.019234
3734.078026 1661.658005
3792.641438 1629.939556
3832.710779 1631.258781
3834.215876 1665.047715
3793.870163 1663.681994
3496.462059 1670.645782
3536.287259 1672.012692
3535.756797 1706.152337
3495.658586 1704.738119
3555.677397 1672.678213
3595.633564 1674.049616
3595.511062 1708.259802
3555.280079 1706.840900
3615.087519 1674.717329
3655.175300 1676.093250
3655.463460 1710.374253
3615.099043 1708.950646
3674.693388 1676.763164
3714.913433 1678.143625
3715.614976 1712.495729
3675.116461 1711.067392
3734.495972 1678.815750
3774.848937 1680.200773
3775.966605 1714.624260
3735.333322 1713.191171
3794.496246 1680.875122
3834.982792 1682.264730
3836.519348 1716.759886
3795.750623 1715.322020
3495.249176 1722.109905
3535.486496 1723.548428
3534.944923 1758.403133
3494.428893 1756.915506
3555.077620 1724.248831
3595.448640 1725.692134
3595.323567 1760.620054
3554.671976 1759.127450
3615.104914 1726.394865
3655.610298 1727.842971
3655.904514 1762.844404
3615.116679 1761.346797
3675.332048 1728.548044
3715.972470 1730.000978
3716.688781 1765.076219
3675.764018 1763.573585
3735.760025 1730.708402
3776.536160 1732.166189
3777.677395 1767.315536
3736.615011 1765.807849
3796.389847 1732.875978
3837.302378 1734.338640
3838.871388 1769.562395
3797.670689 1768.049629
3494.010873 1774.652644
3534.668931 1776.165502
3534.115895 1811.757966
3493.173246 1810.194130
3554.465253 1776.902108
3595.259828 1778.420045
3595.132104 1814.088528
3554.051017 1812.519403
3615.122675 1779.159127
3656.054455 1780.682170
3656.354920 1816.426981
3615.134689 1814.852542
3675.984163 1781.423739
3717.053842 1782.951913
3717.785391 1818.773366
3676.425312 1817.193585
3737.050749 1783.695984
3778.259024 1785.229314
3779.424580 1821.127723
3737.923935 1819.542574
3798.323471 1785.975897
3839.671044 1787.514411
3841.273548 1823.490093
3799.631624 1821.899547
