2912 4368
1692.208907 3373.981816
2118.325229 3462.728285
1663.398199 3657.819223
2075.352385 3768.138680
1715.669603 3406.098545
1751.938633 3413.830237
1747.948301 3450.905383
1711.828478 3442.928478
1778.044848 3419.395460
1815.244198 3427.325475
1810.989203 3464.827691
1773.946026 3456.646867
1842.024367 3433.034369
1880.190294 3441.170435
1875.658190 3479.109554
1837.655793 3470.716890
1907.670857 3447.028636
1946.841530 3455.378890
1942.019158 3493.765083
1903.019796 3485.152245
1975.050327 3461.392333
2015.265952 3469.965346
2010.139389 3508.809138
1970.103309 3499.967345
2044.232317 3476.140284
2085.535272 3484.945090
2080.089782 3524.257377
2038.975089 3515.177377
1709.033752 3469.725197
1745.045139 3477.879375
1741.100573 3514.529293
1705.236363 3506.135780
1770.964020 3483.748273
1807.893714 3492.110386
1803.688139 3529.177032
1766.912454 3520.570200
1834.477775 3498.129903
1872.361355 3506.708007
1867.882564 3544.200834
1830.160209 3535.372447
1899.636535 3512.884017
1938.511441 3521.686591
1933.746534 3559.615369
1895.040479 3550.556761
1966.505045 3528.025277
2006.410706 3537.061248
2001.346036 3575.436081
1961.617298 3566.138128
2035.151497 3543.569120
2076.129458 3552.847896
2070.750587 3591.679238
2029.958088 3582.132328
1702.473369 3532.628254
1738.230613 3541.194796
1734.331031 3577.426762
1698.718972 3568.626608
1763.964731 3547.360047
1800.628498 3556.143770
1796.471487 3592.782391
1759.959608 3583.759881
1827.019189 3562.466320
1864.624396 3571.475588
1860.197984 3608.529948
1822.751742 3599.276546
1891.697111 3577.961534
1930.280490 3587.205147
1925.572026 3624.684633
1887.155092 3615.191362
1958.062015 3593.860906
1997.662234 3603.348128
1992.658343 3641.262442
1953.232477 3631.519852
2026.180773 3610.180458
2066.838566 3619.921048
2061.525100 3658.280217
2021.050028 3648.278357
1695.987171 3594.819990
1731.493706 3603.789038
1727.638342 3639.610160
1692.275041 3630.413077
1757.045578 3610.243511
1793.447076 3619.438628
1789.337793 3655.656595
1753.086104 3646.228466
1819.647078 3626.056820
1856.977808 3635.486664
1852.602860 3672.110206
1815.428882 3662.442214
1883.850916 3642.274885
1922.146920 3651.948560
1917.493901 3688.986693
1879.361985 3679.069565
1949.719411 3658.913447
1989.018616 3668.840533
1984.074417 3706.302568
1944.947051 3696.126549
2017.318152 3675.989074
2057.660502 3686.179661
2052.411256 3724.075217
2012.248944 3713.630036
