4368 2912
3594.553969 2098.994399
4090.930768 2178.991116
3516.076817 2405.940888
4024.206210 2524.859583
3615.727451 2129.487762
3659.975968 2136.867612
3649.870604 2178.010287
3605.501872 2170.192373
3687.871321 2141.520052
3733.553421 2149.138997
3723.657484 2191.011774
3677.843956 2182.939283
3762.359905 2153.943396
3809.546401 2161.813247
3799.879263 2204.442299
3752.549204 2196.102589
3839.309397 2166.777176
3888.075845 2174.910535
3878.658490 2218.323454
3829.735331 2209.703034
3918.843796 2180.042071
3969.270901 2188.452398
3960.126074 2232.678306
3909.528004 2223.762762
4001.095577 2193.760176
4053.269632 2202.461862
4044.422015 2247.531523
3992.061527 2238.305436
3598.900216 2196.471360
3643.346039 2204.574210
3633.073452 2246.397713
3588.507094 2237.842912
3671.369426 2209.683110
3717.267286 2218.050678
3707.204906 2260.627727
3661.175096 2251.792006
3746.213717 2223.327858
3793.635955 2231.973334
3783.803513 2275.331326
3736.236964 2266.200619
3823.551798 2237.427245
3872.575636 2246.364706
3862.994518 2290.532552
3813.812968 2281.091835
3903.510419 2252.004379
3954.218386 2261.248870
3944.911794 2306.257104
3894.031574 2296.490317
3986.225067 2267.083960
4038.705461 2276.651580
4029.698590 2322.532479
3977.030149 2312.422432
3581.796826 2264.554246
3626.440469 2273.403039
3615.996474 2315.924413
3571.232006 2306.609267
3654.592308 2278.983000
3700.706777 2288.123325
3690.473719 2331.422562
3644.226810 2321.798931
3729.793791 2293.888646
3777.452988 2303.335150
3767.450964 2347.440941
3719.646735 2337.493244
3807.522562 2309.295225
3856.805425 2319.063555
3847.056235 2364.006194
3797.614676 2353.717781
3887.908200 2325.228419
3938.899139 2335.335306
3929.426451 2381.146810
3878.261981 2370.499872
3971.089295 2341.715700
4023.878676 2352.179055
4014.708211 2398.893296
3961.729173 2387.868761
3564.410423 2333.763708
3609.252350 2343.382236
3598.632618 2386.619094
3553.669616 2376.519274
3637.533027 2349.448402
3683.864900 2359.386523
3673.456786 2403.426481
3626.992012 2392.989326
3713.093106 2365.655931
3760.990438 2375.929841
3750.814408 2420.802946
3702.771347 2410.011267
3791.214601 2382.412881
3840.758095 2393.039889
3830.836372 2438.777888
3781.133220 2427.613312
3872.030003 2399.747669
3923.306007 2410.746298
3913.662736 2457.382769
3862.211937 2445.825628
3955.681100 2417.690710
4008.782106 2429.080801
3999.443550 2476.651295
3946.151283 2464.680513
