4368 2912
360.091616 1219.529313
758.510034 1212.338418
367.058853 1464.315907
775.644641 1431.265022
384.196457 1239.069527
428.448983 1238.050310
429.687803 1270.957939
385.268583 1272.357658
452.085899 1237.505908
494.830896 1236.521412
496.312102 1268.858502
453.412081 1270.210349
517.669401 1235.995399
558.982611 1235.043880
560.689321 1266.829874
519.231872 1268.136264
581.062487 1234.535340
621.014664 1233.615168
622.931259 1264.868532
582.844824 1266.131719
642.373090 1233.123244
681.030402 1232.232895
683.142417 1262.971184
644.360093 1264.193276
701.702169 1231.756786
739.126560 1230.894834
741.420589 1261.134747
703.879756 1262.317718
385.903202 1292.061772
430.421039 1290.435395
431.675880 1323.768609
386.989353 1325.785370
454.196994 1289.566785
497.188706 1287.996163
498.688737 1320.744232
455.540222 1322.691580
520.156536 1287.157076
561.699275 1285.639390
563.427307 1317.822496
521.738745 1319.703955
583.899492 1284.828346
624.065297 1283.360963
626.005436 1314.998263
585.703964 1316.817121
645.535749 1282.576580
684.391960 1281.157041
686.529495 1312.266734
647.547018 1314.026064
705.168049 1280.398025
742.777687 1279.024027
745.098986 1309.623416
707.371795 1311.326093
387.632302 1345.748093
432.418630 1343.498779
433.689805 1377.265887
388.732755 1379.915761
456.335256 1342.297608
499.576517 1340.125892
501.095735 1373.292825
457.695860 1375.850914
522.675127 1338.965805
564.449918 1336.867740
566.199675 1369.455447
524.277450 1371.926440
586.771771 1335.746664
627.153448 1333.718566
629.117568 1365.746919
588.598792 1368.135190
648.737076 1332.634566
687.794182 1330.672992
689.957701 1362.160860
650.773059 1364.470494
708.675611 1329.624258
746.472264 1327.725988
748.821323 1358.691301
710.905992 1360.926119
389.384198 1400.142218
434.442254 1397.253720
435.730084 1431.463251
390.499238 1434.762784
458.501213 1395.711393
501.994907 1392.923181
503.533681 1426.517065
459.879533 1429.701580
525.225773 1391.433940
567.235182 1388.740879
569.007076 1421.740864
526.848597 1424.816272
589.679985 1387.302029
630.279814 1384.699331
632.268363 1417.126034
591.529982 1420.097847
651.977786 1383.308358
691.237808 1380.791550
693.427788 1412.664532
654.038941 1415.537898
712.225613 1379.446103
750.211073 1377.011002
752.588391 1408.348841
714.483114 1411.128573
