4368 2912
3496.304959 884.917150
3937.305962 892.162554
3480.927820 1136.699209
3935.714176 1148.251562
3518.840423 904.866281
3563.868330 905.636475
3562.028998 941.283412
3516.808345 940.453538
3587.715776 906.044381
3632.961200 906.818297
3631.418831 942.556828
3585.978776 941.722929
3656.923987 907.228176
3702.388509 908.005839
3701.146008 943.836437
3655.484951 942.998482
3726.467474 908.417705
3772.152689 909.199143
3771.212995 945.122281
3725.329319 944.280240
3796.348681 909.613011
3842.256199 910.398252
3841.622282 946.414408
3795.514354 945.568251
3866.570071 910.814136
3912.701520 911.603206
3912.376384 947.712862
3866.042556 946.862560
3515.689109 960.054443
3561.015912 960.917395
3559.151616 997.048183
3513.629494 996.123973
3585.022049 961.374435
3630.569296 962.241583
3629.005940 998.466396
3583.261453 997.537671
3654.692327 962.700848
3700.461629 963.572224
3699.202180 999.891551
3653.233694 998.958279
3724.702409 964.033731
3770.695395 964.909366
3769.742852 1001.323699
3723.548716 1000.385844
3795.054791 965.373131
3841.273104 966.253056
3840.630498 1002.762891
3794.209048 1001.820421
3865.751986 966.719096
3912.197286 967.603342
3911.867682 1004.209179
3865.217235 1003.262061
3512.495039 1015.991408
3558.124732 1016.949574
3556.234957 1053.574132
3510.407322 1052.553080
3582.291684 1017.457050
3628.144806 1018.419906
3626.560033 1055.140993
3580.507007 1054.114920
3652.430238 1018.929870
3698.508434 1019.897454
3697.231689 1056.715576
3650.951606 1055.684444
3722.913220 1020.409923
3769.218151 1021.382268
3768.252494 1058.297938
3721.743669 1057.261709
3793.743172 1021.897263
3840.276516 1022.874404
3839.625041 1059.888136
3792.885775 1058.846774
3864.922665 1023.391941
3911.686115 1024.373915
3911.351951 1061.486231
3864.380527 1060.439695
3509.257335 1072.692519
3555.193992 1073.748430
3553.278213 1110.876951
3507.140936 1109.756476
3579.523928 1074.307684
3625.687061 1075.368802
3624.080427 1112.596430
3577.714672 1111.470406
3650.137096 1075.930816
3696.528382 1076.997178
3695.233981 1114.324443
3648.638048 1113.192829
3721.099408 1077.561973
3767.720544 1078.633619
3766.741500 1116.061051
3719.913669 1114.923805
3792.413460 1079.201216
3839.266158 1080.278184
3838.605629 1117.806319
3791.544166 1116.663401
3864.081873 1080.848604
3911.167864 1081.930934
3910.829044 1119.560314
3863.532194 1118.411678
