4368 2912
3387.543609 2080.551018
4057.744275 2146.627906
3335.299653 2502.695943
4014.777240 2618.143418
3424.854429 2125.167189
3479.171599 2130.848011
3473.019090 2182.657400
3418.621624 2176.499360
3521.500468 2135.275023
3577.578466 2141.140004
3571.577642 2193.814673
3515.412225 2187.456494
3621.290732 2145.711700
3679.216590 2151.769941
3673.380832 2205.339254
3615.359852 2198.771017
3724.381197 2156.493532
3784.247779 2162.754745
3778.591566 2217.249584
3718.621527 2210.460704
3830.938328 2167.637929
3892.844825 2174.112489
3887.383843 2229.565361
3825.364858 2222.544531
3941.139978 2179.163492
4005.192460 2185.862493
3999.943710 2242.307646
3935.768950 2235.042773
3413.683871 2217.165737
3468.144755 2223.703484
3461.936627 2275.981237
3407.395227 2268.957788
3510.588652 2228.798655
3566.823133 2235.549314
3560.767177 2288.707924
3504.444985 2281.455157
3610.660608 2240.811776
3668.756758 2247.785919
3662.866496 2301.855539
3604.674852 2294.362038
3714.057592 2253.224050
3774.109411 2260.432961
3768.399482 2315.445317
3708.243741 2307.698894
3820.948118 2266.055706
3883.056046 2273.511441
3877.542314 2329.499945
3815.321329 2321.487575
3931.512288 2279.328363
3995.783760 2287.043822
3990.483428 2344.043690
3926.088991 2335.751437
3402.413138 2309.989307
3457.018127 2317.399224
3450.753622 2370.151720
3396.067901 2362.247446
3499.577401 2323.174533
3555.968885 2330.826878
3549.857034 2384.476128
3493.377550 2376.312583
3599.932027 2336.792692
3658.199134 2344.699560
3652.253603 2399.276530
3593.890628 2390.840744
3703.636771 2350.865464
3763.874660 2359.039768
3758.110249 2414.577050
3697.767970 2405.855177
3810.862235 2365.415999
3873.172612 2373.871540
3867.605364 2430.403474
3805.181359 2421.380708
3921.790805 2380.469046
3986.282495 2389.220592
3980.929817 2446.783392
3916.314473 2437.443890
3391.040876 2403.649049
3445.790355 2411.946688
3439.468702 2465.180424
3384.638279 2456.379595
3488.465349 2418.414360
3545.014353 2426.984730
3538.845830 2481.131444
3482.208539 2472.040595
3589.103612 2433.666743
3647.542344 2442.523512
3641.540761 2497.615004
3583.005791 2488.219559
3693.117355 2449.430701
3753.542147 2458.588471
3747.722468 2514.658228
3687.192822 2504.942616
3800.679298 2465.732412
3863.193146 2475.206792
3857.571597 2532.290108
3794.943550 2522.237682
3911.974151 2482.599870
3976.687293 2492.407566
3971.281490 2550.541679
3906.444002 2540.134616
