4368 2912
646.549712 1503.109761
1521.620428 1514.543532
746.058085 2106.839039
1666.079351 2047.570818
709.662195 1553.354283
804.289078 1554.010387
818.528488 1631.286267
723.189665 1631.572388
859.653279 1554.394260
950.731743 1555.025762
966.030636 1630.843598
874.299278 1631.118893
1004.039164 1555.395374
1091.765124 1556.003630
1108.035811 1630.417427
1019.710972 1630.682498
1143.128288 1556.359762
1227.683500 1556.946033
1244.845677 1630.006847
1159.741064 1630.262254
1277.206865 1557.289408
1358.760180 1557.854866
1376.740218 1629.611019
1294.682878 1629.857281
1406.540858 1558.186157
1485.249344 1558.731891
1503.979660 1629.229160
1424.808806 1629.466761
731.649887 1680.490812
827.432335 1679.606571
842.105476 1759.236272
745.594554 1761.121211
883.456384 1679.089371
975.594267 1678.238778
991.350160 1756.321398
898.545240 1758.133956
1029.506711 1677.741072
1118.204158 1676.922239
1134.951659 1753.516739
1045.643302 1755.261006
1170.122167 1676.442945
1255.568342 1675.654127
1273.224101 1750.816161
1187.218358 1752.495926
1305.600579 1675.192242
1387.971028 1674.431818
1406.458726 1748.213976
1323.575731 1749.832751
1436.218400 1673.986411
1515.676256 1673.252876
1534.925930 1745.704904
1454.998642 1747.265951
754.317718 1811.560011
851.282612 1809.039685
866.409608 1891.132415
768.699182 1894.716048
907.981337 1807.565964
1001.201615 1805.142968
1017.435293 1885.593387
923.533445 1889.037336
1055.731721 1803.725614
1145.420184 1801.394419
1162.665769 1880.266904
1072.354083 1883.579181
1197.903752 1800.030258
1284.257379 1797.785742
1302.428324 1875.140964
1215.504769 1878.328978
1334.807494 1796.471836
1418.008884 1794.309253
1437.026049 1870.204449
1353.303478 1873.275063
1466.730452 1793.042875
1546.949111 1790.957821
1566.740046 1865.447051
1486.044841 1868.406633
777.697740 1946.747220
875.872809 1942.488281
891.475050 2027.160109
792.536851 2032.549449
933.261481 1939.998699
1027.587764 1935.906725
1044.321296 2018.834301
949.298505 2024.010362
1082.748499 1933.513794
1173.447966 1929.579154
1191.214193 2010.832783
1099.878901 2015.807979
1226.508029 1927.277352
1313.785908 1923.491146
1332.494921 2003.136970
1244.636569 2007.922770
1364.863054 1921.275365
1448.909371 1917.629347
1468.479077 1995.729670
1383.902838 2000.336689
1498.112714 1915.494853
1579.103683 1911.981379
1599.459033 1988.594958
1517.984367 1993.033028
