4368 2912
3322.116382 1558.606341
4150.018444 1696.093033
3167.068702 2074.808897
3996.742795 2260.924501
3356.588218 1611.547114
3430.509478 1624.161142
3410.158907 1692.982496
3336.226393 1679.808962
3478.508011 1632.351678
3554.339843 1645.291729
3534.013970 1715.051391
3458.166144 1701.536580
3603.587004 1653.695333
3681.404447 1666.974211
3661.111531 1737.698044
3583.272990 1723.828522
3731.949600 1675.599307
3811.831675 1689.230496
3791.580608 1760.945445
3711.671938 1746.707060
3863.726821 1698.085957
3945.756801 1712.083668
3925.557161 1784.817820
3843.494664 1770.195659
3999.056755 1721.178846
4083.322449 1735.558063
4063.184556 1809.340712
3978.879966 1794.319049
3322.710950 1725.118705
3396.650539 1738.664960
3376.144197 1808.013096
3302.194477 1793.899004
3444.663296 1747.461236
3520.521332 1761.358965
3500.037860 1831.659522
3424.164943 1817.178367
3569.787960 1770.384960
3647.640090 1784.648020
3627.187760 1855.927435
3549.315634 1841.064711
3698.210353 1793.912850
3778.136253 1808.555839
3757.723980 1880.841665
3677.772573 1865.582086
3830.062587 1818.069110
3912.146233 1833.107415
3891.783625 1906.428376
3809.668533 1890.755836
3965.483925 1842.879257
4049.813891 1858.329103
4029.511302 1932.715172
3945.143489 1916.612676
3288.576189 1839.553529
3362.532232 1854.045898
3341.868325 1923.926887
3267.903298 1908.858207
3410.558018 1863.456995
3486.440401 1878.326847
3465.797487 1949.174615
3389.901365 1933.712518
3535.725307 1887.984680
3613.610284 1903.246960
3592.996653 1975.088531
3515.092811 1959.217407
3664.204483 1913.161361
3744.172390 1928.831810
3723.596978 2001.695355
3643.604682 1985.398757
3796.128755 1939.013139
3878.264281 1955.108353
3857.736725 2029.023255
3775.570853 2012.283841
3931.638577 1965.567540
4016.031065 1982.105026
3995.561753 2057.101946
3911.132494 2039.901419
3254.180986 1954.861466
3328.151568 1970.314074
3307.328273 2040.734080
3233.349882 2024.696543
3376.189158 1980.349226
3452.093981 1996.205901
3431.289758 2067.607292
3355.372365 2051.149404
3501.395950 2006.505184
3579.311886 2022.781984
3558.535039 2095.192386
3480.601398 2078.297403
3629.928816 2033.355966
3709.936864 2050.069813
3689.196352 2123.518032
3609.165060 2106.168306
3761.922076 2060.929630
3844.107644 2078.098366
3823.413128 2152.614454
3741.198341 2134.791375
3897.517378 2089.255770
3981.970589 2106.898221
3961.332492 2182.513548
3876.843617 2164.197478
