2912 4368
2237.211390 2454.948977
2631.565108 2561.035499
2149.432029 2724.715508
2538.361902 2835.147027
2252.609614 2483.969014
2290.733420 2494.269488
2278.493659 2531.602810
2240.441115 2521.244136
2313.541298 2500.431831
2351.898672 2510.795412
2339.544198 2548.222005
2301.258817 2537.799947
2374.846498 2516.995568
2413.439593 2527.422837
2400.969224 2564.943144
2362.448864 2554.457120
2436.528658 2533.661153
2475.359653 2544.152700
2462.772196 2581.767166
2424.014687 2571.216585
2498.591267 2550.429529
2537.662369 2560.985949
2524.956612 2598.695025
2485.959756 2588.079290
2561.037854 2567.301652
2600.351297 2577.923547
2587.526015 2615.727685
2548.287587 2605.046190
2232.960199 2544.160030
2270.968963 2554.554395
2258.778916 2591.736079
2220.841031 2581.284038
2293.707874 2560.772870
2331.949026 2571.230787
2319.644885 2608.504898
2281.475338 2597.989034
2354.827176 2577.487340
2393.302853 2588.009393
2380.883446 2625.376369
2342.480110 2614.796095
2416.321526 2594.304375
2455.033891 2604.891157
2442.498033 2642.351436
2403.858752 2631.706158
2478.194386 2611.224923
2517.145631 2621.877031
2504.492118 2659.431057
2465.614712 2648.720175
2540.449261 2628.249941
2579.641604 2638.967983
2566.869219 2676.616200
2527.751480 2665.839104
2213.390413 2604.107125
2251.284752 2614.594534
2239.144119 2651.625501
2201.320277 2641.080935
2273.955069 2620.868635
2312.080625 2631.420035
2299.826511 2668.542595
2261.772174 2657.933772
2334.889478 2637.732475
2373.248371 2648.348452
2360.879614 2685.563036
2322.592670 2674.889366
2396.197035 2654.699586
2434.791414 2665.380735
2422.306836 2702.687774
2383.785145 2691.948661
2457.881177 2671.770920
2496.713219 2682.517842
2484.111629 2719.917771
2445.353023 2709.112611
2519.945387 2688.947437
2559.017294 2699.760743
2546.297480 2737.254001
2507.299769 2726.382183
2193.899772 2663.811778
2231.680302 2674.391394
2219.588781 2711.272560
2181.878371 2700.636302
2254.282393 2680.720619
2292.292974 2691.364656
2280.088583 2728.336589
2242.148837 2717.635646
2315.032904 2697.732479
2353.275645 2708.441529
2340.957229 2745.504650
2302.786047 2734.738431
2376.154677 2714.848305
2414.631713 2725.622963
2402.198102 2762.777699
2363.793361 2751.945604
2437.651128 2732.069050
2476.364617 2742.909921
2463.814628 2780.156701
2425.174177 2769.258123
2499.525711 2749.395683
2538.477839 2760.303380
2525.810272 2797.642634
2486.931934 2786.676960
