4368 2912
3651.524409 450.370838
4069.273710 412.875406
3668.427953 693.028491
4096.764114 652.994529
3674.706927 466.646523
3719.097189 462.650051
3721.824004 497.809014
3677.273139 501.843460
3741.111910 460.668057
3785.414417 456.679486
3788.380765 491.781755
3743.918294 495.808195
3807.385639 454.701409
3851.600651 450.720714
3854.805579 485.766444
3810.431239 489.784904
3873.528503 448.746541
3917.656280 444.773701
3921.098839 479.763047
3876.812368 483.773549
3939.540890 442.803422
3983.581688 438.838411
3987.260934 473.771528
3943.062071 477.774097
4005.423183 436.872013
4049.377262 432.914811
4053.292255 467.791852
4009.180741 471.786511
3678.601539 520.063165
3723.235535 516.008996
3725.992753 551.559961
3681.196382 555.652789
3745.371011 513.998399
3789.916282 509.952290
3792.915669 545.445537
3748.208674 549.530200
3812.007777 507.945688
3856.464587 503.907613
3859.705176 539.343303
3815.087288 543.419824
3878.512234 501.904995
3922.880845 497.874931
3926.361671 533.253221
3881.832626 537.321625
3944.884773 495.876282
3989.165449 491.854206
3992.885553 527.175256
3948.445084 531.235566
4011.125788 489.859518
4055.318789 485.845405
4059.277215 521.109370
4014.925059 525.161613
3682.539644 574.076338
3727.420065 569.963430
3730.208196 605.912989
3685.163599 610.065258
3749.677628 567.923714
3794.468336 563.819026
3797.501319 599.709822
3752.547096 603.853760
3816.681430 561.783385
3861.382696 557.686894
3864.659545 593.519090
3819.795423 597.654723
3883.551453 555.655316
3928.163541 551.566998
3931.683278 587.340755
3886.908987 591.468107
3950.288096 549.539471
3994.811276 545.459301
3998.572922 581.174780
3953.888192 585.293877
4016.891759 543.435811
4061.326294 539.363764
4065.328879 575.021130
4020.733443 579.131995
3686.521975 628.696091
3731.651557 624.523376
3734.471124 660.878272
3689.175535 665.091066
3754.032560 622.454010
3799.071426 618.289683
3802.138572 654.584744
3756.934371 658.789038
3821.407464 616.224476
3866.355887 612.068510
3869.669609 648.303903
3824.556520 652.499724
3888.647094 610.007448
3933.505347 605.859820
3937.064647 642.035711
3892.042396 646.223083
3955.751857 603.802891
4000.520209 599.663575
4004.324098 635.780129
3959.392408 639.959080
4022.722159 597.610765
4067.400882 593.479737
4071.448369 629.537121
4026.606969 633.707673
