4368 2912
3491.624857 800.831651
4218.018997 1005.274234
3242.209259 1244.662147
3886.876473 1523.584199
3508.724287 851.028113
3568.745131 868.581927
3532.750799 931.353883
3473.637005 912.898405
3607.489684 879.913235
3670.794920 898.427610
3633.233820 962.724939
3570.904150 943.265457
3711.688920 910.387551
3778.555709 929.943544
3739.306592 995.841130
3673.491296 975.293426
3821.783117 942.585917
3892.520704 963.273972
3851.448885 1030.852241
3781.847178 1009.122410
3938.287089 976.658899
4013.241587 998.580239
3970.196994 1067.925705
3896.472460 1044.908716
4061.777393 1012.775117
4141.337445 1036.043408
4096.152311 1107.249277
4017.927468 1082.827281
3451.084832 952.665223
3509.619065 971.694240
3474.288477 1033.308665
3416.634379 1013.412577
3547.394736 983.974813
3609.101304 1004.035132
3572.251372 1067.115080
3511.490704 1046.146933
3648.952307 1016.990379
3714.096277 1038.168169
3675.610715 1102.783777
3611.485448 1080.654527
3756.198452 1051.855254
3825.075264 1074.246562
3784.825045 1140.472996
3717.047763 1117.083458
3869.624897 1088.729297
3942.564846 1112.441498
3900.406364 1180.359425
3828.655956 1155.598784
3989.781722 1127.791333
4067.155252 1152.944856
4022.928163 1222.640972
3946.844738 1196.385032
3394.489675 1052.460896
3451.581337 1072.908553
3416.896303 1133.397172
3360.658870 1112.115608
3488.417183 1086.101490
3548.573617 1107.646810
3512.414844 1169.543627
3453.175785 1147.126179
3587.413683 1121.557568
3650.888468 1144.291372
3613.144396 1207.662052
3550.656819 1184.015287
3691.900892 1158.980171
3758.976374 1183.003581
3719.523348 1247.918341
3653.512518 1222.938296
3802.348642 1198.537570
3873.340133 1223.963518
3832.040679 1290.497538
3762.199988 1264.068183
3919.281941 1240.417801
3994.542672 1267.372798
3951.243479 1335.606672
3877.229680 1307.598115
3338.910690 1150.464726
3394.602176 1172.276793
3360.545161 1231.670181
3305.682965 1209.056014
3430.526145 1186.346735
3489.179116 1209.318693
3453.692237 1270.065357
3395.929207 1246.255467
3527.039059 1224.146877
3588.896179 1248.373769
3551.872372 1310.535156
3490.972196 1285.432136
3628.852915 1264.023182
3694.184107 1289.610725
3655.504821 1353.252397
3591.204807 1326.747965
3736.416779 1306.151527
3805.523155 1333.217655
3765.056740 1398.409638
3697.064022 1370.383077
3850.231905 1350.728235
3923.450412 1379.404916
3881.050215 1446.222088
3809.037302 1416.538403
