4368 2912
2650.047099 1410.438238
4054.741548 1359.933087
2593.495090 2303.066477
4072.655524 2297.778803
2720.476582 1477.147198
2859.233180 1472.495524
2853.080224 1596.786901
2713.365550 1600.855036
2934.634180 1469.967782
3075.524740 1465.244568
3070.884877 1590.444985
2929.005980 1594.576137
3152.089815 1462.677802
3295.163949 1457.881387
3292.085112 1584.004198
3147.991313 1588.199843
3372.920267 1455.274685
3518.229132 1450.403352
3516.760958 1577.462210
3370.399983 1581.723869
3597.204713 1447.755776
3744.801079 1442.807758
3744.994981 1570.816617
3596.312898 1575.145860
3825.024827 1440.118337
3974.963139 1435.091808
3976.872379 1564.064939
3825.813533 1568.463387
2709.352109 1670.675277
2849.607327 1666.940361
2843.315247 1794.042083
2702.081098 1797.166204
2925.829175 1664.910617
3068.265786 1661.117610
3063.520188 1789.171116
2920.073369 1792.344182
3145.677736 1659.056175
3290.347030 1655.203714
3287.197478 1784.223340
3141.485579 1787.446510
3368.977176 1653.109838
3515.932062 1649.196513
3514.429898 1779.196923
3366.398844 1782.471394
3595.809386 1647.069425
3745.104462 1643.093782
3745.302887 1774.089977
3594.896866 1777.416982
3826.258872 1640.932687
3977.950485 1636.893225
3979.904641 1768.900550
3827.066037 1772.281364
2697.976855 1868.566080
2839.763379 1865.790781
2833.327401 1995.799255
2690.540405 1997.935081
2916.824127 1864.282411
3060.841072 1861.463454
3055.986085 1992.468696
2910.936325 1994.638369
3139.118832 1859.931262
3285.419246 1857.067609
3282.196513 1989.085010
3134.829773 1991.289342
3364.943077 1855.511027
3513.581701 1852.601606
3512.044353 1985.646916
3362.304669 1987.886742
3594.381596 1851.020046
3745.414939 1848.063752
3745.618050 1982.153089
3593.447642 1984.429275
3827.521858 1846.456608
3981.008261 1843.452299
3983.008938 1978.602165
3828.348136 1980.915601
2686.342246 2070.968813
2829.693838 2069.198228
2823.108971 2202.214319
2678.734644 2203.315246
2907.612140 2068.235833
3053.244855 2066.437074
3048.276651 2200.497303
2901.587749 2201.615879
3132.408000 2065.459303
3280.376723 2063.631691
3277.078230 2198.752575
3128.018641 2199.889230
3360.814784 2062.638173
3511.176173 2060.781009
3509.602390 2196.979462
3358.114177 2198.134636
3592.920198 2059.771361
3745.732763 2057.883921
3745.940727 2195.177264
3591.964047 2196.351412
3828.814816 2056.857747
3984.138986 2054.939285
3986.187865 2193.345258
3829.660895 2194.538855
