3424.147321 1672.159530
3716.354187 1680.828721
3443.013098 1849.460387
3749.531142 1850.806197
3444.164239 1687.974597
3473.000045 1688.770887
3475.741746 1711.288977
3446.720047 1710.580783
3491.482500 1689.281274
3519.931544 1690.066884
3522.972305 1712.441507
3494.342492 1711.742876
3538.166930 1690.570447
3566.236941 1691.345590
3569.568537 1713.578559
3541.322726 1712.889298
3584.230181 1691.842467
3611.928684 1692.607351
3615.543137 1714.700441
3587.673654 1714.020364
3629.684568 1693.097673
3657.018890 1693.852501
3660.908461 1715.807456
3633.407835 1715.136380
3674.542084 1694.336397
3701.519360 1695.081365
3705.676543 1716.899897
3678.537498 1716.237644
3448.440403 1725.797367
3477.587142 1726.445549
3480.391924 1749.481729
3451.055262 1748.925861
3496.267450 1726.860972
3525.018836 1727.500362
3528.129079 1750.386248
3499.193066 1749.837971
3543.446617 1727.910170
3571.810641 1728.540946
3575.217845 1751.278481
3546.674329 1750.737642
3589.990981 1728.945250
3617.975417 1729.567584
3621.671344 1752.158678
3593.512393 1751.625125
3635.913267 1729.966497
3663.525686 1730.580558
3667.502344 1753.027079
3639.720239 1752.500667
3681.225865 1730.974184
3708.473635 1731.580136
3712.723276 1753.883921
3685.310500 1753.364506
3452.815597 1764.496059
3482.280024 1764.989035
3485.150088 1788.561393
3455.491577 1788.165173
3501.162448 1765.304961
3530.222642 1765.791174
3533.404775 1789.206047
3504.155973 1788.815300
3548.846898 1766.102780
3577.511122 1766.582368
3580.996539 1789.841844
3552.149014 1789.456459
3595.882469 1766.889743
3624.158761 1767.362840
3627.938948 1790.468967
3599.484498 1790.088832
3642.282315 1767.666069
3670.178497 1768.132807
3674.245200 1791.087590
3646.175846 1790.712601
3688.059238 1768.431973
3715.582924 1768.892478
3719.928141 1791.697887
3692.236117 1791.327938
3457.293301 1804.101456
3487.082391 1804.431749
3490.020044 1828.559226
3460.032571 1828.330371
3506.171335 1804.643402
3535.547011 1804.969111
3538.803556 1828.931527
3509.235162 1828.705870
3554.371954 1805.177837
3583.342762 1805.499057
3586.909116 1829.298654
3557.751076 1829.076129
3601.909144 1805.704916
3630.483398 1806.021739
3634.350759 1829.660714
3605.594590 1829.441256
3648.796508 1806.224789
3676.982294 1806.537305
3681.142135 1830.017812
3652.779585 1829.801358
3695.047281 1806.737605
3722.852467 1807.045901
3727.296522 1830.370048
3699.319565 1830.156536
