4368 2912
3269.745501 1723.375972
4039.029600 1976.305495
3017.816105 2277.565543
3713.365796 2676.685892
3287.567848 1784.156019
3348.694915 1805.305102
3313.163713 1883.206364
3252.826825 1860.463340
3387.942334 1818.884144
3453.439274 1841.545140
3416.548762 1922.175703
3351.902587 1897.808362
3495.543261 1856.112512
3565.896003 1880.453547
3527.538646 1964.011561
3458.104463 1937.839458
3611.180168 1896.121215
3686.949455 1922.336295
3647.004500 2009.042301
3572.229962 1980.857237
3735.788205 1939.233799
3817.624568 1967.548001
3775.955798 2057.648428
3695.200206 2027.208901
3870.453474 1985.826040
3959.115950 2016.501978
3915.568943 2110.273367
3828.084851 2077.297639
3230.611574 1909.258286
3290.443884 1933.019017
3255.018745 2010.687738
3195.972112 1985.342533
3328.858034 1948.274124
3392.960996 1973.730825
3356.184505 2054.112177
3292.927296 2026.959622
3434.166634 1990.094492
3503.014376 2017.435451
3464.779924 2100.725727
3396.845141 2071.565368
3547.327219 2035.033058
3621.466746 2064.475501
3581.654660 2150.893094
3508.503596 2119.493697
3669.251982 2083.452073
3749.317732 2115.247949
3707.793058 2205.036799
3628.800992 2171.130208
3801.000107 2135.772161
3887.732149 2170.215369
3844.341945 2263.649109
3758.780256 2226.922569
3173.821757 2033.994937
3232.366685 2060.351807
3197.047136 2137.789029
3139.283412 2109.857086
3269.952394 2077.272857
3332.669587 2105.508077
3296.006587 2185.641374
3234.130169 2155.720717
3372.982256 2123.656802
3440.334174 2153.978572
3402.222037 2237.002394
3335.777518 2204.872809
3483.681719 2173.493595
3556.201782 2206.142058
3516.521905 2292.272676
3444.984065 2257.680189
3602.940283 2227.183687
3681.247030 2262.437308
3639.865705 2351.916196
3562.625610 2314.566355
3731.790533 2285.191944
3816.605295 2323.375470
3773.371046 2416.473382
3689.718672 2376.022851
3117.197668 2158.367572
3174.462542 2187.305179
3139.248110 2264.511932
3082.759997 2234.008594
3211.224601 2205.882116
3272.564180 2236.878789
3236.014148 2316.765175
3175.510400 2284.093413
3311.989225 2256.801411
3377.854428 2290.085013
3339.864022 2372.843660
3274.900694 2337.763742
3420.242660 2311.505020
3491.153481 2347.338321
3451.605154 2433.183389
3381.670363 2395.418903
3536.851976 2370.431099
3613.411237 2409.118720
3572.172520 2498.289246
3496.672929 2457.519793
3662.823471 2434.088159
3745.734000 2475.985260
3702.654870 2568.749152
3620.898823 2524.601240
