4368 2912
2815.811829 714.015050
3596.687918 712.714473
2814.761299 1247.035970
3589.776784 1246.466988
2862.004371 759.625261
2937.996917 759.504329
2937.717271 832.381355
2861.802060 832.492573
2984.238988 759.430741
3060.263747 759.309758
3059.859631 832.202412
2983.912273 832.313677
3106.525421 759.236139
3182.582414 759.115104
3182.053723 832.023392
3106.074197 832.134705
3228.863706 759.041454
3304.952953 758.920369
3304.299581 831.844297
3228.287866 831.955657
3351.253874 758.846687
3427.375395 758.725549
3426.597236 831.665126
3350.553312 831.776534
3473.695957 758.651837
3549.849775 758.530647
3548.946723 831.485880
3472.870568 831.597334
2861.675196 878.186086
2937.541911 878.080948
2937.263189 950.717035
2861.473553 950.812523
2983.707397 878.016972
3059.606219 877.911789
3059.203439 950.563401
2983.381761 950.658929
3105.791244 877.847785
3181.722192 877.742558
3181.195250 950.409702
3105.341511 950.505271
3227.926769 877.678527
3303.889865 877.573255
3303.238655 950.255938
3227.352833 950.351547
3350.114005 877.509197
3426.109270 877.403881
3425.333685 950.102109
3349.415761 950.197759
3472.352987 877.339796
3548.380440 877.234435
3547.480376 949.948215
3471.530330 950.043905
2861.347108 996.355114
2937.088409 996.265666
2936.810607 1068.662007
2861.146131 1068.741868
2983.177563 996.211237
3058.950864 996.121752
3058.549414 1068.533516
2982.853003 1068.613411
3105.059492 996.067300
3180.864815 995.977777
3180.339612 1068.404971
3104.611245 1068.484900
3226.992930 995.923301
3302.830293 995.833740
3302.181233 1068.276372
3226.420890 1068.356334
3348.977908 995.779242
3424.847332 995.689643
3424.074310 1068.147718
3348.281971 1068.227714
3471.014459 995.635122
3546.915966 995.545486
3546.018876 1068.019010
3470.194520 1068.099040
2861.020103 1114.134282
2936.636404 1114.060422
2936.359517 1186.218203
2860.819789 1186.282539
2982.649476 1114.015479
3058.297672 1113.941588
3057.897546 1186.114690
2982.325986 1186.179054
3104.330157 1113.896624
3180.010266 1113.822702
3179.486796 1186.011134
3103.883386 1186.075524
3226.062173 1113.777721
3301.774220 1113.703767
3301.127299 1185.907535
3225.492019 1185.971951
3347.845561 1113.658767
3423.589563 1113.584782
3422.819089 1185.803891
3347.151919 1185.868335
3469.680352 1113.539762
3545.456329 1113.465747
3544.562199 1185.700203
3468.863117 1185.764676
