4368 2912
3561.095468 1559.807398
3917.093223 1595.990256
3502.794805 1776.705361
3857.196462 1814.881130
3578.777901 1582.517998
3610.678830 1585.776700
3603.303886 1613.133216
3571.420954 1609.851895
3633.825540 1588.141153
3665.822494 1591.409662
3658.416392 1618.805274
3626.437525 1615.514080
3689.038931 1593.781237
3721.132343 1597.059602
3713.694928 1624.494420
3681.619692 1621.193307
3744.418821 1599.438332
3776.609128 1602.726593
3769.140245 1630.200730
3736.968204 1626.889654
3799.965966 1605.112510
3832.253609 1608.410715
3824.753102 1635.924283
3792.483816 1632.603200
3855.681125 1610.803852
3888.066545 1614.112045
3880.534256 1641.665157
3848.167283 1638.334019
3565.938680 1630.220661
3597.808203 1633.518828
3590.442607 1660.840667
3558.591051 1657.519941
3620.932103 1635.911912
3652.897495 1639.219999
3645.500794 1666.580833
3613.553459 1663.250121
3676.091008 1641.620288
3708.152703 1644.938341
3700.724743 1672.338279
3668.681195 1668.997537
3731.416144 1647.345866
3763.574577 1650.673932
3756.115203 1678.113085
3723.975006 1674.762266
3786.908263 1653.088726
3819.163872 1656.426848
3811.672929 1683.905330
3779.435646 1680.544389
3842.568121 1658.848945
3874.921348 1662.197170
3867.398679 1689.715092
3835.063869 1686.343983
3553.115718 1677.862920
3584.953888 1681.200447
3577.597622 1708.487677
3545.777388 1705.127648
3608.055017 1683.622089
3639.988902 1686.969649
3632.601585 1714.295771
3600.685726 1710.925645
3663.159532 1689.398577
3695.189562 1692.756217
3687.771041 1720.121341
3655.759124 1716.741071
3718.430007 1695.192462
3750.556619 1698.560226
3743.106738 1725.964465
3710.998330 1722.574005
3773.867195 1701.003824
3806.090825 1704.381758
3798.609428 1731.825221
3766.404092 1728.424527
3829.471848 1706.832740
3861.792937 1710.220891
3854.279868 1737.703692
3821.977165 1734.292716
3540.308982 1725.444887
3572.115853 1728.821673
3564.768901 1756.074359
3532.979934 1752.675129
3595.194252 1731.271799
3627.096683 1734.658730
3619.718732 1761.950206
3587.834295 1758.540767
3650.244469 1737.116222
3682.242891 1740.513344
3674.833789 1767.843720
3642.853450 1764.424027
3705.460378 1742.978236
3737.555224 1746.385594
3730.114817 1773.754983
3698.038143 1770.324989
3760.842729 1748.857919
3793.034435 1752.275561
3785.562567 1779.684073
3753.389122 1776.243730
3816.392273 1754.755354
3848.681281 1758.183326
3841.177795 1785.631072
3808.907142 1782.180335
