4368 2912
3467.356491 2217.800778
3950.752495 2252.550591
3455.096609 2527.226029
3961.663417 2575.238106
3495.590271 2247.486491
3540.110184 2250.770782
3539.036916 2289.730028
3494.258961 2286.298662
3569.550813 2252.942656
3614.556735 2256.262801
3613.918813 2295.468279
3568.649131 2291.999232
3644.319638 2258.458448
3689.819572 2261.815037
3689.626663 2301.269824
3643.857109 2297.762472
3719.910069 2264.034852
3765.912194 2267.428488
3766.174205 2307.135715
3719.896454 2303.589419
3796.335723 2269.672871
3842.848400 2273.104172
3843.575489 2313.067029
3796.781029 2309.481137
3873.610521 2275.373533
3920.642296 2278.843128
3921.844876 2319.064866
3874.525006 2315.438712
3493.310154 2313.959576
3538.271987 2317.496673
3537.176874 2357.248887
3491.951837 2353.559099
3568.006480 2319.835853
3613.464135 2323.411956
3612.813157 2363.419845
3567.086406 2359.689124
3643.527435 2325.777002
3689.489159 2329.392760
3689.292279 2369.659569
3643.055418 2365.887229
3719.886750 2331.784104
3766.360974 2335.440180
3766.628408 2375.969213
3719.872854 2372.154555
3797.098463 2337.858264
3844.093808 2341.555336
3844.836031 2382.349960
3797.553006 2378.492267
3875.176928 2344.000610
3922.702209 2347.739371
3923.929961 2388.803018
3876.110489 2384.901558
3490.983685 2381.784006
3536.396297 2385.583577
3535.278665 2426.153218
3489.597530 2422.195086
3566.430578 2388.096477
3612.349124 2391.938378
3611.684685 2432.773568
3565.491542 2428.771072
3642.718947 2394.479353
3689.151930 2398.364296
3688.950956 2439.468456
3642.237149 2435.420846
3719.862949 2400.933817
3766.819063 2404.862529
3767.092089 2446.239148
3719.848764 2442.145657
3797.877059 2407.461082
3845.365195 2411.434307
3846.123027 2453.086939
3798.341129 2448.946782
3876.776083 2414.062385
3924.805333 2418.080883
3926.059056 2460.013153
3877.729323 2455.825528
3488.609434 2451.001414
3534.481953 2455.073564
3533.341101 2496.486107
3487.194577 2492.249257
3564.822129 2457.766892
3611.211008 2461.884881
3610.532685 2503.573299
3563.863539 2499.288464
3641.893668 2464.608612
3688.807674 2468.773216
3688.602477 2510.741121
3641.401780 2506.407483
3719.838651 2471.527868
3767.286752 2475.739884
3767.565549 2517.990957
3719.824167 2513.607678
3798.672010 2478.525985
3846.663380 2482.786228
3847.437321 2525.324225
3799.145911 2520.890445
3878.409022 2485.604322
3926.953043 2489.913624
3928.233570 2532.742371
3879.382570 2528.257214
