4368 2912
3562.710462 2246.292157
3990.995388 2279.684306
3563.779605 2522.395434
4017.151503 2565.435822
3591.291615 2274.489232
3628.379086 2277.434668
3628.968009 2310.131322
3591.629759 2307.090804
3656.941099 2279.703024
3694.330471 2282.672436
3695.368189 2315.538403
3657.723937 2312.472967
3723.125458 2284.959295
3760.820433 2287.952978
3762.314295 2320.989941
3724.360266 2317.899279
3789.851258 2290.258567
3827.855596 2293.276818
3829.813090 2326.486485
3791.545443 2323.370284
3857.125167 2295.601368
3895.442693 2298.644492
3897.871444 2332.028593
3859.286277 2328.886537
3924.953968 2300.988238
3963.588570 2304.056544
3966.496346 2337.616838
3927.589689 2334.448602
3591.899678 2333.114605
3629.438123 2336.231745
3630.041459 2369.728616
3592.246080 2366.512202
3658.348859 2338.632452
3696.196598 2341.775275
3697.259818 2375.448946
3659.150892 2372.205849
3725.346033 2344.195803
3763.506904 2347.364629
3765.037633 2381.216886
3726.611242 2377.946773
3792.898006 2349.805226
3831.375912 2353.000377
3833.381916 2387.033032
3794.634077 2383.735564
3861.011698 2355.461291
3899.810605 2358.683098
3902.299799 2392.897993
3863.226462 2389.572824
3929.694146 2361.164586
3968.818088 2364.413384
3971.798533 2398.812384
3932.395579 2395.459165
3592.522630 2393.175321
3630.523149 2396.471749
3631.141435 2430.798579
3592.877593 2427.398460
3659.791231 2399.010665
3698.108712 2402.334590
3699.198387 2436.846109
3660.613171 2433.417433
3727.621429 2404.894728
3766.259855 2408.246492
3767.828832 2442.944599
3728.918175 2439.487005
3796.020287 2410.828118
3834.983708 2414.208076
3837.040048 2449.094697
3797.799815 2445.607816
3864.994987 2416.811461
3904.287520 2420.219968
3906.839440 2455.297059
3867.265426 2451.780519
3934.552830 2422.845391
3974.178663 2426.282810
3977.234535 2461.552356
3937.322464 2458.005775
3593.161022 2454.724747
3631.635134 2458.208459
3632.268931 2493.396479
3593.524870 2489.804420
3661.269503 2460.891758
3700.068535 2464.404889
3701.185664 2499.785921
3662.112103 2496.163313
3729.953701 2467.110897
3769.081786 2470.653823
3770.690462 2506.229883
3731.283179 2502.576336
3799.220945 2473.382830
3838.682287 2476.955932
3840.790882 2512.729069
3801.045584 2509.044183
3869.078692 2479.708231
3908.877567 2483.311895
3911.494614 2519.284188
3871.406934 2515.567560
3939.534525 2486.087787
3979.675282 2489.722407
3982.809480 2525.895967
3942.374975 2522.147183
