4368 2912
3410.768580 2130.383720
4017.453272 2156.591298
3422.416763 2537.161402
4073.943333 2579.568628
3448.640018 2167.097308
3504.734578 2169.619868
3507.093514 2220.961385
3450.497199 2218.261038
3541.829211 2171.288006
3598.487434 2173.835913
3601.691683 2225.474893
3544.521603 2222.747170
3635.955749 2175.520855
3693.186176 2178.094494
3697.252794 2230.034345
3639.500178 2227.278828
3731.033849 2179.796496
3788.845191 2182.396259
3793.791625 2234.640446
3735.447522 2231.856708
3827.078011 2184.115580
3885.479158 2186.741867
3891.323256 2239.293917
3832.378535 2236.481521
3924.103037 2188.478774
3983.103061 2191.131991
3989.863083 2243.995491
3930.308420 2241.153993
3451.775759 2253.484275
3508.717576 2256.308604
3511.147812 2309.201941
3453.688900 2306.189682
3546.375295 2258.176437
3603.897887 2261.029572
3607.199485 2314.237411
3549.149232 2311.194151
3641.940674 2262.916504
3700.052971 2265.798888
3704.243779 2319.324918
3645.593008 2316.250175
3738.486765 2267.705215
3797.197882 2270.617302
3802.296160 2324.465273
3743.035504 2321.358558
3836.028739 2272.543322
3895.347980 2275.485571
3901.372418 2329.659305
3841.492315 2326.520116
3934.582088 2277.431593
3994.518952 2280.404477
4001.488676 2334.907857
3940.979361 2331.735682
3455.006278 2342.482319
3512.821335 2345.625670
3515.326153 2400.142263
3456.977949 2396.800149
3551.059495 2347.704643
3609.473227 2350.880543
3612.876680 2405.729839
3553.918738 2402.352800
3648.108371 2352.981099
3707.130127 2356.190057
3711.450901 2411.376049
3651.873613 2407.963535
3746.168468 2358.312534
3805.807790 2361.555068
3811.065014 2417.081824
3750.858570 2413.633272
3845.255675 2363.699813
3905.522306 2366.976454
3911.735563 2422.848110
3850.889942 2419.362948
3945.386212 2369.143817
4006.290103 2372.455104
4013.479442 2428.675875
3951.984413 2425.153515
3458.335940 2434.211637
3517.051432 2437.692437
3519.634319 2493.908176
3460.368867 2490.217033
3555.888202 2439.994777
3615.221112 2443.512180
3618.731206 2500.080081
3558.836748 2496.349763
3654.467341 2445.838795
3714.427459 2449.393380
3718.884341 2506.317771
3658.350810 2502.547650
3754.089659 2451.744654
3814.686982 2455.337014
3820.110703 2512.622303
3758.927816 2508.811739
3854.771801 2457.713342
3916.016541 2461.344082
3922.427635 2518.994757
3860.584888 2515.143097
3956.530770 2463.745867
4018.433359 2467.415606
4025.852858 2525.436238
3963.339516 2521.542811
