4368 2912
3332.528316 1566.596574
3991.595142 1601.160182
3442.755323 2031.522804
4155.908001 2046.877460
3381.048233 1606.380840
3448.567860 1609.758210
3464.070006 1669.322347
3395.814008 1666.176548
3488.550991 1611.758189
3555.110536 1615.087535
3571.759735 1674.285577
3504.485741 1671.185037
3594.527150 1617.059176
3660.146945 1620.341515
3677.909121 1679.177816
3611.596091 1676.121565
3699.008998 1622.285417
3763.708806 1625.521738
3782.550980 1684.000575
3717.178468 1680.987670
3802.027920 1627.438482
3865.826953 1630.629746
3885.717201 1688.755324
3821.265340 1685.784851
3903.614426 1632.519896
3966.531367 1635.667038
3987.438776 1693.443492
3923.888254 1690.514561
3405.087165 1703.729264
3473.804765 1706.726362
3489.917080 1768.634957
3420.436840 1765.889541
3514.491640 1708.500908
3582.213358 1711.454572
3599.513043 1772.965490
3531.051849 1770.260340
3622.312712 1713.203494
3689.060040 1716.114660
3707.511110 1777.232884
3640.046706 1774.567121
3728.584508 1717.838509
3794.378326 1720.708087
3813.945973 1781.438511
3747.456748 1778.811281
3833.340184 1722.407398
3898.200778 1725.236275
3918.851328 1785.583702
3853.316290 1782.994175
3936.611952 1726.911567
4000.559038 1729.700601
4022.259910 1789.669749
3957.658664 1787.117119
3430.080347 1804.942036
3500.038800 1807.525797
3516.798029 1871.920041
3446.049254 1869.609965
3541.454376 1809.055390
3610.379109 1811.600972
3628.368162 1875.563008
3558.677606 1873.287485
3651.184976 1813.108047
3719.098733 1815.616291
3738.279566 1879.151816
3669.623664 1876.910076
3759.308254 1817.101341
3826.233118 1819.573063
3846.568958 1882.687661
3778.924839 1880.478957
3865.859272 1821.036567
3931.816683 1823.472558
3953.271982 1886.171708
3886.617443 1883.995316
3970.872074 1824.914983
4035.882862 1827.316013
4058.423240 1889.605088
3992.736725 1887.460304
3456.085750 1910.253917
3527.330250 1912.388155
3544.776151 1979.420812
3472.712132 1977.584362
3569.500821 1913.651439
3639.671572 1915.753512
3658.392033 1982.316153
3587.427704 1980.507727
3681.208964 1916.997828
3750.330059 1919.068457
3770.284821 1985.167583
3700.395202 1983.386544
3791.248428 1920.294230
3859.343244 1922.334115
3880.493420 1987.976094
3811.654280 1986.221826
3899.656325 1923.541755
3966.747552 1925.551576
3989.055571 1990.742648
3921.243404 1989.014550
4006.468676 1926.741483
4072.578335 1928.721900
4096.007895 1993.468177
4029.199889 1991.765669
