2912 4368
166.132333 2190.049260
538.345562 2154.146559
226.938669 2446.289525
610.320022 2381.372274
191.043365 2207.032765
234.146015 2202.643743
243.238632 2238.699521
199.926052 2243.548300
254.737393 2200.546980
296.379526 2196.306679
305.762152 2231.700108
263.927680 2236.383414
316.279052 2194.280367
356.533664 2190.181353
366.181902 2224.936208
325.751145 2229.462371
375.775628 2188.221998
414.710929 2184.257325
424.602304 2218.396132
385.505778 2222.772929
433.327395 2182.361664
471.007200 2178.524835
481.120986 2212.068952
443.293718 2216.303657
489.028178 2176.689810
525.512247 2172.974739
535.829317 2205.944437
499.210487 2210.043860
204.455636 2262.168811
247.874667 2257.083208
257.169148 2293.939459
213.537894 2299.504761
268.613223 2254.654134
310.545158 2249.742712
320.132477 2285.908291
278.006373 2291.281607
330.579470 2247.396124
371.099422 2242.650086
380.954562 2278.150245
340.257044 2283.341340
390.464761 2240.381854
429.642867 2235.792984
439.742805 2270.651623
400.402416 2275.669611
448.372190 2233.599247
486.274016 2229.159866
496.597544 2263.399624
458.547513 2268.253024
504.398150 2227.037015
541.085062 2222.739934
551.612621 2256.382280
514.790490 2261.079057
218.169821 2318.545989
261.908681 2312.733554
271.411826 2350.417233
227.458454 2356.730317
282.795916 2309.957861
325.020402 2304.346671
334.819188 2341.309947
292.398720 2347.402857
345.190682 2301.666253
385.978104 2296.246034
396.046875 2332.515731
355.080495 2338.399789
405.467719 2293.656069
444.890212 2288.417234
455.205381 2324.018713
415.619585 2329.704476
463.733043 2285.913220
501.857994 2280.846816
512.397854 2315.804080
474.124009 2321.301405
520.085713 2278.424544
556.976143 2273.522193
567.720698 2307.857984
530.694648 2313.176087
232.196231 2376.206682
276.258360 2369.635636
285.977274 2408.174924
241.698353 2415.268636
297.295764 2366.498300
339.815521 2360.157270
349.832847 2397.944931
307.115321 2404.788499
360.122929 2357.128798
401.179905 2351.005915
411.469329 2388.070447
370.232042 2394.676873
420.794665 2348.080740
460.463066 2342.164937
471.000420 2378.533258
431.167745 2384.914658
479.420020 2339.337861
517.769119 2333.618806
528.532185 2369.316372
490.033557 2375.484051
536.100810 2330.884977
573.195346 2325.353018
584.163679 2360.403918
546.933186 2366.368436
