4368 2912
276.070909 1539.955319
1021.388821 1515.166912
297.146727 2008.541996
1081.386367 1939.734353
326.790563 1579.858636
402.531036 1576.994103
406.070921 1634.162108
329.804274 1637.559538
451.623577 1575.137404
525.190166 1572.355088
529.561185 1628.661019
455.499225 1631.960238
572.883718 1570.551300
644.368689 1567.847712
649.522408 1623.317138
577.570901 1626.522343
690.722212 1566.094604
760.212684 1563.466449
766.103735 1618.123820
696.173741 1621.238973
805.281869 1561.761915
872.860165 1559.206079
879.446025 1613.074790
811.453531 1616.103634
916.697662 1557.548128
982.441635 1555.061666
989.682416 1608.164118
923.548002 1611.110191
331.957561 1678.786657
408.599877 1675.003930
412.229255 1733.617214
335.048155 1737.959571
458.267857 1672.552537
532.683355 1668.879716
537.163253 1726.588187
462.240910 1730.803462
580.918669 1666.499033
653.203007 1662.931397
658.483240 1719.762492
585.721929 1723.856183
700.066761 1660.618408
770.310196 1657.151501
776.343795 1713.131431
705.651349 1717.108723
815.860068 1654.903360
884.147832 1651.532977
890.890807 1706.686796
822.180226 1710.552585
928.438313 1649.346994
994.850955 1646.069158
1002.262075 1700.420834
935.451169 1704.179744
337.256727 1780.245180
414.822553 1775.498129
418.544861 1835.612200
340.427184 1840.947161
465.079564 1772.422385
540.363681 1767.814974
544.956578 1826.979051
469.153740 1832.155922
589.153120 1764.829046
662.254748 1760.355204
667.666211 1818.598731
594.076823 1823.624438
709.639972 1757.455214
780.652659 1753.109217
786.834043 1810.460295
715.362551 1815.341362
826.693429 1750.291508
895.705453 1746.067951
902.611233 1802.553419
833.167506 1807.296002
940.458187 1743.329070
1007.552921 1739.222853
1015.140460 1794.868359
947.639410 1799.478269
342.693198 1884.332555
421.204986 1878.572372
425.023840 1940.245619
345.946654 1946.623646
472.065105 1874.840913
548.238243 1869.252310
552.948468 1929.927768
476.244314 1936.114396
597.594594 1865.631177
671.532039 1860.206601
677.079686 1919.915877
602.643327 1925.919594
719.450341 1856.690974
791.249096 1851.423307
797.583761 1910.196536
725.316089 1916.025336
837.791295 1848.008641
907.542830 1842.891172
914.617382 1900.757106
844.424984 1906.418524
952.767364 1839.573179
1020.558008 1834.599576
1028.328343 1891.585669
960.123092 1897.086811
