4368 2912
741.297378 2164.982310
1630.796193 2098.462122
723.268082 2817.699954
1661.682133 2712.461217
787.793772 2209.966812
885.962300 2202.351885
884.719068 2294.215582
785.770704 2302.406813
934.292459 2198.602917
1030.847172 2191.113173
1030.739096 2282.127623
933.429980 2290.183153
1078.386077 2187.425582
1173.366444 2180.057960
1174.356634 2270.238549
1078.646364 2278.161721
1220.133368 2176.430252
1313.577583 2169.181789
1315.630490 2258.543491
1221.479981 2266.337543
1359.591179 2165.612516
1451.536210 2158.480346
1454.617569 2247.037741
1361.989002 2254.705800
1496.814535 2154.968107
1587.296173 2147.949451
1591.372947 2235.716736
1500.229716 2243.261835
784.716775 2350.563979
884.071441 2342.069342
882.798308 2436.142432
782.644773 2445.239905
932.980711 2337.887691
1030.682803 2329.534346
1030.572151 2422.719354
932.097546 2431.664321
1078.781936 2325.421960
1174.872346 2317.206411
1175.885954 2409.519734
1079.048413 2418.315999
1222.181303 2313.161584
1316.699584 2305.080448
1318.800639 2396.538039
1223.559676 2405.189278
1363.237679 2301.101528
1456.222099 2293.151535
1459.375135 2383.768916
1365.691588 2392.278687
1502.008021 2289.236925
1593.495619 2281.414907
1597.666453 2371.207186
1505.502430 2379.578930
781.565196 2494.568963
882.135010 2485.154059
880.830885 2581.517216
779.442463 2591.562930
931.637437 2480.519860
1030.514507 2471.263423
1030.401184 2566.697571
930.732834 2576.572858
1079.187227 2466.706897
1176.413934 2457.604961
1177.451801 2552.127580
1079.460119 2561.836740
1224.277635 2453.124171
1319.894956 2444.172899
1322.045874 2537.800987
1225.688905 2547.348177
1366.969643 2439.765973
1461.017208 2430.961654
1464.244451 2523.711743
1369.481627 2533.100983
1507.322231 2426.626782
1599.838382 2417.965826
1604.106571 2509.853999
1510.898655 2519.089176
778.336292 2642.107182
880.151342 2631.729250
878.815078 2730.467127
776.160942 2741.505377
930.261488 2626.621560
1030.342140 2616.420414
1030.226049 2714.186126
929.334657 2725.034830
1079.602295 2611.399363
1177.992493 2601.370524
1179.055499 2698.182711
1079.881834 2708.846712
1226.424102 2596.433927
1323.166316 2586.573065
1325.368894 2682.449846
1227.869458 2692.933818
1370.790109 2581.718808
1465.925399 2572.021738
1469.229500 2666.980724
1373.362254 2677.289189
1512.761419 2567.247778
1606.329494 2557.710454
1610.698485 2651.768770
1516.422781 2661.906099
