2912 4368
990.655275 2927.737225
1712.138813 2959.529138
1006.261614 3328.671731
1683.344108 3376.963280
1037.449620 2967.999136
1100.441553 2970.918482
1101.596828 3024.293761
1039.103546 3021.171750
1145.543620 2973.008726
1209.467689 2975.971272
1209.749782 3029.696815
1146.339231 3026.528981
1255.239639 2978.092561
1320.116689 2981.099273
1319.499488 3035.179640
1255.151325 3031.964965
1366.573559 2983.252305
1432.425059 2986.304177
1430.881571 3040.744013
1365.574845 3037.481451
1479.582339 2988.489670
1546.430411 2991.587727
1543.932722 3046.391770
1477.645854 3043.080242
1594.304059 2993.806420
1662.171498 2996.951719
1658.690743 3052.124798
1591.401500 3048.763193
1040.297173 3059.546082
1102.430534 3062.812081
1103.554221 3114.727919
1041.906064 3111.270851
1146.913361 3065.150292
1209.953333 3068.463946
1210.227657 3120.709887
1147.687154 3117.202778
1255.087602 3070.836400
1319.054176 3074.198761
1318.454096 3126.778944
1255.001727 3123.220700
1364.854301 3076.606214
1429.768057 3080.018363
1428.267697 3132.937005
1363.883375 3129.326499
1476.248883 3082.461598
1542.131015 3085.924648
1539.703633 3139.186042
1474.366674 3135.522115
1589.307833 3088.404467
1656.180173 3091.919568
1652.798123 3145.528086
1586.487227 3141.809544
1043.067410 3148.607353
1104.365284 3152.200189
1105.458660 3202.715636
1044.633081 3198.942616
1148.245646 3154.772138
1210.425642 3158.416679
1210.692514 3209.243307
1148.998504 3205.416419
1254.939753 3161.025773
1318.021051 3164.723142
1317.437390 3215.864708
1254.856218 3211.982788
1363.182741 3167.370191
1427.185081 3171.121545
1425.726067 3222.581871
1362.238460 3218.643725
1473.008586 3173.807386
1537.952286 3177.613914
1535.592283 3229.396888
1471.178401 3225.401286
1584.452259 3180.339406
1650.358245 3184.202337
1647.070760 3236.311915
1581.710184 3232.257589
1045.763438 3235.282830
1106.247994 3239.183898
1107.312269 3288.354861
1047.287605 3284.283836
1149.541988 3241.976228
1210.885156 3245.932675
1211.144875 3295.397052
1150.274751 3291.268686
1254.795921 3248.764784
1317.016113 3252.777796
1316.448205 3302.538991
1254.714631 3298.352063
1361.556921 3255.650542
1424.673082 3259.721340
1423.253729 3309.782812
1360.638202 3305.536069
1469.857592 3262.635603
1533.889214 3266.765446
1531.593822 3317.130712
1468.077306 3312.822861
1579.731482 3269.722131
1644.698628 3273.912314
1641.501797 3324.584951
1577.064703 3320.214663
