4368 2912
396.370029 1498.759590
1776.416317 1359.790756
112.777352 2279.853531
1818.577749 2048.652866
458.373327 1549.994549
603.814453 1534.950635
577.455428 1625.654275
427.854625 1641.747676
689.622196 1526.074986
831.943703 1511.353752
811.997261 1600.423291
665.691225 1616.162254
915.920756 1502.667463
1055.221950 1488.258640
1041.419359 1575.743065
898.300432 1591.139173
1137.426279 1479.755716
1273.802294 1465.649464
1265.887546 1551.595759
1125.852710 1566.660095
1354.289445 1457.324158
1487.831462 1443.511044
1485.560564 1527.964296
1348.511194 1542.707468
1566.654684 1435.357849
1697.450134 1421.828831
1700.590445 1504.832322
1566.432073 1519.264493
408.209857 1700.808797
560.493414 1684.022008
531.696193 1783.115691
374.847230 1801.112052
650.294436 1674.122905
799.167887 1657.712025
777.397864 1754.924646
624.159549 1772.506733
886.969194 1648.033358
1032.545814 1631.985901
1017.495842 1727.376551
867.744920 1744.558506
1118.413466 1622.520387
1260.801569 1606.824412
1252.179670 1700.449659
1105.798431 1717.244987
1344.798745 1597.565088
1484.101952 1582.209172
1481.630439 1674.123193
1338.506413 1690.544798
1566.289112 1573.149373
1702.606601 1558.122585
1706.021251 1648.377290
1566.046916 1664.437509
353.328433 1865.807362
513.128276 1847.009472
481.538198 1955.713610
316.704986 1975.914132
607.311576 1835.930317
763.368301 1817.572743
739.512671 1924.098508
578.653662 1943.811986
855.358334 1806.751591
1007.801938 1788.819044
991.327508 1893.238277
834.300686 1912.482115
1097.674435 1778.246985
1246.628959 1760.724873
1237.200717 1863.106200
1083.870753 1881.896984
1334.456203 1750.393405
1480.040076 1733.267796
1477.340138 1833.676806
1327.577998 1852.030349
1565.891098 1723.168799
1708.217450 1706.426384
1711.944025 1804.925799
1565.626616 1822.857185
293.030613 2047.090081
461.125024 2025.957072
426.315151 2145.740807
252.643788 2168.511282
560.139227 2013.508902
724.106269 1992.894791
697.850286 2110.139173
528.574454 2132.333340
820.704144 1980.750403
980.693986 1960.636310
962.582845 2075.429443
797.537758 2097.068906
1074.962918 1948.784721
1231.118533 1929.152671
1220.765298 2041.578513
1059.794304 2062.683812
1323.141743 1917.583415
1475.599331 1898.416284
1472.637769 2008.554900
1315.591858 2029.145571
1565.456122 1887.119393
1714.345508 1868.400862
1718.428791 1976.328640
1565.166130 1996.423281
