2912 4368
2390.945269 2629.485759
2552.750701 2647.440640
2328.954751 2759.786981
2485.789292 2782.712954
2394.675112 2641.497913
2410.381773 2643.283624
2401.649434 2661.515024
2386.008748 2659.661852
2419.323993 2644.300276
2435.225008 2646.108084
2426.387809 2664.446127
2410.553982 2662.570071
2444.278222 2647.137356
2460.377223 2648.967673
2451.433225 2667.413610
2435.402656 2665.514243
2469.543512 2650.009800
2485.844218 2651.863049
2476.791432 2670.418153
2460.560433 2668.495039
2495.125712 2652.918274
2511.631939 2654.794889
2502.468327 2673.460456
2486.033115 2671.513146
2521.030825 2655.863461
2537.746484 2657.763886
2528.469957 2676.541235
2511.826653 2674.569269
2380.730396 2670.724815
2396.330968 2672.618932
2387.655817 2690.730937
2372.120566 2688.770262
2405.212611 2673.697282
2421.005587 2675.614760
2412.226618 2693.831972
2396.500161 2691.847165
2429.997107 2676.706451
2445.986069 2678.647724
2437.101368 2696.971367
2421.180153 2694.961981
2455.089517 2679.753004
2471.278136 2681.718518
2462.285742 2700.149840
2446.166128 2698.115414
2480.495616 2682.837643
2496.887654 2684.827855
2487.785556 2703.368123
2471.463813 2701.308187
2506.221322 2685.961087
2522.820638 2687.976465
2513.606774 2706.626971
2497.079076 2704.541041
2366.876591 2699.761174
2382.372124 2701.762246
2373.753600 2719.756024
2358.322744 2717.689285
2391.193790 2702.901464
2406.879802 2704.927134
2398.158489 2723.024705
2382.538336 2720.932612
2415.810242 2706.080399
2431.690267 2708.131124
2422.864275 2726.333686
2407.051322 2724.215770
2440.731505 2709.298697
2456.809164 2711.374944
2447.876560 2729.683718
2431.867213 2727.539498
2465.963276 2712.557094
2482.242282 2714.659343
2473.201080 2733.075569
2456.991659 2730.904553
2491.511394 2715.856343
2507.995553 2717.985085
2498.843721 2736.510028
2482.430451 2734.311709
2353.112811 2728.608847
2368.504340 2730.715443
2359.941891 2748.592149
2344.614403 2746.420763
2377.266622 2731.914712
2392.846730 2734.047119
2384.182506 2752.026222
2368.667607 2749.828287
2401.716698 2735.261127
2417.488871 2737.419821
2408.721010 2755.502497
2393.015240 2753.277521
2426.468522 2738.648841
2442.436335 2740.834311
2433.562926 2759.021754
2417.662742 2756.769237
2451.527716 2742.078623
2467.694831 2744.291372
2458.713917 2762.584797
2442.615687 2760.304224
2476.900041 2745.551263
2493.270213 2747.791804
2484.179788 2766.192448
2467.879788 2763.883290
