2912 4368
103.170460 2977.404205
955.553263 2855.305138
206.001313 3612.319102
1094.906048 3424.843429
164.381883 3022.219977
254.663550 3008.804450
269.191091 3091.008937
178.353193 3105.303663
307.717155 3000.920878
395.369288 2987.896090
410.737906 3068.734391
322.565521 3082.609658
446.888850 2980.240471
532.024679 2967.589597
548.180060 3047.105776
462.557564 3060.579780
582.075783 2960.152185
664.802131 2947.859352
681.693546 3026.095397
598.511904 3039.185295
713.446678 2940.630948
793.864404 2928.681168
811.444438 3005.677120
730.600743 3018.399105
841.160864 2921.653087
919.365276 2910.032195
937.589576 2985.826263
858.986630 2998.195633
187.067242 3157.123808
278.251018 3142.274782
293.141108 3226.530764
201.390561 3242.300800
331.824898 3133.550424
420.320632 3119.139137
436.067063 3201.964726
347.041733 3217.266353
472.326762 3110.670083
558.251589 3096.677463
574.798285 3178.119676
488.378531 3192.973459
608.757793 3088.452667
692.222140 3074.860729
709.516767 3154.964334
625.589851 3169.389648
741.292382 3066.869776
822.400441 3053.661552
840.394128 3132.469201
758.853723 3146.484323
870.095103 3045.894609
948.945265 3033.054077
967.592338 3110.606440
888.338079 3124.228621
210.325550 3295.434825
302.428552 3279.084019
317.694935 3365.469263
225.014352 3382.785245
356.532318 3269.479119
445.886821 3253.616247
462.025173 3338.503315
372.131511 3355.298602
498.388024 3244.295845
585.115250 3228.899388
602.067651 3312.338470
514.837068 3328.636201
636.084051 3219.851029
720.298193 3204.900712
738.010644 3286.939554
653.326530 3302.761515
769.800719 3196.112658
851.609447 3181.589368
870.031562 3262.273418
787.784015 3277.640144
899.708074 3173.050544
979.212995 3158.936242
998.297725 3238.308802
918.383079 3253.239660
234.178795 3437.283760
327.218575 3419.359040
342.875696 3507.955290
249.247248 3526.891867
381.862073 3408.831614
472.090866 3391.448449
488.635953 3478.474929
397.858219 3496.834943
525.095833 3381.236697
612.639133 3364.370910
630.012347 3449.881214
541.957087 3467.690601
664.078180 3354.460842
749.054120 3338.089674
767.199722 3422.134739
681.746275 3439.417904
798.995627 3328.468117
881.515513 3312.570123
900.381542 3395.198397
817.416271 3411.978322
930.023938 3303.224659
1010.192732 3287.779618
1029.730711 3369.037218
949.146504 3385.335567
