4368 2912
3713.583539 1308.011005
4122.713114 1297.597071
3730.327175 1542.221759
4157.080340 1530.130360
3736.234204 1324.932450
3779.719109 1323.816339
3782.569898 1357.378941
3738.821321 1358.519549
3801.289277 1323.262705
3844.706101 1322.148342
3847.950416 1355.674348
3804.270752 1356.813160
3866.242509 1321.595575
3909.591410 1320.482954
3913.228014 1353.972439
3869.617101 1355.109457
3931.094140 1319.931052
3974.375276 1318.820171
3978.402936 1352.273206
3934.860610 1353.408437
3995.844406 1318.269130
4039.057937 1317.159985
4043.475422 1350.576645
4000.001523 1351.710091
4060.493544 1316.609805
4103.639629 1315.502391
4108.445716 1348.882747
4065.040081 1350.014414
3740.165490 1375.970131
3784.051052 1374.816712
3786.955054 1409.005800
3742.800926 1410.184507
3805.819803 1374.244576
3849.636019 1373.092979
3852.940846 1407.244290
3808.856916 1408.421124
3871.370385 1372.521747
3915.117420 1371.371968
3918.821798 1405.485580
3874.807901 1406.660543
3936.817483 1370.801639
3980.495500 1369.653674
3984.598162 1403.729661
3940.654129 1404.902759
4002.161341 1369.084242
4045.770503 1367.938087
4050.270185 1401.976528
4006.395850 1403.147766
4067.402203 1367.369554
4110.942673 1366.225205
4115.838115 1400.226173
4072.033314 1401.395554
3744.170315 1427.962526
3788.463985 1426.770592
3791.422705 1461.603872
3746.855434 1462.821918
3810.435008 1426.179356
3854.658034 1424.989322
3858.025080 1459.783597
3813.529333 1460.999687
3876.594030 1424.399028
3920.746580 1423.210892
3924.520644 1457.966241
3880.096246 1459.180381
3942.647631 1422.621538
3986.729874 1421.435292
3990.909653 1456.151796
3946.556433 1457.363991
4008.596065 1420.846878
4052.608168 1419.662520
4057.192361 1454.340257
4012.910148 1455.550512
4074.439581 1419.075041
4118.381712 1417.892566
4123.369025 1452.531617
4079.157648 1453.739935
3748.250762 1480.936675
3792.960201 1479.704970
3795.975199 1515.200824
3750.986984 1516.459496
3815.137292 1479.094011
3859.774751 1477.864289
3863.205791 1513.319858
3818.290458 1514.576491
3881.916152 1477.254313
3926.481806 1476.026569
3930.327541 1511.441936
3885.484913 1512.696537
3948.587603 1475.417574
3993.081624 1474.191804
3997.340713 1509.567053
3952.570613 1510.819623
4015.151903 1473.583787
4059.574463 1472.359986
4064.245570 1507.695201
4019.547824 1508.945747
4081.609311 1471.752946
4125.960581 1470.531108
4131.042376 1505.826371
4086.416807 1507.074898
