4368 2912
1577.158396 1657.986096
1754.686002 1663.445766
1560.137553 1776.453802
1741.058351 1779.004552
1585.970821 1668.196596
1604.173715 1668.732297
1601.939659 1684.783695
1583.689282 1684.287580
1614.432946 1669.034221
1632.492252 1669.565696
1630.331646 1685.555498
1612.225559 1685.063305
1642.670716 1669.865243
1660.588128 1670.392542
1658.499887 1686.321218
1640.536385 1685.832901
1670.686775 1670.689740
1688.463959 1671.212912
1686.447016 1687.080928
1668.624421 1686.596442
1698.483724 1671.507788
1716.122318 1672.026882
1714.175626 1687.834697
1696.492288 1687.353997
1726.064123 1672.319464
1743.565743 1672.834527
1741.688271 1688.582596
1724.142563 1688.105637
1582.289959 1694.156570
1600.569472 1694.628314
1598.318854 1710.798706
1579.991462 1710.367147
1610.871735 1694.894187
1629.006526 1695.362195
1626.829966 1711.470064
1608.648007 1711.041929
1639.227386 1695.625967
1657.219167 1696.090285
1655.115567 1712.136112
1637.077317 1711.711361
1667.359584 1696.351981
1685.210041 1696.812652
1683.178323 1712.796912
1665.282084 1712.375505
1695.270962 1697.072297
1712.981753 1697.529363
1711.020856 1713.452526
1693.264958 1713.034424
1722.964109 1697.786980
1740.536866 1698.240484
1738.645748 1714.103016
1721.028547 1713.688180
1578.581719 1720.309623
1596.938490 1720.716442
1594.671126 1737.007157
1576.266076 1736.641130
1607.284142 1720.945720
1625.495043 1721.349307
1623.302353 1737.576555
1605.043892 1737.213444
1635.758648 1721.576767
1653.825411 1721.977159
1651.706283 1738.141433
1633.592668 1737.781202
1664.007941 1722.202823
1681.932270 1722.600059
1679.885613 1738.701844
1661.915126 1738.344460
1692.034682 1722.823946
1709.818255 1723.218063
1707.842997 1739.257841
1690.013949 1738.903270
1719.841490 1723.440196
1737.485959 1723.831229
1735.581046 1739.809477
1717.891773 1739.457685
1574.845797 1746.657915
1593.280472 1746.998828
1590.996173 1763.411214
1572.512815 1763.111712
1603.669875 1747.190959
1621.957518 1747.529152
1619.748516 1763.877112
1601.412917 1763.580005
1632.264222 1747.719754
1650.406585 1748.055260
1648.271756 1764.339298
1630.082153 1764.044556
1660.631574 1748.244351
1678.630382 1748.577202
1676.568621 1764.797815
1658.523276 1764.505411
1688.774623 1748.764800
1706.631573 1749.095028
1704.641796 1765.252708
1686.738999 1764.962614
1716.696019 1749.281150
1734.412781 1749.608786
1732.493921 1765.704019
1714.731991 1765.416208
