4368 2912
3499.527373 1708.061178
4214.656004 1796.222748
3288.397286 2185.747237
3970.805898 2370.066791
3520.851116 1758.220872
3577.197068 1765.815041
3550.485857 1826.596720
3494.469788 1818.067002
3618.274201 1771.351316
3677.692374 1779.359551
3650.398648 1841.810711
3591.323984 1832.815252
3721.040083 1785.201849
3783.788775 1793.658963
3755.888197 1857.873890
3693.497408 1848.373476
3829.600664 1799.833377
3895.967960 1808.778198
3867.434818 1874.859396
3801.440631 1864.810283
3944.460284 1815.313874
4014.768479 1824.789840
3985.575615 1892.849015
3915.656590 1882.202256
4066.183559 1831.719438
4140.794393 1841.775303
4110.913129 1911.934498
4036.708424 1900.635146
3474.386515 1863.625970
3530.150702 1872.869606
3503.309160 1933.947855
3447.878430 1923.759647
3570.806321 1879.608801
3629.618656 1889.357706
3602.188130 1952.121880
3543.723143 1941.375974
3672.527281 1896.470366
3734.644699 1906.767132
3706.600364 1971.312923
3644.844979 1959.962239
3779.998938 1914.285184
3845.708085 1925.177325
3817.023693 1991.608810
3751.692105 1979.600817
3893.723144 1933.136442
3963.344797 1944.677132
3933.992597 2013.107778
3864.764918 2000.383681
4014.261893 1953.117299
4088.156200 1965.366237
4058.106858 2035.920067
3984.623876 2022.413843
3427.698546 1969.537779
3482.874664 1980.446794
3455.901835 2041.823788
3401.062790 2029.961080
3523.104131 1988.400666
3581.303855 1999.907486
3553.735499 2062.987032
3495.887006 2050.473325
3623.768410 2008.303264
3685.247268 2020.458409
3657.058063 2085.337629
3595.945417 2072.117824
3730.138490 2029.333970
3795.181636 2042.193820
3766.344788 2108.978384
3701.683707 2094.990987
3842.713641 2051.591497
3911.640276 2065.219161
3882.127432 2134.024328
3813.599636 2119.200488
3962.053132 2075.186419
4035.221743 2089.652776
4005.002902 2160.604582
3932.250878 2144.866963
3380.785595 2075.959961
3435.367268 2088.550440
3408.262186 2150.228377
3354.021242 2136.674984
3475.165890 2097.730879
3532.746154 2111.013050
3505.038925 2174.410352
3447.813822 2160.111296
3574.761593 2120.704847
3635.594520 2134.737317
3607.259319 2199.952555
3546.796834 2184.844562
3680.017290 2144.984419
3744.386488 2159.832608
3715.395966 2226.973074
3651.413393 2210.985503
3791.429576 2170.684144
3859.652609 2186.421307
3829.977798 2255.604077
3762.158531 2238.657816
3909.554887 2197.932379
3981.988516 2214.640810
3951.598736 2285.993967
3879.587027 2268.000125
