4368 2912
3266.756230 1519.157710
3864.366152 1513.270973
3234.419327 1869.647187
3853.742139 1866.543800
3295.367960 1545.045594
3358.203746 1544.449049
3354.087154 1595.036354
3290.931614 1595.592724
3389.436871 1544.152531
3452.432969 1543.554465
3448.796919 1594.202007
3385.479421 1594.759804
3483.745828 1543.257189
3546.902851 1542.657594
3543.749820 1593.365517
3480.269741 1593.924746
3578.295752 1542.359560
3641.614317 1541.758431
3638.946795 1592.526878
3575.303508 1593.087546
3673.087567 1541.459633
3736.568295 1540.856966
3734.388786 1591.686080
3670.581660 1592.248191
3768.122200 1540.557402
3831.765716 1539.953190
3830.076740 1590.843116
3766.105141 1591.406675
3288.629973 1621.817301
3351.951392 1621.281948
3347.769991 1672.665661
3284.123845 1673.159519
3383.426218 1621.015844
3446.910453 1620.479115
3443.217085 1671.925045
3379.406439 1672.420180
3478.466260 1620.212327
3542.113938 1619.674217
3538.911140 1671.182514
3474.935354 1671.678930
3573.751041 1619.406740
3637.562795 1618.867243
3634.853114 1670.438059
3570.711547 1670.935761
3669.281507 1618.599077
3733.257972 1618.058186
3731.043972 1669.691672
3666.735979 1670.190666
3765.058610 1617.789328
3829.200425 1617.247040
3827.484686 1668.943347
3763.009617 1669.443637
3281.785858 1699.798225
3345.600474 1699.326075
3341.352722 1751.525151
3277.208289 1751.954440
3377.320771 1699.091385
3441.300764 1698.618013
3437.548713 1750.881358
3373.237177 1751.311764
3473.103319 1698.382713
3537.249335 1697.908112
3533.995581 1750.235885
3469.516286 1750.667414
3569.134469 1697.672202
3633.447154 1697.196368
3630.694306 1749.588726
3566.046596 1750.021383
3665.415188 1696.959845
3729.895193 1696.482772
3727.645877 1748.939875
3662.829091 1749.373664
3761.946452 1696.245633
3826.594430 1695.767318
3824.851288 1748.289327
3759.864760 1748.724250
3274.833088 1779.017163
3339.148640 1778.610300
3334.832945 1831.644301
3270.182364 1832.006886
3371.118267 1778.408059
3435.601823 1778.000133
3431.789679 1831.100531
3366.969327 1831.464068
3467.655014 1777.797363
3532.307232 1777.388371
3529.001297 1830.555331
3464.010506 1830.919825
3564.444316 1777.185071
3629.265859 1776.775007
3626.468806 1830.008696
3561.306901 1830.374149
3661.487167 1776.571174
3726.478701 1776.160035
3724.193216 1829.460621
3658.859522 1829.827037
3758.784561 1775.955667
3823.946755 1775.543449
3822.175546 1828.911099
3756.669383 1829.278482
