4368 2912
3443.024897 2054.796668
4182.649733 2107.093311
3395.955663 2426.703829
4230.005237 2509.306311
3483.369586 2089.310846
3550.824525 2094.233267
3546.879183 2139.910800
3478.439486 2134.681904
3595.582739 2097.499430
3664.179750 2102.505194
3661.912470 2148.699516
3592.296499 2143.380751
3709.698978 2105.826890
3779.467314 2110.918128
3778.936574 2157.640334
3708.113741 2152.229362
3825.767133 2114.296788
3896.737053 2119.475710
3898.003627 2166.737236
3825.942274 2161.231640
3943.837715 2122.912809
4016.040531 2128.181700
4019.167595 2175.994345
3945.834948 2170.391621
4063.962995 2131.678770
4137.431114 2137.039994
4142.484366 2185.415933
4067.846483 2179.713485
3475.010719 2166.236394
3544.134941 2171.682491
3539.985142 2219.727137
3469.826474 2213.946313
3590.010514 2175.296895
3660.335092 2180.837565
3657.949279 2229.446961
3586.553379 2223.564194
3707.010774 2184.515007
3778.567251 2190.152735
3778.008517 2239.339414
3705.342369 2233.351983
3826.064159 2193.894879
3898.885189 2199.632237
3900.219172 2249.409136
3826.248571 2243.314223
3947.225187 2203.440807
4021.344590 2209.280460
4024.639597 2259.660935
3949.329099 2253.455619
4070.550328 2213.157238
4146.003140 2219.101946
4151.330271 2270.099795
4074.643139 2263.781049
3466.218653 2247.148608
3537.096826 2253.166866
3532.726255 2303.767517
3460.760093 2297.383017
3584.146952 2257.161887
3656.288344 2263.287405
3653.774451 2314.506342
3580.505238 2308.006243
3704.180767 2267.353946
3777.619453 2273.589616
3777.030449 2325.441035
3702.422470 2318.822166
3826.376994 2277.729614
3901.148284 2284.078436
3902.555207 2336.577001
3826.571433 2329.836077
3950.794599 2288.293899
4026.935096 2294.758981
4030.411948 2347.919849
3953.013970 2341.053464
4077.494707 2299.051991
4155.042370 2305.636555
4160.666266 2359.475399
4081.814232 2352.480017
3456.958817 2332.365645
3529.682213 2339.010175
3525.072772 2392.376368
3451.203578 2385.330350
3577.968595 2343.421966
3652.023142 2350.188120
3649.370570 2404.232523
3574.127111 2397.055420
3701.197433 2354.681036
3776.620018 2361.572184
3775.998216 2416.310909
3699.341780 2408.999030
3826.706935 2366.148484
3903.535821 2373.168122
3905.021833 2428.617836
3826.912243 2421.167347
3954.561009 2377.830149
4032.835898 2384.981905
4036.510074 2441.159852
3956.905614 2433.566775
4084.825970 2389.732090
4164.588071 2397.019727
4170.534240 2453.943756
4089.391582 2446.203958
