4368 2912
3206.508522 1916.865479
3960.249037 1942.015017
3272.344922 2426.728051
4121.327652 2434.554444
3257.345682 1959.450036
3333.674739 1961.851741
3344.027666 2025.112063
3266.476503 2022.903437
3379.842992 1963.304432
3455.292698 1965.678468
3467.573778 2028.630608
3390.930639 2026.447841
3500.930597 1967.114471
3575.516062 1969.461314
3589.680152 2032.108149
3513.929181 2029.950791
3620.632693 1970.880914
3694.368680 1973.201028
3710.371806 2035.545400
3635.497519 2033.413009
3738.972923 1974.604507
3811.873863 1976.898346
3829.673188 2038.943056
3755.660451 2036.835203
3855.974398 1978.285976
3928.054396 1980.553983
3947.608182 2042.301799
3874.442209 2040.218061
3272.367516 2063.842224
3350.706501 2065.922283
3361.632202 2132.682466
3282.005416 2130.819507
3398.083030 2067.180227
3475.495259 2069.235679
3488.451674 2135.649553
3409.782689 2133.809002
3522.312972 2070.478784
3598.814792 2072.510063
3613.753079 2138.581122
3536.024715 2136.762578
3645.083519 2073.738591
3720.690898 2075.746121
3737.563512 2141.477808
3660.758999 2139.680879
3766.420239 2076.960328
3841.148770 2078.944522
3859.909427 2144.340229
3784.012393 2142.564531
3886.348103 2080.144657
3960.213022 2082.105921
3980.816656 2147.168991
3905.811111 2145.414151
3288.228177 2174.063734
3368.685708 2175.782065
3380.233065 2246.340804
3298.416604 2244.866820
3417.335380 2176.821076
3496.814809 2178.518517
3510.503838 2248.687726
3429.699159 2247.231971
3544.874852 2179.544935
3623.393906 2181.221865
3639.171647 2251.005770
3559.360098 2249.567907
3670.874977 2182.235918
3748.450958 2183.892707
3766.265897 2253.295466
3687.429280 2251.875167
3795.363454 2184.894617
3872.013253 2186.531626
3891.815280 2255.557329
3813.935838 2254.154275
3918.367326 2187.521609
3994.107430 2189.139189
4015.847791 2257.791866
3938.908200 2256.405743
3304.999946 2290.616860
3387.693676 2291.927972
3399.917297 2366.618942
3315.787453 2365.583171
3437.686723 2292.720614
3519.346619 2294.015333
3533.832204 2368.267646
3450.772819 2367.245054
3568.716603 2294.798096
3649.361932 2296.076730
3666.051928 2369.895480
3584.042700 2368.885817
3698.120430 2296.849798
3777.769983 2298.112644
3796.608453 2371.502837
3715.629591 2370.505859
3825.928285 2298.876195
3904.600391 2300.123543
3925.532966 2373.090102
3845.565173 2372.105572
3952.169511 2300.877753
4029.882054 2302.109887
4052.855878 2374.657648
3973.880336 2373.685334
