4368 2912
2705.558786 591.612194
3717.451992 544.769001
2670.899316 1281.712437
3685.657371 1263.521048
2766.221252 652.604729
2855.540643 648.680952
2851.212714 736.543581
2761.862721 740.147757
2919.426003 645.874486
3009.876245 641.901031
3005.601996 730.315867
2915.120171 733.965699
3074.573008 639.058919
3166.175713 635.034837
3161.956864 724.008865
3070.321564 727.705226
3231.699436 632.156398
3324.476770 628.080714
3320.315098 717.621053
3227.504123 721.364837
3390.843410 625.165247
3484.818114 621.036963
3480.715447 711.150866
3386.706028 714.942993
3552.044042 618.083746
3647.239445 613.901838
3643.197671 704.596701
3547.966442 708.438113
2758.670429 804.266359
2848.042824 800.896479
2843.707064 888.918101
2754.304040 891.967223
2911.966458 798.486171
3002.471405 795.073586
2998.189373 883.649428
2907.652812 886.737209
3067.207669 792.632637
3158.866834 789.176532
3154.640254 878.313616
3062.948463 881.440797
3224.431323 786.704353
3317.266927 783.203888
3313.097580 872.909373
3220.228303 876.076713
3383.675640 780.699877
3477.710477 777.154195
3473.600194 867.435375
3379.530605 870.643652
3544.979823 774.617733
3640.237282 771.025950
3636.187957 861.890263
3540.894633 865.140275
2751.105991 956.201479
2840.531436 953.387503
2836.187822 1041.568551
2746.731722 1044.060604
2904.493376 951.374794
2995.053079 948.525127
2990.763240 1037.262415
2900.171897 1039.786093
3059.828880 946.486808
3151.544558 943.600765
3147.310225 1032.901355
3055.561890 1035.457265
3217.149854 941.536344
3310.043784 938.613224
3305.866739 1028.484314
3212.939103 1031.073076
3376.494612 936.522197
3470.589643 933.561283
3466.471723 1024.010207
3372.341905 1026.632460
3537.902453 931.443132
3633.222035 928.443683
3629.165136 1019.477921
3533.809653 1022.134318
2743.527899 1108.410827
2833.006440 1106.154772
2828.654951 1194.495679
2739.145731 1196.428642
2897.006720 1104.541111
2987.621228 1102.256415
2983.323563 1191.155590
2892.677387 1193.113107
3052.436604 1100.622202
3144.208848 1098.308316
3139.966742 1187.772861
3048.161809 1189.755401
3209.854992 1096.653157
3302.807303 1094.309517
3298.622540 1184.346669
3205.636488 1186.354715
3369.300288 1092.633005
3463.455576 1090.259035
3459.329998 1180.876171
3365.139887 1182.910218
3530.811895 1088.560756
3626.193664 1086.155861
3622.129172 1177.360502
3526.711463 1179.421060
