4368 2912
3614.690305 754.027592
4075.468656 879.770188
3441.681156 1042.107542
3880.184524 1187.181700
3627.035840 789.008776
3666.250099 799.894452
3643.722781 837.068536
3604.748999 825.966321
3694.801276 807.820112
3734.915671 818.955661
3711.964327 856.508072
3672.098104 845.151634
3764.126000 827.064298
3805.171884 838.458423
3781.782808 876.396818
3740.993138 864.777323
3835.064457 846.756448
3877.074656 858.418263
3853.233524 896.750530
3811.487946 884.858732
3907.673659 866.912389
3950.682560 878.851437
3926.374392 917.585704
3883.638903 905.411917
3982.013333 887.548698
4026.056976 899.774987
4001.266098 938.919627
3957.505065 926.453701
3588.302880 853.238384
3627.099664 864.499639
3604.759696 901.364564
3566.200185 889.890567
3655.345554 872.698365
3695.029125 884.217022
3672.270826 921.453578
3632.832085 909.717952
3723.924345 892.604224
3764.525459 904.389209
3741.335370 942.004835
3700.986984 929.998529
3794.092660 912.971461
3835.643511 925.032120
3812.007571 963.034476
3770.717699 950.748016
3865.906410 933.816307
3908.440716 946.162427
3884.344221 984.559399
3842.079522 971.982864
3939.424158 955.155761
3982.977253 967.797595
3958.404821 1006.597311
3915.130362 993.720307
3549.889673 916.937758
3588.274538 928.568011
3566.119590 965.127618
3527.968849 953.288346
3616.219225 937.034989
3655.477767 948.929957
3632.910087 985.854628
3593.893092 973.746534
3684.062139 957.590753
3724.224530 969.759581
3701.230901 1007.056539
3661.317811 994.670362
3753.470806 978.620926
3794.568622 991.073179
3771.135236 1028.749864
3730.294823 1016.075910
3824.500062 1000.142124
3866.566369 1012.887820
3842.678793 1050.951886
3800.878359 1037.980010
3897.207334 1022.171744
3940.276776 1035.221380
3915.919914 1073.680710
3873.125206 1060.400283
3511.792273 980.113436
3549.770681 992.106229
3527.798466 1028.364295
3490.051087 1016.166138
3577.418181 1000.836736
3616.257389 1013.101352
3593.877942 1049.718040
3555.277055 1037.244068
3644.535101 1022.030867
3684.264710 1034.576654
3661.465053 1071.558979
3621.981379 1058.799733
3713.194431 1043.712059
3753.845415 1056.548797
3730.611991 1093.903980
3690.214896 1080.849561
3783.449958 1065.897298
3825.054745 1079.035227
3801.373383 1116.770697
3760.030802 1103.410741
3855.357999 1088.604366
3897.950556 1102.054212
3873.806442 1140.177616
3831.484786 1126.501270
