4368 2912
1009.470536 1050.792242
2036.830811 921.751073
1183.768418 1782.441145
2229.381386 1600.906674
1094.773027 1108.991948
1193.540920 1096.188659
1215.623012 1185.961077
1116.615456 1199.381773
1262.992919 1087.185591
1359.670446 1074.653276
1382.144905 1163.388659
1285.240685 1176.524244
1427.660276 1065.839750
1522.313103 1053.569896
1545.158632 1141.291782
1450.291426 1154.151245
1588.886458 1044.939987
1681.577529 1032.924437
1704.773898 1119.655573
1611.880148 1132.247531
1746.778217 1024.472467
1837.567896 1012.703394
1861.095884 1098.465776
1770.114642 1110.798489
1901.437937 1004.423916
1990.384134 992.893813
2014.225471 1077.708717
1925.098278 1089.790109
1132.705611 1265.967140
1231.889033 1252.088867
1254.265450 1343.057830
1154.841028 1357.569427
1301.628261 1242.330584
1398.698785 1228.747959
1421.469584 1318.653375
1324.171229 1332.854659
1466.960240 1219.196453
1561.984671 1205.900129
1585.128235 1294.766403
1489.888472 1308.667224
1628.814831 1196.548897
1721.857186 1183.529916
1745.352988 1271.380631
1652.107171 1284.990422
1787.300600 1174.372725
1878.422253 1161.622498
1902.250798 1248.480444
1810.936957 1261.808253
1942.521642 1152.653371
2031.781459 1140.163663
2055.924222 1226.050878
1966.482930 1239.105376
1171.147737 1425.050954
1270.749000 1410.069962
1293.425666 1502.259554
1193.582077 1517.890265
1340.776973 1399.537078
1438.242460 1384.877327
1461.315499 1475.976069
1363.621058 1491.270327
1506.776820 1374.569098
1602.174499 1360.220365
1625.621968 1450.253568
1530.008021 1465.222120
1669.262525 1350.129677
1762.657510 1336.082170
1786.458581 1425.074279
1692.859372 1439.727420
1828.344510 1326.202209
1919.799210 1312.446539
1943.934107 1400.421175
1852.286618 1414.768771
1984.128616 1302.770775
2073.702873 1289.297941
2098.152813 1376.277933
2008.396629 1390.329441
1210.109742 1586.286167
1310.131137 1570.173885
1333.114135 1663.608840
1232.849102 1680.387727
1380.449356 1558.846439
1478.311744 1543.081947
1501.693082 1635.397935
1403.600632 1651.813250
1547.120268 1531.997696
1642.892807 1516.569855
1666.650206 1607.793125
1570.660485 1623.856559
1710.239737 1505.721049
1803.988664 1490.619188
1828.100990 1580.775085
1734.147101 1596.497832
1869.920078 1479.998405
1961.708857 1465.212302
1986.156053 1554.325304
1894.173908 1569.718089
2026.268921 1454.812428
2116.158391 1440.332281
2140.921409 1528.426039
2050.849587 1543.499141
