2912 4368
2205.877987 2654.845474
2493.775039 2649.452703
2215.285612 2852.365651
2516.823956 2842.190626
2225.856925 2672.587908
2252.418704 2672.056685
2253.845730 2695.992504
2227.128277 2696.575753
2271.595401 2671.673160
2297.972460 2671.145633
2299.664966 2694.992258
2273.134417 2695.571427
2317.016028 2670.764771
2343.210289 2670.240899
2345.164552 2693.998990
2318.818953 2694.574121
2362.122109 2669.862672
2388.135464 2669.342417
2390.347821 2693.012627
2364.185246 2693.583763
2406.916898 2668.966799
2432.751215 2668.450125
2435.218062 2692.033098
2409.236608 2692.600280
2451.403608 2668.077086
2477.060729 2667.563956
2479.778515 2691.060331
2453.976308 2691.623600
2228.086192 2714.649686
2254.920916 2714.026854
2256.378007 2738.466952
2229.384384 2739.143951
2274.293965 2713.577208
2300.940131 2712.958752
2302.668168 2737.305997
2275.865356 2737.978210
2320.177290 2712.512260
2346.636878 2711.898135
2348.632022 2736.153224
2322.018008 2736.820703
2365.739572 2711.454763
2392.014534 2710.844924
2394.273010 2735.008550
2367.845803 2735.671343
2410.984169 2710.404640
2437.076431 2709.799042
2439.594519 2733.871888
2413.352163 2734.530046
2455.914391 2709.361814
2481.825852 2708.760411
2484.599895 2732.743155
2458.540453 2733.396725
2230.362629 2757.601475
2257.475967 2756.883260
2258.964081 2781.843742
2231.688520 2782.618368
2277.049426 2756.364771
2303.970244 2755.651656
2305.734943 2780.515449
2278.654226 2781.284542
2323.404968 2755.136842
2350.135309 2754.428771
2352.172632 2779.196619
2325.284680 2779.960237
2369.432767 2753.917593
2395.974647 2753.214516
2398.280698 2777.887150
2371.583459 2778.645352
2415.136288 2752.706936
2441.491692 2752.008797
2444.062637 2776.586943
2417.554089 2777.339786
2460.518945 2751.504777
2486.689833 2750.811527
2489.521898 2775.295900
2463.200048 2776.043441
2232.687750 2801.471826
2260.085543 2800.654271
2261.605685 2826.151937
2234.042235 2827.028253
2279.863603 2800.064091
2307.064790 2799.252404
2308.867330 2824.649363
2281.502887 2825.519352
2326.701177 2798.666451
2353.707867 2797.860566
2355.788720 2823.157605
2328.621136 2824.021336
2373.204099 2797.278796
2400.018370 2796.478654
2402.373515 2821.676550
2375.400672 2822.534089
2419.375940 2795.901021
2445.999843 2795.106559
2448.625324 2820.206082
2421.845137 2821.057495
2465.220226 2794.533020
2491.655778 2793.744179
2494.547706 2818.746086
2467.958117 2819.591440
