4368 2912
3186.336911 1752.530525
3705.337704 1801.214011
3129.876575 2082.975808
3659.469572 2153.983958
3208.228927 1779.699208
3260.577993 1784.762654
3252.627691 1833.266371
3200.135011 1827.889098
3286.803498 1787.299308
3340.118861 1792.456219
3332.391268 1841.437234
3278.926025 1835.960334
3366.830695 1795.039912
3421.139360 1800.292901
3413.644196 1849.760664
3359.179109 1844.181341
3448.351179 1802.924955
3503.681166 1808.276730
3496.428585 1858.240975
3440.935343 1852.556329
3531.407140 1810.958516
3587.787531 1816.411891
3580.788142 1866.882644
3524.237354 1861.089664
3616.042372 1819.144831
3673.503366 1824.702727
3666.768258 1875.690321
3609.129402 1869.785881
3195.945136 1852.834954
3248.512019 1858.375533
3240.472246 1907.425096
3187.760692 1901.563835
3274.847985 1861.151360
3328.390679 1866.794791
3320.575312 1916.332157
3266.881590 1910.361683
3355.217802 1869.622386
3409.763733 1875.371559
3402.182635 1925.406482
3347.479037 1919.323716
3437.095881 1878.252384
3492.673513 1884.110298
3485.336990 1934.652830
3429.594754 1928.454573
3520.525082 1887.045870
3577.163964 1893.015641
3570.082788 1944.076139
3513.272051 1937.759070
3605.549905 1896.007537
3663.280726 1902.092399
3656.466158 1953.681538
3598.555901 1947.242206
3183.523823 1926.789485
3236.310126 1932.817626
3228.179365 1982.422301
3175.247323 1976.066451
3262.757386 1935.837876
3316.529153 1941.978556
3308.624508 1992.081803
3254.700555 1985.606849
3343.472466 1945.055455
3398.257553 1951.311855
3390.589035 2001.923747
3335.645023 1995.326309
3425.711008 1954.447011
3481.538331 1960.822434
3474.116401 2011.953350
3418.123112 2005.229919
3509.516553 1964.017518
3566.416138 1970.515391
3559.251733 2022.176030
3502.178819 2015.322962
3594.934321 1973.772138
3652.937360 1980.396025
3646.041918 2032.597418
3587.857850 2025.610928
3170.962664 2001.576629
3223.970007 2008.103022
3215.746703 2058.272286
3162.592547 2051.410980
3250.529398 2011.373079
3304.531997 2018.022009
3296.536535 2068.700892
3242.380580 2061.710270
3331.592410 2021.353753
3386.618561 2028.128706
3378.861102 2079.327605
3323.674756 2072.203978
3414.194309 2031.523899
3470.273390 2038.428491
3462.764554 2090.158126
3406.518128 2082.897661
3498.379335 2041.888963
3555.541860 2048.926952
3548.292751 2101.198375
3490.955404 2093.797090
3584.193441 2052.454603
3642.471115 2059.629891
3635.493350 2112.454503
3577.033034 2104.908262
