4368 2912
751.099728 1599.011662
1838.762991 1499.966413
854.265388 2350.632594
2007.969936 2179.164615
821.958834 1651.543291
941.385258 1640.142954
957.220456 1740.670566
836.743424 1753.095166
1004.913307 1634.078625
1121.124532 1622.985209
1138.500576 1721.975443
1021.298650 1734.062286
1182.953737 1617.083049
1296.077876 1606.284323
1314.907199 1703.782916
1200.848621 1715.545590
1356.275480 1600.537915
1466.433931 1590.022290
1486.634243 1686.072985
1375.594231 1697.524361
1525.063677 1584.425548
1632.371553 1574.182037
1653.865476 1668.826701
1545.725766 1679.978973
1689.493905 1568.729190
1794.060440 1558.747364
1816.775167 1652.026090
1711.423594 1662.890826
845.125089 1810.666861
966.196482 1797.653656
982.529671 1901.342692
860.378918 1915.441830
1030.585831 1790.732847
1148.347955 1778.075333
1166.262865 1880.135457
1047.483937 1893.845405
1210.989305 1771.342407
1325.576006 1759.026200
1344.981275 1859.507049
1229.436461 1872.843703
1386.539583 1752.473606
1498.077590 1740.485084
1518.887442 1839.434089
1406.446431 1852.412489
1557.429908 1734.105675
1666.039292 1722.431931
1688.173150 1819.894442
1578.712537 1832.528833
1723.843395 1716.218930
1829.638005 1704.847730
1853.020127 1800.867131
1746.422963 1813.171011
869.028726 1974.855340
991.790210 1960.131972
1008.645256 2067.133948
884.774494 2083.009320
1057.064041 1952.303372
1176.418011 1937.988683
1194.897250 2043.263748
1074.499363 2058.694034
1239.892535 1930.375882
1355.978924 1916.453090
1375.986973 2020.055150
1258.917931 2035.058809
1417.727528 1909.047287
1530.678707 1895.500515
1552.126111 1997.481022
1438.249741 2012.075506
1590.770840 1888.293380
1700.712128 1875.107598
1723.514935 1975.515698
1612.702390 1989.717520
1759.213560 1868.091244
1866.263686 1855.252213
1890.343054 1954.134878
1782.472329 1967.959673
893.705523 2144.354464
1018.204053 2127.816677
1035.606373 2238.292942
909.967416 2256.053591
1084.386467 2119.025323
1205.374822 2102.953811
1224.445480 2211.598155
1102.385036 2228.852937
1269.704341 2094.408587
1387.328908 2078.783904
1407.968268 2185.654897
1289.335597 2202.425120
1449.882273 2070.474616
1564.281409 2055.278383
1586.396119 2160.431873
1471.048832 2176.737665
1625.131175 2047.195393
1736.435754 2032.410227
1759.938300 2135.899500
1647.741783 2151.759890
1795.650580 2024.544414
1903.984491 2010.153858
1928.792765 2112.029795
1819.619663 2127.462787
