2912 4368
320.055771 1955.002438
660.196529 1923.158952
329.638156 2193.739401
672.724770 2156.419692
343.514604 1975.162853
374.785536 1972.195135
376.044936 2001.897677
344.739497 2004.928053
397.363637 1970.052397
428.421370 1967.104912
429.739611 1996.700015
398.647858 1999.709707
450.845797 1964.976757
481.692501 1962.049300
483.068755 1991.537737
452.188511 1994.526954
503.964820 1959.935581
534.602641 1957.027948
536.036091 1986.410482
505.365203 1989.379434
556.724393 1954.928518
587.155443 1952.040508
588.645288 1981.317895
558.181634 1984.266787
609.128151 1949.955223
639.354517 1947.086637
640.899966 1976.259625
610.641452 1979.188659
345.654736 2027.168548
376.985953 2024.091263
378.250559 2053.916612
346.884704 2057.057061
399.607419 2021.869430
430.724586 2018.813167
432.048259 2048.530215
400.896943 2051.649184
453.191769 2016.606488
484.097070 2013.571035
485.478976 2043.180562
454.540007 2046.278271
506.411543 2011.379355
537.107136 2008.364499
538.546454 2037.867278
507.817668 2040.943941
559.270450 2006.187664
589.758462 2003.193196
591.254384 2032.589993
560.733646 2035.645826
611.772148 2001.031059
642.054677 1998.056773
643.606408 2027.348341
613.291612 2030.383555
347.803737 2079.389790
379.195471 2076.202053
380.465316 2106.150973
349.038812 2109.402383
401.860469 2073.900491
433.037297 2070.734577
434.366435 2100.574324
403.155328 2103.803449
455.547397 2068.448743
486.511518 2065.304430
487.899109 2095.035795
456.901194 2098.242862
508.868303 2063.034166
539.621886 2059.911232
541.067106 2089.534996
510.280205 2092.720230
561.826916 2057.656377
592.372102 2054.554605
593.874138 2084.071542
563.296104 2087.235167
614.426918 2052.315004
644.765817 2049.234180
646.323868 2078.645054
615.952583 2081.787289
349.961665 2131.827921
381.414147 2128.528842
382.689265 2158.602103
351.201877 2161.965368
404.122845 2126.146907
435.359561 2122.870461
436.694198 2152.833670
405.423072 2156.173836
457.912742 2120.504839
488.935905 2117.250792
490.329218 2147.104748
459.272133 2150.422051
511.335162 2114.901314
542.146953 2111.669440
543.598111 2141.414934
512.752878 2144.709608
564.393856 2109.335942
594.996429 2106.126012
596.504615 2135.763828
565.869072 2139.036105
617.092526 2103.808333
647.488005 2100.620125
649.052415 2130.151035
618.624431 2133.401142
