4368 2912
424.383047 1819.018000
1008.424002 1728.315750
716.879374 2433.120860
1276.748077 2201.510749
506.980593 1875.193692
560.581035 1865.655226
589.250772 1923.923962
535.771388 1934.730986
612.074505 1856.491706
661.635181 1847.672137
690.027037 1903.559265
640.610749 1913.545225
709.319437 1839.186486
755.280429 1831.007499
783.356900 1884.699325
737.557652 1893.954359
799.563041 1823.127187
842.302755 1815.521442
870.036283 1867.183301
827.471000 1875.784822
883.535155 1808.183931
923.380757 1801.093207
950.751578 1850.872491
911.089431 1858.887351
961.867581 1794.244285
999.103388 1787.617988
1026.097863 1835.646641
989.051657 1843.132876
566.754406 1998.801640
620.092582 1986.607245
649.782307 2046.949016
596.590821 2060.501201
671.298504 1974.900335
720.549519 1963.640364
749.911898 2021.437889
700.829705 2033.943104
767.905403 1952.813665
813.521666 1942.384686
842.521691 1997.842665
797.090346 2009.417713
857.445956 1932.342533
899.815487 1922.655835
928.428140 1975.955326
886.254944 1986.700259
940.668113 1913.315938
980.125605 1904.295003
1008.333634 1955.596917
969.080253 1965.597937
1018.217867 1895.586192
1055.053539 1887.164668
1082.845742 1936.612641
1046.219117 1945.944413
628.709389 2126.920089
681.731229 2111.882407
712.496359 2174.409844
659.649438 2190.901887
732.596842 2097.456260
781.486730 2083.590454
811.870260 2143.398034
763.175957 2158.594162
828.464153 2070.267048
873.686934 2057.441281
903.656845 2114.754013
858.644246 2128.801184
917.205540 2045.098840
959.158858 2033.200335
988.693112 2088.216577
946.959908 2101.240340
999.587050 2021.734376
1038.613067 2010.666091
1067.697313 2063.561580
1028.897747 2075.669837
1076.268726 1999.986458
1112.663472 1989.664436
1141.289293 2040.595585
1105.124560 2051.881585
692.967147 2259.800512
745.613093 2241.716712
777.513132 2306.550753
725.073218 2326.193558
796.080441 2224.381257
844.552819 2207.731071
876.011710 2269.655416
827.764254 2287.727821
891.097037 2191.743205
935.873177 2176.362672
966.862456 2235.624784
922.324062 2252.307858
978.934565 2161.571152
1020.421688 2147.320391
1050.922796 2204.137684
1009.681624 2219.585693
1060.377039 2133.595790
1098.924669 2120.354740
1128.926601 2174.919224
1090.629605 2189.264412
1136.098319 2107.585649
1172.008155 2095.250677
1201.505671 2147.732748
1165.848465 2161.089130
