4368 2912
559.459928 1844.236631
1625.235466 1708.908156
605.187046 2556.839425
1740.422765 2376.672681
634.740088 1899.235579
736.118402 1886.092909
743.150606 1971.463537
640.942161 1985.106491
807.622977 1876.823066
907.457395 1863.880547
915.874847 1948.408018
815.235995 1961.841459
977.877155 1854.751339
1076.202679 1842.004433
1085.962612 1925.704419
986.857472 1938.933139
1145.562125 1833.012684
1242.412706 1820.456989
1253.473809 1903.344745
1155.867587 1916.373387
1310.735608 1811.599617
1406.144186 1799.230863
1418.466545 1881.321240
1322.325490 1894.154308
1473.453607 1790.504879
1567.452149 1778.318922
1580.997192 1859.626378
1486.288560 1872.268244
645.547877 2048.874998
748.372435 2034.856308
755.614549 2122.775235
651.935939 2137.321017
820.888848 2024.969711
922.124602 2011.167633
930.791346 2098.198483
828.728371 2112.517596
993.524834 2001.433211
1093.208325 1987.842764
1103.255063 2074.002368
1002.770251 2088.100070
1163.517949 1978.257031
1261.684607 1964.873382
1273.068247 2050.178114
1174.125274 2064.059501
1330.928421 1955.432957
1427.612606 1942.251422
1440.291532 2026.717215
1342.855182 2040.387228
1495.814664 1932.953026
1591.049705 1919.969063
1604.983720 2003.611420
1509.019841 2017.074850
656.680813 2203.016249
760.993420 2188.074480
768.454985 2278.657531
663.263357 2294.154972
834.550669 2177.538117
937.227575 2162.830646
946.154852 2252.477755
842.626957 2267.730085
1009.635896 2152.458856
1110.715274 2137.980215
1121.061651 2226.709470
1019.158329 2241.722459
1182.001378 2127.769172
1281.520224 2113.514062
1293.240718 2201.343051
1192.924027 2216.122288
1351.709999 2103.460058
1449.704175 2089.423343
1462.755371 2176.369168
1363.988542 2190.920071
1518.822719 2079.522781
1615.326995 2065.699480
1629.666982 2151.778782
1532.414371 2166.106600
668.153793 2361.865589
773.998089 2345.950563
781.689232 2439.320692
674.939837 2455.821882
848.626434 2334.729249
952.786025 2319.067539
961.985762 2411.450677
856.950379 2427.686918
1026.231235 2308.024124
1128.746026 2292.609730
1139.405647 2384.025331
1036.043321 2400.002952
1201.036015 2281.740017
1301.944660 2266.567127
1314.017184 2357.034096
1212.288259 2372.759227
1373.106472 2255.867051
1472.446424 2240.930034
1485.886531 2330.466745
1385.752592 2345.945325
1542.506262 2230.395652
1640.313820 2215.689051
1655.077782 2304.313370
1556.501610 2319.551154
