4368 2912
3684.384770 1154.758445
4305.306530 1142.088427
3633.123714 1482.188662
4273.027405 1489.113853
3713.947547 1180.248214
3774.017696 1179.164642
3767.362172 1224.757659
3707.054342 1225.589646
3807.824292 1178.554824
3868.959707 1177.452037
3862.686188 1223.442601
3801.303900 1224.289410
3903.368485 1176.831356
3965.597755 1175.708838
3959.721050 1222.103940
3897.235332 1222.965972
4000.624950 1175.077002
4063.977696 1173.934217
4058.513233 1220.741036
3994.894062 1221.618705
4099.640130 1173.290922
4164.147056 1172.127317
4159.110912 1219.353223
4094.327165 1220.246959
4200.462167 1171.472250
4266.155103 1170.287252
4261.564036 1217.939815
4195.583442 1218.850061
3703.048204 1251.940818
3763.494010 1251.256126
3756.740960 1297.517232
3696.054564 1297.942881
3797.514189 1250.870767
3859.039811 1250.173844
3852.673539 1296.844368
3790.897947 1297.277657
3893.670456 1249.781570
3956.305089 1249.072084
3950.340712 1296.159338
3887.446333 1296.600474
3991.562781 1248.672707
4055.336684 1247.950317
4049.789953 1295.461808
3985.746118 1295.911007
4091.238609 1247.543643
4156.183149 1246.807993
4151.070487 1294.751434
4085.845394 1295.208918
4192.747126 1246.393819
4258.894836 1245.644539
4254.233365 1294.027858
4187.794029 1294.493858
3691.989843 1324.679395
3752.815908 1324.405415
3745.963174 1371.349401
3684.893556 1371.356634
3787.052321 1324.251202
3848.973052 1323.972291
3842.511955 1371.337966
3780.338098 1371.345330
3883.828385 1323.815290
3946.873600 1323.531314
3940.819573 1371.326323
3877.511254 1371.333821
3982.364791 1323.371450
4046.565402 1323.082269
4040.934533 1371.314466
3976.460414 1371.322102
4082.710011 1322.919461
4148.098072 1322.624932
4142.907135 1371.302389
4077.234716 1371.310166
4184.914311 1322.459100
4251.523075 1322.159071
4246.789568 1371.290086
4179.885130 1371.298009
3680.768958 1398.487006
3741.979968 1398.635962
3735.025326 1446.278063
3673.567749 1445.854394
3776.435311 1398.719809
3838.756143 1398.871465
3832.198087 1446.947940
3769.620917 1446.516553
3873.839039 1398.956839
3937.300152 1399.111271
3931.154440 1447.630114
3867.426799 1447.190796
3973.027904 1399.198214
4037.660882 1399.355497
4031.943943 1448.324924
3967.033811 1447.877454
4074.051433 1399.444053
4139.889038 1399.604267
4134.618013 1449.032726
4068.492169 1448.576875
4176.961006 1399.694482
4244.037231 1399.857711
4239.230005 1449.753887
4171.853972 1449.289418
