4368 2912
819.671522 1497.273579
1147.254087 1467.376780
815.513254 1717.655538
1151.255564 1679.596687
841.910945 1516.637788
871.487786 1513.880971
871.161648 1539.684144
841.495343 1542.527101
894.160070 1511.767719
923.424641 1509.040008
923.254313 1534.692044
893.902149 1537.504896
945.858184 1506.949008
974.815406 1504.249945
974.797633 1529.752588
945.754647 1532.535811
997.013958 1502.180848
1025.668648 1499.509983
1025.800251 1524.864948
997.061585 1527.619007
1047.635883 1497.462447
1075.992756 1494.819342
1076.270633 1520.028313
1047.831527 1522.753665
1097.732271 1492.793031
1125.795947 1490.177254
1126.217065 1515.241888
1098.072860 1517.938980
841.151946 1563.918422
870.892176 1561.003943
870.562470 1587.089395
840.731783 1590.091817
893.689046 1558.769898
923.113583 1555.886355
922.941401 1581.817520
893.428311 1584.787976
945.669104 1553.675962
974.782948 1550.822867
974.764982 1576.601540
945.564444 1579.540538
997.100933 1548.635752
1025.908979 1545.812624
1026.042000 1571.440571
997.149074 1574.348609
1047.993161 1543.648421
1076.500202 1540.854792
1076.781054 1566.333748
1048.190906 1569.211311
1098.354235 1538.713143
1126.564963 1535.948551
1126.990568 1561.280222
1098.698463 1564.127787
840.384608 1611.718509
870.290043 1608.643065
869.956709 1635.015453
839.959809 1638.180688
893.212876 1606.285704
922.799136 1603.243082
922.625070 1629.457956
892.949279 1632.589307
945.477970 1600.910814
974.750139 1597.900494
974.731978 1623.959702
945.372167 1627.057711
997.188849 1595.592919
1026.151902 1592.614388
1026.286362 1618.519750
997.237513 1621.584947
1048.354282 1590.331118
1077.013089 1587.383875
1077.296965 1613.137176
1048.554162 1616.170080
1098.982852 1585.124526
1127.342183 1582.208081
1127.772346 1607.811079
1099.330778 1610.812197
839.608793 1660.046658
869.681277 1656.806864
869.344257 1683.470950
839.179281 1686.802426
892.731473 1654.323602
922.481244 1651.118575
922.305263 1677.621839
892.464968 1680.917456
945.284747 1648.661889
974.716972 1645.491073
974.698612 1671.835421
945.177783 1675.095756
997.277720 1643.060540
1026.397457 1639.923388
1026.533381 1666.110694
997.326915 1669.336310
1048.719307 1637.518593
1077.531505 1634.414573
1077.818455 1660.446675
1048.921358 1663.638124
1099.618231 1632.035108
1128.127737 1628.963698
1128.562533 1654.842406
1099.969915 1658.000227
