4368 2912
592.268896 1360.683389
1890.936797 1520.344173
624.608810 2212.384821
2085.703966 2258.433472
683.239867 1444.025165
822.418795 1460.076618
830.232417 1557.626816
688.748363 1542.816532
911.691133 1470.372363
1044.108473 1485.644004
1055.440095 1581.201131
920.944121 1567.122346
1129.095952 1495.445578
1255.232740 1509.992886
1269.739340 1603.633571
1141.726213 1590.233399
1336.236613 1519.335032
1456.529316 1533.208343
1473.903972 1625.005139
1351.916017 1612.235670
1533.823244 1542.122623
1648.668802 1555.367717
1668.636311 1645.389353
1552.257941 1633.207085
1722.501941 1563.882865
1832.262142 1576.541467
1854.575250 1664.853090
1743.428238 1653.218431
692.752122 1614.621394
835.909037 1628.497343
844.196998 1731.969490
698.600428 1719.507025
927.664488 1637.391038
1063.666601 1650.573484
1075.668451 1751.782491
937.473376 1739.953563
1150.892962 1659.028182
1280.263562 1671.567848
1295.606681 1770.608296
1164.262720 1759.365795
1363.288079 1679.615269
1486.500641 1691.558046
1504.852712 1788.518893
1379.862731 1777.820266
1565.619778 1699.226925
1683.103751 1710.614441
1704.167737 1805.579436
1585.081562 1795.386151
1758.586722 1717.930873
1870.732533 1728.800970
1894.242368 1821.849040
1780.651369 1812.126119
702.855029 1795.810588
850.223524 1807.208450
859.030367 1917.158651
709.075586 1907.372314
944.603628 1814.508053
1084.388811 1825.319402
1097.122159 1932.696979
955.020063 1923.423123
1173.974130 1832.248163
1306.746633 1842.517133
1323.000772 1947.438251
1188.150287 1938.637649
1391.893484 1849.102612
1518.168092 1858.869018
1537.582439 1961.442263
1409.442309 1953.079592
1599.198342 1865.136108
1719.440658 1874.435961
1741.693982 1974.762975
1619.775505 1966.806341
1796.645786 1880.407206
1911.277970 1889.273157
1936.083456 1987.449206
1819.944261 1979.869739
713.605365 1988.610996
865.440176 1997.182761
874.816201 2114.238993
720.234881 2107.507142
962.598877 2002.667811
1106.382215 2010.785034
1119.916036 2124.912827
973.681102 2118.544453
1198.456384 2015.983040
1334.812114 2023.680941
1352.060891 2135.022486
1213.514161 2128.988925
1422.190684 2028.613858
1551.679843 2035.924110
1572.251441 2144.611548
1440.802162 2138.887073
1634.713065 2040.611712
1757.841575 2047.562877
1781.387890 2153.719216
1656.504319 2148.280670
1836.845716 2052.023019
1954.070991 2058.640919
1980.282267 2162.380852
1861.484484 2157.207336
