4368 2912
1694.208656 2317.590436
2157.819537 2428.216242
1565.473005 2673.792223
2033.728229 2810.383031
1709.798040 2353.926416
1752.928219 2364.394981
1735.816053 2412.550134
1692.634064 2401.768387
1779.411655 2370.823045
1823.349840 2381.487730
1806.325989 2430.155167
1762.332158 2419.170718
1850.331752 2388.036785
1895.100866 2398.903153
1878.171745 2448.093729
1833.342962 2436.900808
1922.595461 2405.576646
1968.219298 2416.650472
1951.391647 2466.375391
1905.703912 2454.968005
1996.241329 2423.451985
2042.744604 2434.739269
2026.025496 2485.010089
1979.453886 2473.382014
2071.309395 2441.672520
2118.717780 2453.179493
2102.114651 2504.008149
2054.633263 2492.152921
1681.791822 2431.989485
1725.006184 2442.970060
1707.697579 2491.678011
1664.431952 2480.377481
1751.542713 2449.712873
1795.571336 2460.900348
1778.350212 2510.131741
1734.266456 2498.617525
1822.610239 2467.770812
1867.476357 2479.171091
1850.349191 2528.937123
1805.423878 2517.203100
1895.032037 2486.172865
1940.759774 2497.792077
1923.733368 2548.104304
1877.942166 2536.144120
1968.847189 2504.928963
2015.461605 2516.773476
1998.543106 2567.643827
1951.860740 2555.450881
2044.096297 2524.049423
2091.623435 2536.125855
2074.820352 2587.566647
2027.220552 2575.134076
1653.465614 2510.944481
1696.763262 2522.448146
1679.254815 2571.718469
1635.906477 2559.887903
1723.352354 2529.512549
1767.470573 2541.234231
1750.048729 2591.039441
1705.875916 2578.983861
1794.565974 2548.433154
1839.528316 2560.379108
1822.199609 2610.730754
1777.178574 2598.443679
1867.144626 2567.716431
1912.975548 2579.893157
1895.746847 2630.803160
1849.852921 2618.277856
1941.127935 2587.372909
1987.852852 2599.787158
1970.731373 2651.267828
1923.938923 2638.497301
2016.557079 2607.413526
2064.202407 2620.072319
2047.195738 2672.136371
1999.478114 2659.113347
1624.813897 2590.806778
1668.193888 2602.844897
1650.482118 2652.687386
1607.052042 2640.315245
1694.834986 2610.237907
1739.041912 2622.505505
1721.415817 2672.894622
1677.154868 2660.285784
1766.193288 2630.040119
1811.251025 2642.543819
1793.717200 2693.491476
1748.601301 2680.639086
1838.927481 2650.224145
1884.860829 2662.970831
1867.426203 2714.489327
1821.430345 2701.386258
1913.077746 2670.801137
1959.912477 2683.797960
1942.584342 2735.900000
1895.682524 2722.538846
1988.685843 2691.782683
2036.448754 2705.037080
2019.234774 2757.735789
1971.399965 2744.108849
