4368 2912
3150.506346 1842.004087
3885.685890 1952.538325
3060.903357 2314.388489
3817.823828 2465.239762
3184.226324 1887.381824
3252.729487 1897.939913
3241.175424 1962.040644
3172.420926 1950.999340
3294.029916 1904.305365
3364.030736 1915.094282
3352.894562 1979.981653
3282.629541 1968.697773
3406.239056 1921.599663
3477.787191 1932.627061
3467.090313 1998.320383
3395.264440 1986.785844
3520.933669 1939.277037
3594.080995 1950.550910
3583.845955 2017.070204
3510.406636 2005.276563
3638.197263 1957.350356
3712.998001 1968.879063
3703.248539 2036.245100
3628.140793 2024.183525
3758.117127 1975.833074
3834.627978 1987.625353
3825.389111 2055.859690
3748.555427 2043.520947
3165.091810 1990.494840
3234.001967 2001.838235
3222.265482 2066.951019
3153.101293 2055.109941
3275.551279 2008.677723
3345.979962 2020.271085
3334.666018 2086.194266
3263.970171 2074.090964
3388.449934 2027.262124
3460.447899 2039.113807
3449.578353 2105.867540
3377.299401 2093.493205
3503.869472 2046.261491
3577.489758 2058.380226
3567.087635 2125.985416
3493.171799 2113.330844
3621.895280 2065.689879
3697.193344 2078.084796
3687.282904 2146.563141
3611.673944 2133.618701
3742.616641 2085.561986
3819.650499 2098.242635
3810.257318 2167.616661
3732.896386 2154.372280
3145.656797 2095.227205
3214.978319 2107.379441
3203.055058 2173.528439
3133.476770 2160.863540
3256.779247 2114.707249
3327.640597 2127.129421
3316.144594 2194.113416
3245.013074 2181.165792
3370.375222 2134.620907
3442.828284 2147.322111
3431.781856 2215.162140
3359.044508 2201.922217
3486.528240 2154.982823
3560.627251 2167.972565
3550.053921 2236.690460
3475.655745 2223.148228
3605.325622 2175.808302
3681.127315 2189.096528
3671.051878 2258.714957
3594.935336 2244.859941
3726.858711 2197.113356
3804.422455 2210.710474
3794.871063 2281.252984
3716.975925 2267.074223
3125.914149 2201.617366
3195.651463 2214.602811
3183.536933 2281.812954
3113.540084 2268.299341
3237.706779 2222.433725
3309.005667 2235.709942
3297.323172 2303.780563
3225.751067 2289.962829
3352.007988 2243.717195
3424.921493 2257.294062
3413.693831 2326.247120
3340.492689 2312.114884
3468.903171 2265.483675
3543.486768 2279.371522
3532.737969 2349.229820
3457.851534 2334.772220
3588.481645 2287.749798
3664.793378 2301.959432
3654.548788 2372.746656
3577.918182 2357.952327
3710.836871 2310.532966
3788.937508 2325.075704
3779.223873 2396.816469
3700.787443 2381.673506
