4368 2912
3532.565698 1820.385624
4066.525664 1782.363447
3493.763938 2119.276345
4056.724255 2098.365637
3563.672747 1846.073040
3608.689548 1842.997530
3604.624400 1878.538838
3559.332659 1881.450397
3643.535031 1840.616915
3689.384336 1837.484528
3685.819747 1873.319229
3639.684819 1876.284994
3724.877216 1835.059684
3771.582334 1831.868830
3768.537811 1868.001733
3721.535928 1871.023229
3807.740819 1829.398512
3855.325937 1826.147536
3852.821833 1862.583570
3804.928327 1865.662384
3892.168929 1823.630452
3940.659154 1820.317640
3938.716707 1857.061855
3889.905963 1860.199632
3978.206276 1817.752452
4027.627680 1814.376023
4026.269058 1851.433589
3976.514472 1854.632041
3555.869165 1909.682379
3601.380116 1906.903390
3597.217440 1943.297372
3551.425501 1945.904015
3636.611923 1904.752066
3682.974632 1901.921067
3679.323717 1938.623585
3632.668963 1941.279343
3718.868916 1899.729291
3766.107522 1896.844808
3762.988568 1933.861078
3715.446380 1936.567351
3802.683147 1894.611427
3850.822706 1891.671930
3848.256795 1929.007302
3799.801610 1931.765546
3888.099255 1889.395751
3937.165792 1886.399650
3935.174935 1924.059606
3885.780199 1926.871333
3975.163610 1884.079429
4025.184159 1881.025075
4023.791344 1919.015238
3973.429464 1921.882019
3547.878855 1974.813792
3593.894853 1972.346524
3589.631098 2009.624237
3543.327863 2011.910296
3629.521597 1970.436302
3676.409283 1967.922296
3672.668869 2005.524542
3625.482497 2007.854202
3712.714119 1965.975718
3760.498499 1963.413633
3757.302350 2001.346064
3709.207332 2003.720585
3797.500972 1961.429648
3846.208017 1958.818092
3843.577981 1997.086511
3794.547818 1999.507201
3883.928432 1956.795613
3933.585126 1954.133140
3931.544026 1992.743499
3881.551175 1995.211719
3972.044582 1952.071035
4022.678971 1949.356140
4021.250658 1988.314552
3970.266484 1990.831715
3539.695033 2041.522574
3586.227338 2039.383076
3581.858776 2077.577106
3535.032777 2079.526027
3622.257921 2037.726435
3669.682550 2035.545910
3665.849306 2074.081378
3618.119123 2076.067932
3706.407398 2033.857347
3754.750267 2031.634602
3751.474021 2070.517633
3702.813213 2072.542921
3792.189642 2029.913187
3841.477681 2027.646984
3838.781086 2066.883869
3789.162166 2068.949034
3879.652641 2025.891746
3929.913842 2023.580799
3927.820573 2063.178001
3877.214964 2065.284231
3968.846279 2021.790734
4020.109752 2019.433704
4018.644566 2059.397860
3967.022538 2061.546395
