4368 2912
558.949955 1008.303207
1093.737990 764.792810
818.644356 1412.111597
1322.103448 1115.888524
616.673781 1027.454050
673.536766 1000.973447
707.482552 1053.647174
651.059181 1080.874214
708.495415 984.693504
762.888331 959.363192
796.141580 1010.864852
742.170503 1036.908540
796.344764 943.782818
848.425129 919.529440
881.013407 969.910039
829.338153 994.845879
880.474137 904.604492
930.386358 881.360801
962.335622 930.668087
912.812757 954.565295
961.114917 867.050775
1008.991623 844.755004
1040.326349 893.033742
992.824141 915.955884
1038.479689 831.022667
1084.442907 809.617991
1115.186196 856.910200
1069.583449 878.915759
673.384744 1115.558563
729.522407 1087.846449
763.530127 1140.616280
707.833754 1169.077548
764.034430 1070.809737
817.731363 1044.302477
851.043958 1095.896049
797.770432 1123.119224
850.759062 1027.998496
902.171052 1002.619189
934.816244 1053.087778
883.810840 1079.151924
933.808165 987.001666
983.078015 962.679816
1015.081910 1012.071414
966.202801 1037.049009
1013.410553 947.706289
1060.669410 924.377159
1092.056617 972.736757
1045.173562 996.694353
1089.776432 910.008603
1135.144953 887.612629
1165.938698 934.982454
1120.931877 957.981281
730.200635 1203.826087
785.610210 1174.877979
819.680034 1227.744176
764.713430 1257.444167
819.673927 1157.081773
872.672289 1129.393376
906.044388 1181.079105
853.471010 1209.485969
905.269675 1112.363238
956.010858 1085.854078
988.713114 1136.410887
938.379996 1163.607274
987.234594 1069.541589
1035.859787 1044.137904
1067.918452 1093.614031
1019.685392 1119.675699
1065.794908 1028.498637
1112.433765 1004.132691
1143.873585 1052.573353
1097.611840 1077.569865
1141.158428 989.125813
1185.930223 965.735293
1216.774550 1013.182928
1172.365689 1037.178274
787.121744 1292.257076
841.800459 1262.068472
875.932557 1315.031300
821.698501 1345.974526
875.414181 1243.510036
927.711369 1214.636292
961.143132 1266.414428
909.272510 1296.009198
959.876857 1196.877440
1009.944791 1169.234488
1042.704261 1219.879747
993.045879 1248.212324
1040.753663 1152.224636
1088.731903 1125.735422
1120.845480 1175.296294
1073.260771 1202.445739
1118.268209 1109.428164
1164.284905 1084.021936
1195.777471 1132.543866
1150.139202 1158.582769
1192.625893 1068.374625
1236.798926 1043.986300
1267.693957 1091.511933
1223.885097 1116.507067
