4368 2912
3345.097678 80.133655
3889.771015 120.824227
3159.070945 438.054753
3656.914070 526.825803
3357.639422 110.616243
3407.868030 114.734534
3379.354786 168.701984
3329.742282 163.912919
3434.938536 116.954071
3487.217421 121.240466
3457.717711 176.266311
3406.090565 171.282773
3515.404271 123.551533
3569.861581 128.016540
3539.317304 184.143072
3485.550263 178.952971
3599.235282 130.424918
3656.010070 135.079937
3624.358323 192.352032
3568.315529 186.942254
3686.647191 137.591904
3745.890603 142.449328
3713.063166 200.914659
3654.597014 195.270955
3777.874448 145.071713
3839.751067 150.145036
3805.673824 209.854311
3744.623658 203.961174
3314.597416 192.846744
3363.877004 197.997018
3335.805995 251.127442
3287.127463 245.327292
3390.431933 200.772308
3441.706989 206.131131
3412.673985 260.286427
3362.034450 254.252619
3469.348163 209.019945
3522.742392 214.600245
3492.691232 269.820652
3439.969762 263.538777
3551.537850 217.609696
3607.185397 223.425494
3576.055318 279.753661
3521.120831 273.208099
3637.208984 226.563297
3695.255562 232.629821
3662.980709 290.111006
3605.690882 283.284801
3726.587555 235.904368
3787.191715 242.238187
3753.700593 300.920473
3693.900631 293.795181
3272.213623 273.819748
3320.567342 279.969872
3292.928359 332.282595
3245.161120 325.502770
3346.619389 283.283441
3396.915565 289.680627
3368.338280 342.985872
3318.661922 335.935078
3424.024753 293.128653
3476.382833 299.788093
3446.812944 354.124143
3395.110684 346.785802
3504.614839 303.378931
3559.164265 310.317090
3528.543061 365.724475
3474.688391 358.080634
3588.590320 314.059799
3645.471602 321.294547
3613.735495 377.816229
3557.591153 369.847404
3676.169091 325.198971
3735.535011 332.749741
3702.615019 390.431309
3644.031813 382.116324
3230.473062 353.563879
3277.923337 360.682829
3250.706482 412.196583
3203.828563 404.467420
3303.484793 364.517807
3352.826244 371.920489
3324.694030 424.395541
3275.957195 416.359883
3379.416697 375.909847
3430.764682 383.613569
3401.664595 437.086336
3350.956038 428.725583
3458.447542 387.766820
3511.926997 395.790327
3481.802292 450.299323
3428.999892 441.593340
3540.770991 400.117782
3596.517443 408.481406
3565.306707 464.067409
3510.278046 454.994364
3626.597188 412.994260
3684.757901 421.720094
3652.394552 478.426325
3594.995805 468.962504
