4368 2912
1066.699065 1782.467826
1613.744341 1718.814997
1111.542595 2165.280399
1684.814422 2071.177584
1101.107224 1808.404395
1160.847260 1801.236300
1167.779406 1853.602966
1107.623734 1861.211743
1192.062626 1797.490828
1250.498156 1790.479258
1258.041282 1842.186214
1199.209244 1849.627570
1281.035598 1786.815128
1338.208890 1779.955012
1346.334961 1831.018408
1288.783345 1838.297811
1368.090256 1776.369604
1424.041770 1769.656087
1432.724123 1820.091494
1376.411580 1827.214174
1453.287978 1766.146890
1508.056464 1759.575322
1517.269734 1809.397762
1462.156672 1816.368725
1536.687552 1756.139932
1590.310137 1749.705859
1600.030181 1798.929826
1546.078682 1805.753869
1111.232163 1890.453102
1171.617650 1882.597758
1178.718468 1936.238607
1117.908413 1944.554931
1203.166059 1878.493731
1262.217269 1870.811959
1269.941883 1923.762981
1210.485892 1931.894125
1293.072421 1866.798116
1350.833096 1859.284226
1359.152517 1911.562621
1301.005861 1919.514702
1381.017593 1855.357625
1437.529578 1848.006172
1446.416260 1899.628517
1389.536159 1907.407384
1467.065051 1844.164002
1522.368407 1836.969775
1531.796155 1887.952044
1476.141673 1895.563297
1551.275566 1833.209341
1605.408657 1826.167349
1615.352555 1876.524953
1560.884501 1883.973951
1121.605841 1974.517504
1182.650675 1965.943208
1189.926397 2020.905317
1128.447779 2029.962001
1214.539192 1961.464180
1274.218952 1953.081621
1282.131681 2007.322155
1222.038614 2016.174727
1305.398353 1948.702193
1363.758320 1940.505012
1372.278077 1994.042296
1313.524243 2002.697579
1394.252001 1936.221901
1451.335474 1928.204014
1460.433784 1981.055694
1402.974908 1989.520211
1481.165807 1924.014075
1537.014217 1916.169664
1546.664020 1968.352741
1490.457757 1976.632731
1566.202616 1912.069891
1620.855614 1904.393387
1631.031190 1955.924245
1576.037020 1964.025676
1132.237540 2060.672802
1193.956061 2051.346116
1201.413229 2107.678911
1139.251409 2117.510579
1226.191973 2046.474739
1286.513546 2037.359154
1294.621349 2092.936885
1233.877674 2102.544254
1318.023937 2032.597415
1376.995460 2023.685846
1385.722877 2078.528043
1326.349366 2087.918704
1407.804552 2019.030085
1465.470844 2010.315758
1474.788431 2064.441214
1416.739241 2073.622418
1495.601790 2005.762474
1552.005712 1997.238912
1561.885510 2050.665726
1505.116821 2059.644402
1581.480658 1992.784762
1636.663212 1984.445769
1647.078658 2037.191367
1591.548563 2045.974144
