2912 4368
2029.540526 3195.761321
2513.834627 3271.347358
1950.912829 3545.820261
2445.451136 3664.578710
2048.095422 3226.607007
2094.167494 3234.079258
2083.304762 3284.305377
2037.114734 3276.281808
2118.894211 3238.089588
2166.442714 3245.801296
2155.774556 3296.893948
2108.096737 3288.611938
2191.968210 3249.941177
2241.065270 3257.904038
2230.610218 3309.893490
2181.371551 3301.340347
2267.428885 3262.179850
2318.151405 3270.406339
2307.929528 3323.324460
2257.052090 3314.486650
2345.395106 3274.824890
2397.825162 3283.328317
2387.858211 3337.208699
2335.258807 3328.071770
2425.993767 3287.896873
2480.219060 3296.691463
2470.530629 3351.569545
2416.120333 3342.118051
2031.060869 3303.668482
2077.315454 3311.998204
2066.282256 3363.012509
2019.909642 3354.114764
2102.143155 3316.469282
2149.891795 3325.068059
2139.053509 3376.975495
2091.175299 3367.788862
2175.527959 3329.684728
2224.844230 3338.565811
2214.219701 3391.398009
2164.761361 3381.908189
2251.328999 3343.335302
2302.291387 3352.512824
2291.901038 3406.303117
2240.783032 3396.494849
2329.667605 3357.442850
2382.359925 3366.931907
2372.225906 3421.715451
2319.363271 3411.572432
2410.673371 3372.030712
2465.185229 3381.847439
2455.331582 3437.661354
2400.633454 3427.166150
2013.761392 3381.928426
2060.198590 3391.141622
2048.990882 3442.962813
2002.435624 3433.164302
2085.127400 3396.087528
2133.076560 3405.600698
2122.064046 3458.342563
2073.985097 3448.223360
2158.823680 3410.708958
2208.359867 3420.536996
2197.561708 3474.232598
2147.883021 3463.776697
2234.966258 3425.815736
2286.169587 3435.974538
2275.606566 3490.658742
2224.246949 3479.849055
2313.678995 3441.432437
2366.635068 3451.938985
2356.329742 3507.648594
2303.202413 3496.466855
2395.094258 3457.585323
2449.894638 3468.457783
2439.871512 3525.231676
2384.883612 3513.658342
1996.190762 3461.415017
2042.810609 3471.538604
2031.424217 3524.185977
1984.686323 3513.459173
2067.840621 3476.973917
2115.990629 3487.429781
2104.799650 3541.026357
2056.519676 3529.945631
2141.848958 3493.044965
2191.605717 3503.849737
2180.629637 3558.430082
2130.729984 3546.977622
2218.334171 3509.653870
2269.779471 3520.825312
2259.039439 3576.425898
2207.437212 3564.582682
2297.422720 3526.828094
2350.643996 3538.385193
2340.162983 3595.044546
2286.769534 3582.790226
2379.249821 3544.597000
2434.340651 3556.560076
2424.143636 3614.318928
2368.864052 3601.631722
