4368 2912
3015.305045 1776.646525
3698.166671 1723.145052
3036.691846 2203.461597
3767.113039 2153.225585
3052.069168 1805.327858
3123.645865 1799.770210
3127.821207 1860.122807
3055.566473 1865.637181
3159.261935 1797.004762
3231.175579 1791.420952
3236.373533 1851.838254
3163.775455 1857.378832
3266.959508 1788.642471
3339.212484 1783.032313
3345.442709 1843.514256
3272.498834 1849.081224
3375.165463 1780.240706
3447.760179 1774.604013
3455.032433 1835.150531
3381.740286 1840.744079
3483.883408 1771.799187
3556.822292 1766.135770
3565.146443 1826.746793
3491.503521 1832.367111
3593.116983 1763.317631
3666.402491 1757.627301
3675.788507 1818.302754
3601.792289 1823.950036
3057.392563 1897.127236
3130.001378 1891.636162
3134.297578 1953.735704
3060.990935 1959.179445
3166.132235 1888.903750
3239.087758 1883.386457
3244.436534 1945.556800
3170.776506 1951.026784
3275.391346 1880.640982
3348.696066 1875.097281
3355.107502 1937.338389
3281.091528 1942.834805
3385.173627 1872.338649
3458.830057 1866.768348
3466.314345 1929.080184
3391.939837 1934.603224
3495.482843 1863.996466
3569.493520 1858.399375
3578.060964 1920.781896
3503.325312 1926.331755
3606.322800 1855.614146
3680.690286 1849.990072
3690.351299 1912.443230
3615.251866 1918.020105
3062.870182 1991.586141
3136.541314 1986.167867
3140.963696 2050.091317
3066.574069 2055.457896
3173.202056 1983.471588
3247.230088 1978.027064
3252.736347 2042.027869
3177.982844 2047.420699
3284.068648 1975.317707
3358.456177 1969.846744
3365.056847 2033.924900
3289.936794 2039.344174
3395.473851 1967.124213
3470.223504 1961.626616
3477.929235 2025.782117
3402.439929 2031.228029
3507.421602 1958.890817
3582.536029 1953.366392
3591.357590 2017.599225
3515.496300 2023.071972
3619.915873 1950.617225
3695.397751 1945.065776
3705.346027 2009.375928
3629.109999 2014.875709
3068.508825 2088.821848
3143.273820 2083.483064
3147.828026 2149.311972
3072.322937 2154.594369
3180.480218 2080.826247
3255.612759 2075.461217
3261.283558 2141.374533
3185.403631 2146.683153
3293.002289 2072.791324
3368.505091 2067.399855
3375.303498 2133.397607
3299.045936 2138.732647
3406.079108 2064.716787
3481.954917 2059.298682
3489.892066 2125.380899
3413.254043 2130.742556
3519.714791 2056.602343
3595.966377 2051.157405
3605.053529 2117.324111
3528.032190 2122.712586
3633.913490 2048.447695
3710.543651 2042.975725
3720.792194 2109.226942
3643.384655 2114.642436
