4368 2912
2399.117860 1357.257884
3438.881069 1320.670675
2292.918822 2038.622689
3381.733475 2039.592205
2447.951514 1410.169339
2547.889208 1406.928310
2534.609763 1499.667063
2434.072145 1502.444836
2605.632668 1405.055661
2707.228246 1401.760866
2694.919853 1495.237827
2592.703061 1498.061994
2765.933606 1399.857021
2869.228666 1396.507110
2857.925877 1490.734105
2753.987487 1493.605837
2928.920163 1394.571286
3033.957706 1391.164866
3023.696417 1486.154001
2917.992565 1489.074511
3094.660399 1389.196247
3201.484894 1385.731876
3192.302401 1481.495556
3084.787722 1484.466098
3263.224696 1383.729622
3371.882132 1380.205807
3363.817207 1476.756743
3254.444766 1479.778613
2425.762263 1557.692196
2526.658624 1555.194892
2513.090763 1649.947830
2411.583047 1651.961202
2584.961139 1553.751836
2687.549480 1551.212653
2674.971506 1646.736981
2571.749854 1648.784347
2746.833811 1549.745294
2851.157055 1547.163171
2839.604601 1643.471538
2734.625237 1645.553768
2911.448213 1545.670893
3017.550743 1543.044730
3007.060845 1640.150100
2900.278485 1642.268091
3078.874595 1541.526891
3186.802323 1538.855551
3177.413484 1636.771212
3068.781277 1638.925895
3249.185631 1537.311491
3358.986061 1534.593800
3350.738318 1633.333372
3240.207775 1635.525708
2403.092666 1708.408592
2504.965992 1706.688238
2491.100217 1803.521699
2388.603778 1804.736414
2563.838349 1705.694048
2667.438817 1703.944525
2654.582305 1801.584227
2550.336084 1802.819678
2727.313528 1702.933410
2832.685434 1701.153973
2820.874949 1799.613446
2714.833753 1800.870170
2893.588318 1700.125494
3000.777488 1698.315368
2990.051256 1797.608490
2882.168323 1798.887041
3062.735257 1697.269075
3171.789111 1695.427460
3162.186890 1795.568461
3052.413818 1796.869413
3234.829413 1694.362886
3345.797035 1692.488953
3337.360186 1793.492434
3225.646863 1794.816379
2379.926951 1862.423362
2482.796065 1861.514842
2468.622454 1960.498111
2365.118136 1960.878188
2542.249362 1860.989762
2646.881878 1860.065668
2633.737472 1959.891795
2528.446392 1960.278433
2707.358716 1859.531548
2813.800371 1858.591476
2801.723113 1959.274938
2694.598602 1959.668309
2875.327413 1858.048081
2983.625536 1857.091614
2972.654893 1958.647263
2863.648643 1959.047543
3046.230376 1856.538700
3156.433963 1855.565404
3146.611003 1958.008481
3035.672994 1958.415855
3220.145172 1855.002718
3332.304959 1854.012146
3323.672426 1957.358297
3210.750847 1957.772954
