2912 4368
2243.413348 2421.279337
2591.503314 2472.135042
2200.344816 2648.397984
2557.972905 2706.639609
2262.458893 2446.287162
2292.559484 2450.727955
2287.575924 2478.095252
2257.377971 2473.579150
2315.735543 2454.147159
2346.067577 2458.622097
2341.258254 2486.123441
2310.827268 2481.572489
2369.422182 2462.067642
2399.988341 2466.577122
2395.356099 2494.213771
2364.689372 2489.627564
2423.523561 2470.049314
2454.326565 2474.593735
2449.874303 2502.366964
2418.969085 2497.745091
2478.044505 2478.092883
2509.087118 2482.672655
2504.817785 2510.583759
2473.671282 2505.925801
2532.989913 2486.199075
2564.274943 2490.814611
2560.191537 2518.864900
2528.800914 2514.170434
2253.344819 2495.243080
2283.620001 2499.819264
2278.571726 2527.541947
2248.198062 2522.888701
2306.931064 2503.342801
2337.440544 2507.954400
2332.568525 2535.814259
2301.958944 2531.124870
2360.932360 2511.505259
2391.678868 2516.152686
2386.986005 2544.151017
2356.137748 2539.425064
2415.353547 2519.731184
2446.339857 2524.414858
2441.829100 2552.552982
2410.739365 2547.790033
2470.199542 2528.021320
2501.428470 2532.741667
2497.102823 2561.020918
2465.768764 2556.220539
2525.475338 2536.376423
2556.949744 2541.133874
2552.812267 2569.555606
2521.230992 2564.717354
2244.112480 2544.834250
2274.564265 2549.548981
2269.450006 2577.634016
2238.898599 2572.840421
2298.011895 2553.179285
2328.700884 2557.930741
2323.764936 2586.156168
2292.974676 2581.325097
2352.331515 2561.589379
2383.260491 2566.377991
2378.505806 2594.745153
2347.473883 2589.876163
2407.076275 2570.065296
2438.248063 2574.891501
2433.677649 2603.401757
2402.401204 2598.494402
2462.251183 2578.607811
2493.668655 2583.472054
2489.285574 2612.126785
2457.761707 2607.180608
2517.861332 2587.217712
2549.527403 2592.120446
2545.334772 2620.921048
2513.560534 2615.935589
2234.759561 2595.073118
2265.389994 2599.929638
2260.208448 2628.384177
2229.477235 2623.446939
2288.975779 2603.669214
2319.846377 2608.563813
2314.845233 2637.162053
2283.872175 2632.185961
2343.617455 2612.332768
2374.731054 2617.265895
2369.913319 2646.009223
2338.695551 2640.993816
2398.689616 2621.064577
2430.049097 2626.036688
2425.417836 2654.926508
2393.952446 2649.871318
2454.197371 2629.865448
2485.805658 2634.877010
2481.363991 2663.914747
2449.648022 2658.819300
2510.145907 2638.736208
2542.005974 2643.787689
2537.757078 2672.974789
2505.787524 2667.838601
