4368 2912
3192.715772 1827.496508
3774.812549 1894.057818
3136.671626 2195.312559
3741.925935 2288.184285
3221.248231 1862.068916
3275.601971 1868.449985
3268.671206 1917.608704
3214.048273 1910.916721
3308.967909 1872.367110
3364.309370 1878.864137
3357.825367 1928.531188
3302.204105 1921.716897
3398.284399 1882.852768
3454.640751 1889.468942
3448.621160 1939.654793
3391.973947 1932.714811
3489.241706 1893.531057
3546.641125 1900.269685
3541.104348 1950.985125
3483.402536 1943.915941
3581.885461 1904.407332
3640.357176 1911.271847
3635.322413 1962.528001
3576.536274 1955.325973
3676.263008 1915.487153
3735.837348 1922.481115
3731.324632 1974.289457
3671.423311 1966.950806
3209.483987 1941.882918
3264.277342 1948.773611
3257.216566 1998.854477
3202.149732 1991.641859
3297.915954 1953.003930
3353.714388 1960.021020
3347.107632 2010.628350
3291.024831 2003.282662
3387.972874 1964.329294
3444.804298 1971.476290
3438.669685 2022.621088
3381.542537 2015.138611
3479.699954 1975.864693
3537.593321 1983.145237
3531.949754 2034.838850
3473.748815 2027.215730
3573.144087 1987.616025
3632.129443 1995.033895
3626.996651 2047.288031
3567.691358 2039.520263
3668.353942 1999.589409
3728.462475 2007.148528
3723.861054 2059.975267
3663.419675 2052.058695
3197.499912 2023.188358
3252.739892 2030.606746
3245.545411 2081.635952
3190.027566 2073.884169
3286.655580 2035.161411
3342.918457 2042.717168
3336.185429 2094.291732
3279.633508 2086.395565
3377.465090 2047.356566
3434.779542 2055.053542
3428.526578 2107.185037
3370.911418 2099.140413
3469.974893 2059.780060
3528.370679 2067.622252
3522.617203 2120.322616
3463.908534 2112.125309
3564.233192 2072.438366
3623.741207 2080.429923
3618.507495 2133.711476
3558.673889 2125.357098
3660.290035 2085.338205
3720.942358 2093.483436
3716.249587 2147.358898
3655.258397 2138.842890
3185.289786 2106.027436
3240.983564 2113.992343
3233.651546 2165.997084
3177.675412 2157.686827
3275.180834 2118.882980
3331.915804 2126.996791
3325.052850 2179.566587
3268.024045 2171.100050
3366.755388 2131.979287
3424.561023 2140.246216
3418.186250 2193.393238
3360.074799 2184.765971
3460.061189 2145.323183
3518.968084 2153.747605
3513.101454 2207.484418
3453.876230 2198.691799
3555.147799 2158.921757
3615.187727 2167.508218
3609.850089 2221.847790
3549.478763 2212.885019
3652.066692 2172.782371
3713.272660 2181.535589
3708.485794 2236.491317
3646.934774 2227.353409
