4368 2912
3727.600696 2200.331539
3955.603957 2210.231985
3748.228323 2349.916988
3983.495014 2355.577128
3742.480516 2213.296468
3765.971185 2214.280521
3768.919616 2234.288951
3745.326967 2233.361261
3779.200356 2214.834707
3802.469674 2215.809487
3805.575218 2235.730291
3782.205923 2234.811384
3815.574480 2216.358463
3838.625559 2217.324101
3841.885137 2237.158039
3818.736039 2236.247790
3851.607747 2217.867940
3874.443644 2218.824564
3877.854240 2238.572386
3854.922242 2237.670673
3887.304925 2219.363339
3909.928640 2220.311073
3913.487304 2239.973519
3890.769365 2239.080224
3922.670695 2220.844854
3945.085171 2221.783823
3948.789016 2241.361623
3926.282153 2240.476628
3747.079596 2245.715641
3770.734995 2246.608343
3773.728577 2266.923167
3749.969770 2266.088636
3784.056456 2247.111065
3807.487264 2247.995292
3810.640137 2268.219690
3787.107968 2267.393119
3820.682547 2248.493252
3843.891948 2249.369123
3847.200966 2269.503893
3823.892205 2268.685170
3856.962838 2249.862389
3879.953955 2250.730023
3883.416037 2270.775952
3860.327519 2269.964965
3892.902202 2251.218661
3915.678100 2252.078172
3919.290232 2272.036038
3896.418851 2271.232678
3928.505422 2252.562247
3951.069109 2253.413750
3954.828342 2273.284318
3932.171048 2272.488478
3751.749424 2278.633515
3775.571862 2279.431933
3778.611638 2300.060242
3754.684335 2299.321868
3788.986898 2279.881543
3812.581435 2280.672323
3815.782727 2301.207308
3792.085417 2300.476031
3825.868441 2281.117642
3849.238331 2281.900893
3852.597922 2302.343392
3829.127304 2301.619110
3862.399131 2282.341983
3885.547568 2283.117811
3889.062309 2303.468649
3865.815147 2302.751263
3898.583950 2283.554731
3921.514067 2284.323243
3925.180881 2304.583235
3902.153998 2303.872647
3934.427789 2284.756051
3957.142660 2285.517349
3960.958532 2305.687301
3938.148812 2304.983414
3756.491644 2312.061685
3780.483478 2312.762783
3783.570527 2333.711891
3759.472340 2333.072776
3793.993403 2313.157575
3817.753952 2313.851913
3821.004786 2334.704695
3797.140022 2334.071771
3831.133952 2314.242908
3854.666544 2314.930586
3858.077876 2335.687921
3834.443161 2335.061098
3867.918486 2315.317839
3891.226386 2315.998950
3894.794998 2336.661707
3871.387021 2336.040897
3904.352098 2316.382514
3927.438509 2317.057154
3931.161255 2337.626187
3907.976768 2337.011304
3940.439786 2317.437081
3963.307851 2318.105340
3967.181652 2338.581494
3944.217471 2337.972454
