2912 4368
2214.759647 3140.145357
2703.561579 3198.288495
2158.192332 3474.567980
2664.883937 3565.645852
2237.773750 3171.731456
2282.179498 3177.224047
2275.115321 3221.710174
2230.513959 3215.842220
2310.081459 3180.675269
2355.620698 3186.308062
2348.888605 3231.416113
2303.142191 3225.397513
2384.239446 3189.847944
2430.956138 3195.626378
2424.575783 3241.373855
2377.639650 3235.198728
2460.319653 3199.258380
2508.260061 3205.188177
2502.252313 3251.593323
2454.079438 3245.255486
2538.397798 3208.915944
2587.610641 3215.003129
2581.997670 3262.084976
2532.538521 3255.577911
2618.553629 3218.830498
2669.090248 3225.081422
2663.895621 3272.859833
2613.097982 3266.176671
2225.821715 3244.352460
2270.549182 3250.465092
2263.351867 3295.789645
2218.426170 3289.288068
2298.656588 3254.306362
2344.536600 3260.576505
2337.675985 3306.545715
2291.585893 3299.875629
2373.372971 3264.517398
2420.450658 3270.951221
2413.946898 3317.583521
2366.646550 3310.738290
2450.044727 3274.995663
2498.367604 3281.599658
2492.242114 3328.914282
2443.683207 3321.886913
2528.749629 3285.751785
2578.367764 3292.532795
2572.643304 3340.549817
2522.774931 3333.332944
2609.569639 3296.796967
2660.535814 3303.762205
2655.236598 3352.502589
2604.005066 3345.088442
2213.645773 3318.333933
2258.699264 3325.089069
2251.365011 3371.275975
2206.110630 3364.117740
2287.014931 3329.334604
2333.240497 3336.265474
2326.247643 3383.120740
2279.809039 3375.775187
2362.297616 3340.622179
2409.741600 3347.735735
2403.110819 3395.278782
2355.440892 3387.738462
2439.569681 3352.208034
2488.280896 3359.511594
2482.034165 3407.762698
2433.083285 3400.019759
2518.911034 3364.104150
2568.940938 3371.605428
2563.101636 3420.585766
2512.817469 3412.631931
2600.405925 3376.323158
2651.808803 3384.030294
2646.401808 3433.761999
2594.729130 3425.588532
2201.239572 3393.714468
2246.623463 3401.135518
2239.148329 3448.209626
2193.560841 3440.370717
2275.150257 3405.800141
2321.726249 3413.416118
2314.597296 3461.183308
2267.805254 3453.137272
2351.007301 3418.204076
2398.822986 3426.022766
2392.061427 3474.503504
2344.016448 3466.242022
2428.888613 3430.939015
2477.994155 3438.968618
2471.622549 3488.184282
2422.273628 3479.698584
2508.876316 3444.018384
2559.324619 3452.267552
2553.366981 3502.240489
2502.660303 3493.521319
2591.057038 3457.456350
2642.903939 3465.934213
2637.385842 3516.687791
2585.264593 3507.725381
