4368 2912
3410.343908 1954.791514
4128.402328 1896.382363
3503.888813 2505.249174
4263.930371 2429.895078
3459.821106 1995.962620
3532.783262 1989.926388
3546.224237 2062.788907
3472.691071 2069.044430
3575.004579 1986.433376
3647.438126 1980.440877
3661.770757 2052.959278
3588.774705 2059.169107
3689.354104 1976.973126
3761.264767 1971.023885
3776.475789 2043.201234
3704.010988 2049.365870
3802.878706 1967.581122
3874.272127 1961.674673
3890.348494 2033.513997
3818.409164 2039.633931
3915.587281 1958.256629
3986.469021 1952.392512
4003.397897 2023.896800
3931.978343 2029.972515
4027.488596 1948.998922
4097.864133 1943.176683
4115.632894 2014.348884
4044.727504 2020.380860
3480.517962 2113.489257
3554.398138 2107.099020
3568.198989 2181.912407
3493.733329 2188.532429
3597.148627 2103.401333
3670.486485 2097.058004
3685.201443 2171.510851
3611.286939 2178.081875
3712.923740 2093.387410
3785.725232 2087.090473
3801.340511 2161.186050
3727.971068 2167.708617
3827.852682 2083.446676
3900.123668 2077.195625
3916.625716 2150.937158
3843.795325 2157.411804
3941.944693 2073.578332
4013.690952 2067.372668
4031.066437 2140.763341
3958.769181 2147.190591
4055.208884 2063.781590
4126.436111 2057.620819
4144.671922 2130.663776
4072.901968 2137.044149
3501.771693 2234.178104
3576.593216 2227.416887
3590.768594 2304.260556
3515.346557 2311.262671
3619.886268 2223.504728
3694.151225 2216.793804
3709.264012 2293.259547
3634.407733 2300.209137
3737.122835 2212.910692
3810.837413 2206.249503
3826.873282 2282.340807
3752.576418 2289.238461
3853.491150 2202.395115
3926.661444 2195.783111
3943.606305 2271.503417
3869.862609 2278.349716
3969.000821 2191.957129
4041.632837 2185.393766
4059.472839 2260.746471
3986.276156 2267.541985
4083.661316 2181.595879
4155.760974 2175.080622
4174.482497 2250.069077
4101.826763 2256.814370
3523.605084 2358.158531
3599.392176 2351.008354
3613.957537 2429.966086
3537.554315 2437.368936
3643.241693 2346.871348
3718.457402 2339.775079
3733.984376 2418.336464
3658.162100 2425.683024
3761.976945 2335.669203
3836.627709 2328.626235
3853.101391 2406.794996
3777.853461 2414.085907
3879.820989 2324.551141
3953.913148 2317.560875
3971.318889 2395.340683
3896.638802 2402.576575
3996.783821 2313.516217
4070.323621 2306.578063
4088.647020 2383.972543
4014.528372 2391.154036
4112.875287 2302.563502
4185.868883 2295.676880
4205.095782 2372.689607
4131.532267 2379.817312
