2912 4368
444.907557 2173.837590
1088.366033 2085.165711
522.226993 2647.225892
1181.266914 2519.960992
497.769365 2212.404850
557.937067 2203.826418
567.517189 2259.571561
507.158808 2268.575377
603.527230 2197.326383
662.250323 2188.953915
672.152589 2243.962825
613.249462 2252.749558
706.752417 2182.609012
764.082310 2174.435181
774.288732 2228.726910
716.788857 2237.304316
807.534826 2168.239921
863.520519 2160.257740
874.014106 2213.850616
817.867929 2222.226088
905.960156 2154.206892
960.648376 2146.409699
971.413068 2199.321358
916.573342 2207.501944
1002.110141 2140.498272
1055.545476 2132.879709
1066.566087 2185.127135
1012.987737 2193.119557
514.621132 2313.217288
575.130653 2303.873049
584.857782 2360.473600
524.155668 2370.255817
620.975553 2296.793407
680.021343 2287.675205
690.073705 2343.517929
630.846177 2353.062515
724.763921 2280.765790
782.398455 2271.865523
792.757719 2326.970277
734.951690 2336.285787
826.077996 2265.120268
882.351272 2256.430214
893.000129 2310.816094
836.565033 2319.910676
925.005215 2249.843339
979.964897 2241.356138
990.886998 2295.041508
935.774635 2303.922931
1021.628945 2234.922128
1075.320497 2226.630760
1086.500385 2279.633296
1032.664792 2288.308967
531.733753 2415.590253
592.588525 2405.457510
602.466069 2462.933311
541.416775 2473.517061
638.690643 2397.781186
698.062185 2387.895410
708.268082 2444.591050
648.713083 2454.915743
743.047457 2380.405049
800.989343 2370.757322
811.504908 2426.693502
753.390004 2436.768534
844.897863 2363.446247
901.461117 2354.028071
912.268718 2409.224684
855.542300 2419.059003
944.331089 2346.889922
999.564335 2337.693202
1010.647322 2392.169376
955.260217 2401.771506
1041.432175 2330.721915
1095.381778 2321.738930
1106.724421 2375.513066
1052.629751 2384.891134
549.113337 2519.560261
610.316821 2508.615533
620.348299 2566.987043
558.948337 2578.396259
656.678668 2500.324865
716.379043 2489.648931
726.742020 2547.217178
666.856452 2558.344993
761.609233 2481.560631
819.861200 2471.143709
830.536632 2527.930274
772.110113 2538.786971
864.000668 2463.250459
920.856305 2453.083235
931.826226 2509.108847
874.806075 2519.704216
963.944035 2445.378062
1019.452952 2435.451667
1030.700407 2490.736248
975.036452 2501.079611
1061.526091 2427.927928
1115.735578 2418.233902
1127.244556 2472.796610
1072.888979 2482.896853
