4368 2912
3246.945906 1419.439239
3849.260182 1514.259073
3085.809545 1792.418352
3676.858020 1942.618588
3266.835805 1457.386363
3318.391196 1465.883767
3297.038044 1515.842169
3245.618324 1506.734529
3352.319033 1471.475782
3405.949233 1480.315159
3384.372053 1531.311071
3330.878119 1521.836039
3441.256318 1486.134502
3497.089146 1495.336918
3475.287309 1547.414297
3419.591074 1537.549186
3533.861325 1501.397741
3592.035320 1510.986028
3570.008704 1564.191678
3511.971311 1553.911895
3630.365716 1517.303678
3691.031278 1527.302628
3668.780361 1581.686458
3608.251033 1570.965293
3731.021075 1533.893781
3794.341773 1544.330354
3771.867739 1599.945652
3708.682465 1588.754057
3231.444715 1539.699874
3282.773162 1549.216668
3261.256023 1599.558742
3210.066223 1589.422522
3316.554182 1555.479998
3369.956404 1565.381290
3348.210171 1616.776749
3294.947318 1606.230039
3405.116140 1571.900248
3460.720403 1582.209820
3438.744233 1634.703623
3383.279799 1623.720972
3497.345018 1589.000380
3555.290386 1599.744015
3533.083935 1653.384061
3475.278540 1641.937871
3593.473373 1606.823513
3653.910874 1618.029214
3631.474387 1672.866598
3571.176634 1660.926891
3693.753853 1625.416491
3756.847789 1637.114721
3734.182208 1693.204029
3671.227357 1680.738183
3195.784852 1622.638503
3246.881377 1633.190045
3225.198352 1683.920227
3174.243510 1672.739912
3280.512300 1640.134903
3333.681354 1651.114426
3311.764072 1702.914144
3258.737552 1691.279269
3368.690325 1658.343854
3424.060612 1669.777936
3401.908009 1722.693179
3346.680850 1710.575448
3460.534100 1677.309790
3518.245205 1689.227257
3495.856707 1743.307040
3438.289016 1730.675759
3556.277067 1697.080917
3616.480631 1709.513083
3593.856243 1764.809719
3533.796015 1751.631536
3656.172919 1717.709625
3719.033970 1730.690567
3696.174382 1787.259971
3633.456159 1773.498581
3159.853144 1706.209397
3210.712674 1717.811309
3188.861838 1768.934106
3138.147084 1756.693912
3244.190156 1725.448084
3297.120752 1737.522441
3275.030396 1789.731207
3222.245558 1776.991391
3331.975471 1745.473388
3387.106267 1758.049647
3364.775098 1811.391424
3309.790795 1798.120759
3423.424993 1766.334558
3480.896081 1779.444678
3458.323288 1833.969627
3400.999123 1820.134228
3518.773028 1788.085045
3578.736653 1801.763754
3555.921994 1857.525438
3496.105367 1843.088473
3618.274298 1810.782954
3680.896205 1825.068063
3657.840110 1882.123753
3595.364852 1867.045118
