4368 2912
3741.055379 2341.654257
4078.170049 2367.102417
3769.982383 2572.858539
4128.767065 2600.805124
3764.418072 2363.255308
3796.276831 2365.666497
3800.376751 2394.850311
3768.262982 2392.410115
3817.251330 2367.253924
3849.145367 2369.667781
3853.668844 2398.899764
3821.519233 2396.456843
3870.143099 2371.256967
3902.072470 2373.673498
3907.020446 2402.953737
3874.834931 2400.508089
3923.093472 2375.264445
3955.058238 2377.683656
3960.431653 2407.012241
3928.210176 2404.563860
3976.102548 2379.276366
4008.102768 2381.698260
4013.902567 2411.075281
3981.645066 2408.624163
4029.170426 2383.292737
4061.206157 2385.717319
4067.433288 2415.142866
4035.139703 2412.689006
3770.906186 2412.452746
3803.195276 2414.912975
3807.406582 2444.889648
3774.855518 2442.399352
3824.453247 2416.532701
3856.778571 2418.995691
3861.425011 2449.022290
3828.837124 2446.529176
3878.060404 2420.617235
3910.422025 2423.082989
3915.504578 2453.159609
3882.879804 2450.663674
3931.727759 2424.706354
3964.125736 2427.174880
3969.645382 2457.301614
3936.983661 2454.802851
3985.455413 2428.800069
4017.889808 2431.271369
4023.847533 2461.448311
3991.148799 2458.946717
4039.243469 2432.898385
4071.714342 2435.372465
4078.111131 2465.599709
4045.375323 2463.095279
3777.570997 2462.990026
3810.302203 2465.501092
3814.629495 2496.303377
3781.629064 2493.761130
3831.851411 2467.154298
3864.619848 2469.668220
3869.394333 2500.522282
3836.356056 2497.977120
3886.193575 2471.323308
3918.999307 2473.840091
3924.222004 2504.746028
3891.145816 2502.197946
3940.597594 2475.497062
3973.440684 2478.016712
3979.112615 2508.974623
3945.998452 2506.423616
3995.063574 2479.675571
4027.944087 2482.198090
4034.066276 2513.208076
4000.914073 2510.654137
4049.591622 2483.858842
4082.509620 2486.384236
4089.083096 2517.446393
4055.892786 2514.889519
3784.419823 2514.922637
3817.605419 2517.486427
3822.053558 2549.148909
3788.591177 2546.552764
3839.453956 2519.174360
3872.677822 2521.741108
3877.585719 2553.457314
3844.084428 2550.858151
3894.551561 2523.430987
3927.813763 2526.000696
3933.182481 2557.770732
3899.642213 2555.168545
3949.712749 2527.692527
3983.013353 2530.265203
3988.843957 2562.089170
3955.264644 2559.483955
4004.937629 2531.958987
4038.276702 2534.534634
4044.570261 2566.412639
4010.951835 2563.804388
4060.226313 2536.230377
4093.603920 2538.809001
4100.361506 2570.741145
4066.703897 2568.129855
