4368 2912
693.714441 1200.038752
1202.045762 1077.782613
853.709104 1575.029438
1353.964872 1402.895945
746.086932 1226.719396
795.509131 1214.399787
814.586320 1258.381422
765.240139 1271.281787
832.612483 1205.150930
879.972258 1193.345427
898.910642 1236.336870
851.630079 1248.697229
915.543267 1184.478542
960.967076 1173.155622
979.761823 1215.200286
934.419839 1227.053850
995.098746 1164.647526
1038.702916 1153.778192
1057.350110 1194.916707
1013.829876 1206.294018
1071.480876 1145.607539
1113.372597 1135.165072
1131.869115 1175.435517
1090.063006 1186.364713
1144.875812 1127.312178
1185.154018 1117.271917
1203.497431 1156.710028
1163.306132 1167.217070
780.433260 1306.630532
829.718085 1293.267054
849.013301 1337.751342
799.808075 1351.708523
866.713785 1283.235748
913.930519 1270.433028
933.080762 1313.905405
885.946705 1327.275093
949.389941 1260.818280
994.666078 1248.541750
1013.666718 1291.047005
968.475757 1303.865529
1028.682967 1239.318141
1072.135732 1227.536015
1090.983052 1269.116041
1047.617463 1281.416795
1104.796356 1218.680154
1146.533719 1207.363155
1165.224796 1248.057192
1123.576172 1259.870924
1177.917603 1198.853480
1218.039176 1187.974599
1236.571771 1227.819451
1196.540126 1239.174523
815.177495 1387.467449
864.318498 1373.036812
883.835500 1418.032418
834.777786 1433.070040
901.201679 1362.205779
948.269132 1348.384057
967.634809 1392.345482
920.653601 1406.746594
983.612262 1338.005272
1028.734694 1324.754721
1047.944629 1367.728177
1002.910822 1381.532354
1062.632253 1314.800439
1105.927784 1302.086370
1124.978471 1344.115054
1081.773445 1357.358656
1138.466681 1292.531071
1180.044058 1280.321551
1198.932779 1321.445899
1157.447355 1334.162393
1211.304371 1271.141717
1251.263879 1259.407299
1269.988598 1299.665215
1230.122118 1311.885456
850.326591 1469.246329
899.317127 1453.724641
919.059761 1499.240431
870.156318 1515.382731
936.082778 1442.076166
982.994526 1427.213100
1002.579292 1471.671874
955.757464 1487.127063
1018.216518 1416.053704
1063.179039 1401.808212
1082.601746 1445.257649
1037.731397 1460.068685
1096.952590 1391.107726
1140.084897 1377.442102
1159.342260 1419.926744
1116.303881 1434.133074
1172.497551 1367.172789
1213.909160 1354.052334
1232.998679 1395.613854
1191.682323 1409.251769
1245.041547 1344.188649
1284.833411 1331.581379
1303.753258 1372.258817
1264.057603 1385.361763
