4368 2912
428.917972 1632.707501
1114.697085 1459.932770
532.408993 2087.907244
1233.688300 1876.063655
474.132429 1657.514584
550.860476 1637.897988
566.233461 1702.486254
489.236950 1722.712572
588.507708 1628.272948
663.469626 1609.107887
679.225575 1672.804202
604.010186 1692.562635
700.255261 1599.703127
773.511334 1580.974189
789.628827 1643.802220
716.133466 1663.108818
809.464615 1571.782230
881.072416 1553.474697
897.531183 1615.457204
825.697515 1634.327288
916.221278 1544.488400
986.235818 1526.588205
1003.016667 1587.747078
932.788967 1606.195288
1020.606956 1517.800744
1089.080826 1500.294444
1106.165583 1560.650749
1037.490590 1578.691076
497.072639 1756.534973
574.207940 1735.990337
589.817831 1801.573946
512.411784 1822.745707
612.051601 1725.910850
687.397988 1705.842683
703.393907 1770.509117
627.792047 1791.187405
724.369054 1695.995607
797.988047 1676.387524
814.348180 1740.161394
740.488156 1760.363262
834.116353 1666.764914
906.066682 1647.601271
922.770394 1710.506227
850.592696 1730.247953
941.380718 1638.195538
1011.718481 1619.461395
1028.746248 1681.520178
958.194044 1700.817307
1046.245469 1610.265289
1115.024276 1591.946367
1132.357615 1653.180854
1063.376606 1672.048235
520.369662 1857.095529
597.915676 1835.596340
613.767993 1902.198479
535.948941 1924.342790
635.957375 1825.049497
711.691266 1804.052708
727.932679 1869.711598
651.941312 1891.335820
748.849166 1793.750894
822.833718 1773.239100
839.442011 1837.980329
765.214689 1859.102571
859.138265 1763.173871
931.433397 1743.130459
948.387564 1806.978611
875.863568 1827.616153
966.913651 1733.293761
1037.576576 1713.702870
1054.856752 1776.681573
983.978117 1796.850907
1072.260297 1704.087007
1141.345673 1684.933481
1158.933060 1747.065456
1089.644421 1766.782339
544.031887 1959.232469
621.992089 1936.751307
638.092524 2004.395889
559.856983 2027.540790
660.233440 1925.723757
736.357869 1903.771972
752.850471 1970.446340
676.466561 1993.043462
773.704009 1893.002572
848.056752 1871.561683
864.918893 1937.292449
790.321648 1959.361011
884.538752 1861.041472
957.180947 1840.093849
974.391245 1904.906570
901.518703 1926.464903
992.828457 1829.814278
1063.818461 1809.343093
1081.356700 1873.262322
1010.149732 1894.327917
1098.659789 1799.295998
1168.053335 1779.285179
1185.900396 1842.334518
1116.302544 1862.924078
