750.267307 1626.967909
1253.566714 1642.709399
761.203786 1921.443695
1295.608740 1904.111560
780.340354 1650.517167
837.341068 1652.021470
839.731865 1691.676722
782.209043 1690.652806
866.898471 1652.801517
921.817338 1654.250878
924.956899 1693.193741
869.554650 1692.207572
950.305004 1655.002694
1003.254029 1656.400068
1007.087151 1694.655672
953.690337 1693.705201
1030.729000 1657.125159
1081.812296 1658.473295
1086.288186 1696.065463
1034.789857 1695.148785
1108.327627 1659.173059
1157.642098 1660.474515
1162.713967 1697.425855
1113.014643 1696.541199
1183.247202 1661.150257
1230.883155 1662.407415
1236.507852 1698.739397
1188.514886 1697.885115
783.246795 1712.941630
841.059321 1713.694719
843.522118 1754.544219
785.172476 1754.301340
871.029313 1714.085120
926.699620 1714.810304
929.931953 1754.903898
873.764958 1754.670104
955.569309 1715.186373
1009.214297 1715.885174
1013.158592 1755.250327
959.054029 1755.025118
1037.043182 1716.247684
1088.771400 1716.921517
1093.374752 1755.584225
1041.221071 1755.367136
1115.614768 1717.271190
1165.527141 1717.921369
1170.740873 1755.906259
1120.434429 1755.696860
1191.436431 1718.258873
1239.626923 1718.886622
1245.406194 1756.217052
1196.850555 1756.014940
786.242121 1777.275147
844.889853 1777.230324
847.427954 1819.328845
788.227442 1819.915794
875.284072 1777.207095
931.726552 1777.163957
935.055830 1818.460050
878.102803 1819.024716
960.988571 1777.141593
1015.347883 1777.100047
1019.408261 1817.623730
964.577120 1818.167358
1043.539807 1777.078501
1095.929188 1777.038461
1100.665527 1816.818097
1047.839862 1817.341842
1123.108661 1777.017688
1173.633286 1776.979074
1178.994917 1816.041493
1128.066678 1816.546426
1199.853884 1776.959034
1248.611573 1776.921769
1254.551877 1815.292377
1205.420639 1815.779493
789.330472 1843.606653
848.837830 1842.713935
851.454741 1886.119650
791.378246 1887.588678
879.668407 1842.251420
936.904658 1841.392772
940.335309 1883.946286
882.574068 1885.358700
966.569735 1840.947742
1021.662459 1840.121251
1025.844120 1881.855371
970.266825 1883.214382
1050.226898 1839.692733
1103.294294 1838.896625
1108.169467 1879.842300
1054.654556 1881.150880
1130.818231 1838.483716
1181.969965 1837.716347
1187.485880 1877.902805
1135.920648 1879.163711
1208.509236 1837.318210
1257.847196 1836.578051
1263.955360 1876.032926
1214.235168 1877.248715
