4368 2912
3663.695885 2069.336062
4163.303445 2121.665856
3612.342690 2369.302433
4123.799033 2440.496403
3688.260218 2097.917058
3734.627060 2102.899427
3728.074856 2142.995732
3681.570488 2137.788512
3763.638975 2106.016915
3810.788463 2111.083384
3804.466005 2151.549455
3757.173724 2146.254010
3840.292157 2114.253717
3888.244276 2119.406432
3882.160370 2160.249103
3834.059982 2154.863173
3918.252361 2122.630963
3967.027782 2127.872148
3961.191589 2169.098442
3912.262203 2163.619686
3997.553301 2131.152280
4047.173412 2136.484231
4041.594464 2178.101369
3991.814462 2172.527367
4078.229865 2139.821415
4128.716800 2145.246511
4123.405016 2187.261918
4072.752024 2181.590165
3677.260432 2163.476871
3723.853274 2168.829767
3717.220675 2209.418055
3670.489044 2203.835011
3753.008083 2172.179266
3800.392237 2177.623072
3793.991541 2218.589893
3746.463246 2212.911673
3830.044307 2181.029699
3878.240105 2186.566753
3872.080265 2227.919178
3823.734760 2222.143325
3908.402267 2190.031983
3957.430741 2195.664700
3951.521075 2237.409997
3902.337100 2231.533972
3988.116273 2199.190058
4037.999190 2204.920939
4032.349394 2247.066581
3982.304946 2241.087755
4069.221832 2208.508004
4119.981726 2214.339638
4114.601894 2256.893313
4063.674192 2250.808965
3666.126216 2229.837893
3712.947134 2235.570049
3706.232651 2276.659430
3659.271667 2270.691685
3742.246168 2239.157050
3789.867206 2244.987162
3783.386811 2286.464087
3735.620266 2280.393973
3819.669075 2248.635723
3868.110918 2254.566324
3861.873715 2296.438106
3813.280705 2290.262966
3898.428679 2258.278044
3947.712732 2264.311755
3941.728198 2306.585917
3892.287085 2300.303000
3978.559897 2268.088289
4028.708319 2274.227821
4022.986316 2316.912099
3972.674701 2310.518561
4060.098876 2278.070882
4111.134606 2284.319046
4105.685406 2327.421399
4054.480096 2320.914290
3654.855092 2297.014901
3701.906186 2303.135290
3695.108293 2344.735103
3647.915839 2338.373533
3731.350794 2306.965435
3779.210960 2313.191069
3772.649368 2355.187684
3724.642312 2348.716305
3809.164070 2317.087359
3857.854358 2323.420975
3851.538326 2365.821961
3802.695390 2359.237905
3888.329257 2327.385140
3937.871454 2333.829572
3931.810619 2376.642712
3882.109782 2369.943010
3968.881896 2337.863399
4019.298557 2344.421581
4013.502955 2387.654886
3962.921413 2380.836465
4050.858784 2348.526925
4102.173267 2355.201895
4096.653352 2398.863607
4045.167487 2391.923282
