2912 4368
181.874703 3433.461687
999.593973 3402.239492
120.640295 4089.883509
1011.977601 4013.021277
227.086282 3485.463644
311.352369 3481.922123
305.254414 3565.074455
219.986391 3569.180872
362.109070 3479.788930
444.715179 3476.317175
440.178239 3558.576667
356.608790 3562.601283
494.476918 3474.225796
575.471623 3470.821765
572.435821 3552.207283
490.514691 3556.152517
624.267371 3468.770985
703.697365 3465.432716
702.105418 3545.962534
621.784316 3549.830712
751.554981 3463.421364
829.465173 3460.146968
829.262256 3539.838796
750.494760 3543.632155
876.411451 3458.173917
952.845047 3454.961580
953.978673 3533.832587
876.720140 3537.553275
215.443205 3622.751126
301.352815 3618.277053
295.024171 3704.575080
208.072989 3709.655844
353.089842 3615.582649
437.275944 3611.198334
432.569119 3696.538002
347.382290 3701.515671
487.980214 3608.557714
570.494159 3604.260484
567.345831 3688.662679
483.870193 3693.540358
620.196291 3601.672054
701.087408 3597.459339
699.437044 3680.944275
617.621550 3685.724949
749.816821 3594.921568
829.132519 3590.790898
828.922230 3673.378148
748.717843 3678.064680
876.917492 3588.302312
954.703350 3584.251314
955.877760 3665.959834
877.237354 3670.554981
203.355165 3765.285317
290.973566 3759.809535
284.400892 3849.435201
195.698886 3855.563099
343.729477 3756.512512
429.557124 3751.148646
424.670692 3839.744790
337.802715 3845.745985
481.240292 3747.918665
565.331527 3742.663316
562.064298 3830.253078
476.974050 3836.131460
615.974341 3739.498353
698.381332 3734.348263
696.669274 3820.954016
613.302737 3826.713317
748.014892 3731.246375
828.787737 3726.198411
828.569666 3811.841797
746.874990 3817.485600
877.441916 3723.157729
956.628744 3718.208886
957.846179 3802.910847
877.773569 3808.442590
190.796157 3913.372845
280.192579 3906.820173
273.361480 3999.969728
182.836831 4007.223952
334.008251 3902.875536
421.542658 3896.459347
416.466138 3988.501986
327.849401 3995.603319
474.243230 3892.596446
559.973198 3886.312521
556.580202 3977.273895
469.811689 3984.227121
611.592973 3882.528841
695.573725 3876.373132
693.796449 3966.278023
608.818937 3973.087726
746.145616 3872.666261
828.430149 3866.634883
828.203857 3955.507238
744.962459 3962.177817
877.985741 3863.002505
958.624930 3857.091730
959.887799 3944.954699
878.329851 3951.490374
