4368 2912
3722.225765 1582.117933
3950.020868 1588.979263
3741.930732 1736.771097
3976.768166 1737.771268
3739.321635 1596.833152
3760.586375 1597.427143
3763.156403 1616.290144
3741.808032 1615.761589
3775.897693 1597.854837
3796.901960 1598.441553
3799.613266 1617.192765
3778.527524 1616.670712
3812.026301 1598.864023
3832.774851 1599.443596
3835.623803 1618.084335
3814.795872 1617.568665
3847.715620 1599.860939
3868.213094 1600.433498
3871.196158 1618.965056
3850.621339 1618.455653
3882.973612 1600.845806
3903.224541 1601.411478
3906.338283 1619.835125
3886.011990 1619.331876
3917.808050 1601.818843
3937.816854 1602.377752
3941.057935 1620.694735
3920.975692 1620.197527
3743.676215 1629.983678
3765.087368 1630.462679
3767.696818 1649.615017
3746.200891 1649.203512
3780.503383 1630.807560
3801.650284 1631.280649
3804.402921 1650.317697
3783.173447 1649.911293
3816.876624 1631.621286
3837.764136 1632.088574
3840.656247 1651.011707
3819.688303 1650.610311
3852.804279 1632.425045
3873.437145 1632.886635
3876.465123 1651.697211
3855.753904 1651.300728
3888.294486 1633.219017
3908.677334 1633.675013
3911.837672 1652.374361
3891.378493 1651.982703
3923.355187 1634.003381
3943.492534 1634.453885
3946.781821 1653.043310
3926.570109 1652.656390
3748.097945 1663.645392
3769.657516 1664.005779
3772.307300 1683.454164
3750.661788 1683.163407
3785.179650 1664.265246
3806.471109 1664.621151
3809.266028 1683.950620
3787.890877 1683.663493
3821.800811 1664.877400
3842.829128 1665.228907
3845.765388 1684.440904
3824.655565 1684.157342
3857.969954 1665.482000
3878.739978 1665.829189
3881.813893 1684.925133
3860.964488 1684.645069
3893.695396 1666.079182
3914.211858 1666.422134
3917.419845 1685.403417
3896.826069 1685.126787
3928.985254 1666.669084
3949.252767 1667.007873
3952.591344 1685.875865
3932.248524 1685.602606
3752.588387 1697.830210
3774.298424 1698.068232
3776.989486 1717.819582
3755.192318 1717.653398
3789.928129 1698.239592
3811.366108 1698.474630
3814.204290 1718.103309
3792.681479 1717.939218
3826.800562 1698.643849
3847.971566 1698.875961
3850.952993 1718.383484
3829.699390 1718.221445
3863.214406 1699.043078
3884.123391 1699.272318
3887.244295 1718.660171
3866.254883 1718.500146
3899.178163 1699.437373
3919.829962 1699.663792
3923.086685 1718.933437
3902.356567 1718.775389
3934.700126 1699.826824
3955.099456 1700.050476
3958.488441 1719.203342
3938.012841 1719.047235
