4368 2912
3442.026565 2031.385425
4058.465744 2145.481081
3342.856124 2419.000777
3975.229814 2574.663158
3470.665990 2074.618856
3523.069992 2084.583776
3511.328698 2132.295727
3458.775291 2121.915746
3561.018137 2091.799832
3614.840497 2102.034461
3603.369862 2150.475052
3549.387372 2139.812809
3653.822730 2109.447155
3709.121820 2119.962593
3697.941207 2169.154121
3642.470539 2158.197944
3749.180992 2127.580073
3806.018435 2138.388037
3795.148518 2188.353828
3738.127275 2177.091392
3847.199798 2146.218908
3905.640689 2157.331777
3895.103559 2208.096247
3836.465805 2196.514529
3947.992067 2165.385133
4008.105231 2176.815994
3997.924506 2228.404719
3937.600513 2216.489947
3449.615976 2158.348182
3502.283899 2169.050198
3490.349249 2217.547872
3437.530991 2206.417871
3540.427308 2176.800862
3594.532586 2187.794946
3582.870465 2237.044184
3528.603922 2225.608996
3633.724106 2195.758583
3689.326394 2207.056856
3677.956544 2257.080971
3622.181319 2245.327870
3729.609826 2215.242368
3786.772124 2226.857632
3775.715638 2277.681023
3718.367931 2265.596564
3828.193745 2235.274422
3886.982638 2247.220206
3876.262069 2298.868429
3817.274429 2286.438400
3929.591378 2255.878216
3990.077297 2268.168833
3979.716769 2320.668674
3919.017834 2307.878036
3428.221405 2243.448027
3481.154884 2254.910119
3469.022062 2304.213085
3415.937334 2292.309610
3519.494851 2263.212165
3573.885046 2274.989690
3562.026603 2325.067996
3507.474019 2312.835375
3613.287420 2283.521788
3669.195302 2295.627949
3657.631371 2346.505969
3601.549195 2333.930360
3709.704863 2304.399794
3767.194855 2316.848542
3755.946956 2368.551803
3698.269944 2355.618576
3808.858933 2325.870384
3867.999154 2338.676469
3857.090312 2391.231724
3797.749453 2377.925403
3910.867818 2347.959148
3971.730356 2361.138180
3961.185219 2414.573487
3900.107463 2400.877692
3406.473749 2329.952319
3459.674390 2342.198308
3447.338419 2392.326794
3393.985631 2379.625527
3498.212193 2351.069133
3552.889283 2363.654979
3540.829520 2414.583464
3485.988928 2401.528008
3592.504069 2372.773708
3648.719935 2385.713757
3636.956910 2437.467734
3580.565401 2424.043063
3689.457489 2395.090931
3747.278017 2408.400349
3735.833691 2461.006529
3677.824531 2447.196757
3789.186757 2418.047112
3848.681647 2431.741944
3837.579530 2485.228337
3777.882101 2471.016654
3891.812815 2441.670092
3953.055864 2455.767323
3942.321140 2510.163325
3880.860653 2495.531924
