2912 4368
2128.859431 3533.447133
2671.767386 3535.785883
2170.503880 3953.100975
2761.307437 3949.969397
2165.061695 3568.403007
2218.427027 3568.592099
2224.773100 3621.834445
2170.811108 3621.708741
2251.475172 3568.709200
2304.630759 3568.897549
2311.937513 3622.037493
2258.190002 3621.912289
2337.549142 3569.014191
2390.496221 3569.201801
2398.756029 3622.239735
2345.221724 3622.115027
2423.285604 3569.317985
2476.025399 3569.504861
2485.230706 3622.441176
2431.908340 3622.316962
2508.686538 3569.620590
2561.220263 3569.806736
2571.363580 3622.641821
2518.251899 3622.518098
2593.753912 3569.922015
2646.082771 3570.107434
2657.156675 3622.841674
2604.254431 3622.718439
2174.561887 3656.484126
2228.913033 3656.567686
2235.499977 3711.830885
2180.529797 3711.815666
2262.570435 3656.619432
2316.703980 3656.702657
2324.287503 3711.855465
2269.539933 3711.840308
2350.226766 3656.754195
2404.144013 3656.837088
2412.716056 3711.879947
2358.189748 3711.864852
2437.532988 3656.888420
2491.235233 3656.970982
2500.787812 3711.904330
2446.481425 3711.889296
2524.491195 3657.022110
2577.979720 3657.104344
2588.504922 3711.928616
2534.417131 3711.913641
2611.103465 3657.155269
2664.379543 3657.237177
2675.869527 3711.952802
2621.999013 3711.937889
2184.424483 3747.925287
2239.798546 3747.895053
2246.640339 3805.296382
2190.623587 3805.400347
2274.088086 3747.876333
2329.236240 3747.846223
2337.112560 3805.128469
2281.327020 3805.232005
2363.386031 3747.827579
2418.309654 3747.797592
2427.211978 3804.961249
2371.656220 3805.064358
2452.320551 3747.779022
2507.021012 3747.749157
2516.940893 3804.794715
2461.613498 3804.897401
2540.893857 3747.730663
2595.372514 3747.700920
2606.301582 3804.628866
2551.201148 3804.731130
2629.108148 3747.682500
2683.366347 3747.652877
2695.296310 3804.463695
2640.421441 3804.565540
2194.670625 3842.922490
2251.106839 3842.769470
2258.218562 3902.435460
2201.114623 3902.668087
2286.052713 3842.674719
2342.254225 3842.522336
2350.440635 3902.059771
2293.577014 3902.291419
2377.054919 3842.427978
2433.023189 3842.276227
2442.275256 3901.685660
2385.650439 3901.916335
2467.679606 3842.182261
2523.416082 3842.031139
2533.724863 3901.313117
2477.337348 3901.542825
2557.929118 3841.937562
2613.435239 3841.787064
2624.791871 3900.942132
2568.640171 3901.170881
2647.805781 3841.693873
2703.082971 3841.543995
2715.478677 3900.572697
2659.561315 3900.800491
