2912 4368
1182.646529 2525.326421
1810.786182 2613.504411
1079.591642 2837.169409
1790.212795 2940.309316
1214.146978 2558.329934
1271.554822 2566.411460
1261.107376 2603.044944
1202.835457 2594.809356
1312.417146 2572.163808
1369.990053 2580.268570
1361.027666 2617.166710
1302.585645 2608.907081
1410.969951 2586.037470
1468.708633 2594.165568
1461.239972 2631.329747
1402.627103 2623.045971
1509.806614 2599.951091
1567.711790 2608.102628
1561.745574 2645.534235
1502.961108 2637.226207
1608.928363 2613.904845
1667.000753 2622.079921
1662.545763 2659.780357
1603.588944 2651.447971
1708.336435 2627.898906
1766.576763 2636.097623
1763.641835 2674.068297
1704.511905 2665.711445
1194.337657 2622.214583
1253.258540 2630.566525
1242.242289 2669.194496
1182.410829 2660.678356
1295.199432 2636.511582
1354.294250 2644.888181
1344.843178 2683.798244
1284.832327 2675.256570
1396.359045 2650.850801
1455.628572 2659.252164
1447.752055 2698.445829
1387.561007 2689.878507
1497.817818 2665.232424
1557.262828 2673.658662
1550.970313 2713.137450
1490.598253 2704.544363
1599.577079 2679.656642
1659.198353 2688.107865
1654.499346 2727.873305
1593.945458 2719.254338
1701.638168 2694.123642
1761.436491 2702.599962
1758.340561 2742.653595
1697.604021 2734.008630
1173.444421 2689.594839
1233.960244 2698.235103
1222.327439 2739.024994
1160.850677 2730.209399
1277.038180 2704.385639
1337.737550 2713.052109
1327.756702 2754.143254
1266.090479 2745.300491
1380.946241 2719.221314
1441.829991 2727.914111
1433.511277 2769.308164
1371.654716 2760.438106
1485.170035 2734.102069
1546.239008 2742.821311
1539.592674 2784.519938
1477.544891 2775.622460
1589.711002 2749.028110
1650.966046 2757.773918
1646.002409 2799.778795
1583.762517 2790.853770
1694.570596 2763.999643
1756.012560 2772.772139
1752.742008 2815.084955
1690.309113 2806.132253
1151.375801 2760.765680
1213.575304 2769.713948
1201.272696 2812.852472
1138.057599 2803.716605
1257.853647 2776.084007
1320.247123 2785.060182
1309.690674 2828.521076
1246.275173 2819.356246
1364.663660 2791.450122
1427.252018 2800.454332
1418.452793 2844.239416
1354.835932 2835.045484
1471.807395 2806.864247
1534.591550 2815.896626
1527.560691 2860.007726
1463.741511 2850.784557
1579.286419 2822.326608
1642.267292 2831.387287
1637.016023 2875.826249
1572.993555 2866.573700
1687.102310 2837.837432
1750.280825 2846.926545
1746.820447 2891.695222
1682.593721 2882.413153
