2912 4368
289.664491 2201.836881
650.641184 2163.312017
360.455309 2459.857739
731.015544 2396.241319
315.857562 2219.643279
355.869443 2215.176698
366.033232 2250.554715
325.855094 2255.393551
376.702957 2212.851024
415.568711 2208.512388
425.971145 2243.336119
386.951309 2248.035456
435.809709 2206.252857
473.577885 2202.036744
484.201405 2236.323184
446.290494 2240.888968
493.251289 2199.840575
529.967734 2195.741869
540.795965 2229.507243
503.947370 2233.945087
549.097087 2193.606433
584.805129 2189.620295
595.822792 2222.880112
559.992479 2227.195320
603.412692 2187.543108
638.153309 2183.664966
649.346138 2216.434052
614.492473 2220.631638
331.380908 2275.153368
371.650391 2270.106864
382.022730 2306.210800
341.585590 2311.644388
392.614913 2267.479627
431.719353 2262.579125
442.332111 2298.106953
403.072475 2303.382319
452.081712 2260.027349
490.070948 2255.266602
500.906167 2290.236284
462.773341 2295.360239
509.856721 2252.787083
546.777788 2248.160197
557.818733 2282.588872
520.764891 2287.567843
566.011123 2245.749909
601.908447 2241.251317
613.139514 2275.155350
577.119501 2279.995403
620.612161 2238.907400
655.527740 2234.531839
666.934369 2267.926867
631.905514 2272.633738
347.226496 2331.815758
387.755740 2326.166203
398.343114 2363.018630
357.644833 2369.070791
408.852289 2323.225459
448.197131 2317.741003
459.026659 2353.994499
419.525535 2359.868634
468.681650 2314.885574
506.893260 2309.559083
517.946570 2345.232636
479.590549 2350.936483
526.791999 2306.785309
563.918643 2301.610057
575.178631 2336.721768
537.918630 2342.262630
583.256376 2298.914483
619.343615 2293.884119
630.794345 2328.451266
594.584048 2333.836028
638.143735 2291.263485
673.234615 2286.372009
684.861231 2320.411086
649.656896 2325.646253
363.404463 2389.666707
404.195596 2383.389892
415.004762 2421.014330
374.043235 2427.709999
425.425173 2380.123150
465.012088 2374.031638
476.065094 2411.033263
436.320846 2417.529952
485.619536 2370.860626
524.054781 2364.946329
535.332834 2401.345218
496.752397 2407.651667
544.067051 2361.866902
581.400162 2356.122198
592.885778 2391.937477
555.418772 2398.061923
600.842673 2353.130444
637.120385 2347.548141
648.797288 2382.798048
612.396198 2388.748258
656.017126 2344.640369
691.283570 2339.213676
703.136597 2373.915616
667.756574 2379.698919
