4368 2912
897.971218 1538.855572
1995.504683 1681.616668
690.868694 2363.380425
1795.947749 2570.520779
951.950306 1631.855693
1038.714617 1643.576025
1015.129694 1739.029799
928.305581 1726.729126
1113.556389 1653.685831
1202.218282 1665.662493
1178.752284 1762.210778
1090.024892 1749.640461
1278.705880 1675.994622
1369.328297 1688.236116
1345.992254 1785.904244
1255.298309 1773.055318
1447.516613 1698.797982
1540.165308 1711.313191
1516.970907 1810.127382
1424.244294 1796.990482
1620.111703 1722.112542
1714.855403 1734.910750
1691.815027 1834.898154
1596.986638 1821.463488
1796.619848 1745.955688
1893.530426 1759.046602
1870.657199 1860.235344
1773.654756 1846.492673
907.502699 1810.199782
994.378913 1823.013129
970.591198 1919.287652
883.655851 1905.884218
1069.320674 1834.066266
1158.105171 1847.161064
1134.435185 1944.548634
1045.585826 1930.850103
1234.702154 1858.458330
1325.458506 1871.843956
1301.917351 1970.370540
1211.090067 1956.367057
1403.766159 1883.393528
1496.560795 1897.079780
1473.160234 1996.772261
1380.288236 1982.453531
1576.637073 1908.890206
1671.539437 1922.887326
1648.291943 2023.773551
1553.305396 2009.128806
1753.444944 1934.967545
1850.527672 1949.286246
1827.446466 2051.395066
1730.272324 2036.413044
862.674761 1990.069930
949.661610 2003.994660
925.668475 2101.100564
838.623190 2086.575810
1024.702303 2016.007065
1113.608199 2030.238993
1089.731553 2128.476840
1000.761457 2113.630904
1190.313568 2042.517878
1281.202723 2057.067284
1257.453739 2156.463692
1166.494274 2141.285801
1359.628782 2069.621615
1452.568307 2084.499240
1428.958827 2185.081774
1335.942517 2169.560669
1532.773610 2097.338389
1627.833678 2112.555468
1604.376261 2214.352688
1509.232540 2198.476593
1709.879468 2125.689240
1807.133490 2141.257524
1783.841455 2244.299027
1686.496496 2228.055625
817.461591 2171.485806
904.557757 2186.540642
880.356531 2284.488744
793.202648 2268.823756
979.696288 2199.528565
1068.722332 2214.916986
1044.636308 2314.016294
955.546750 2298.003390
1145.535051 2228.194297
1236.555832 2243.927515
1212.596255 2344.205316
1121.505811 2327.832773
1315.099325 2257.503995
1408.182645 2273.593728
1384.361435 2375.078288
1291.201933 2358.333854
1488.516076 2287.479605
1583.732841 2303.938111
1560.062646 2406.658720
1464.762780 2389.529579
1665.918101 2318.144082
1763.342512 2334.984187
1739.836747 2438.971210
1642.321899 2421.443950
