4368 2912
2940.062123 1952.319196
3860.105723 1590.261162
3021.602376 2540.430432
4113.913927 2157.030494
3007.568932 1982.452647
3085.803210 1951.952242
3097.350874 2015.139579
3017.635438 2045.845417
3146.293871 1928.369362
3226.045374 1897.277452
3240.287408 1960.081409
3158.997516 1991.393716
3287.714863 1873.234994
3369.028159 1841.534204
3386.069127 1903.927293
3303.157668 1935.864217
3431.911275 1817.018602
3514.832694 1784.690869
3534.781835 1846.644181
3450.199801 1879.224599
3578.965617 1759.688017
3663.543342 1726.714557
3686.514824 1788.197677
3600.211210 1821.441235
3728.963706 1701.209783
3815.247862 1667.571055
3841.361048 1728.551976
3753.282753 1762.479130
3026.132744 2099.356315
3107.100218 2068.486743
3119.444599 2136.033611
3036.889800 2167.097753
3169.724324 2044.610744
3252.315439 2013.122145
3267.550177 2080.303688
3183.308323 2112.002643
3316.201669 1988.764949
3400.465757 1956.638514
3418.706847 2023.425684
3332.725690 2055.779113
3465.652654 1931.785428
3551.641066 1899.001579
3573.009873 1965.363753
3485.234986 1998.392136
3618.168758 1873.637303
3705.934970 1840.175652
3730.558526 1906.080541
3640.933186 1939.805222
3773.845256 1814.284249
3863.444976 1780.123557
3891.456297 1845.537106
3799.921366 1879.980338
3045.980163 2224.343362
3129.878370 2193.125870
3143.104860 2265.499527
3057.501344 2296.896797
3194.791572 2168.972466
3280.431430 2137.106928
3296.766403 2209.140241
3209.350714 2241.202172
3346.699196 2112.449507
3434.135506 2079.915531
3453.708116 2151.577870
3364.422095 2184.325793
3501.800681 2054.738151
3591.090566 2021.514482
3614.036163 2092.773474
3522.819137 2126.229642
3660.197823 1995.800521
3751.400857 1961.864994
3777.861341 2032.686417
3684.649981 2066.874058
3821.996793 1935.597114
3915.175128 1900.926601
3945.299332 1971.274268
3850.027511 2006.217635
3067.249089 2358.282208
3154.297746 2326.745563
3168.504392 2404.482507
3079.618806 2436.179208
3221.673336 2302.336226
3310.594994 2270.121016
3328.153843 2347.551329
3237.316524 2379.944021
3379.428121 2245.183631
3470.283889 2212.267717
3491.339321 2289.359200
3398.485273 2322.471060
3540.622365 2186.784963
3633.476040 2153.145233
3658.179621 2229.863757
3563.240927 2263.719004
3705.369793 2127.099021
3800.288006 2092.711334
3828.798917 2169.020720
3731.704578 2203.644673
3873.789196 2066.082768
3970.841577 2030.921899
4003.327072 2106.783780
3904.002829 2142.202919
