4368 2912
3755.615132 1721.536471
4024.975824 1747.461027
3761.929005 1894.822113
4040.079050 1914.658170
3771.790798 1737.409260
3799.751188 1740.044990
3800.815652 1763.207393
3772.730267 1760.652956
3815.473488 1741.527077
3843.086089 1744.130021
3844.342226 1767.166244
3816.607781 1764.643726
3858.613432 1745.593731
3885.884695 1748.164499
3887.327683 1771.075879
3859.937641 1768.584686
3901.220685 1749.610170
3928.156898 1752.149354
3929.782049 1774.937210
3902.730034 1772.476761
3943.305051 1753.577318
3969.912353 1756.085497
3971.715108 1778.751126
3944.994902 1776.320857
3984.876098 1757.496077
4011.160475 1759.973815
4013.136402 1782.518497
3986.741937 1780.117854
3773.308628 1774.962365
3801.470944 1777.466329
3802.551345 1800.975508
3774.262220 1798.555472
3817.306049 1778.874257
3845.115477 1781.346845
3846.390302 1804.725778
3818.457285 1802.336206
3860.752781 1782.737187
3888.215914 1785.178985
3889.680235 1808.429081
3862.096644 1806.069401
3903.659100 1786.552067
3930.782366 1788.963647
3932.431392 1812.086293
3905.190713 1809.755948
3946.035026 1790.319789
3972.824694 1792.701708
3974.653771 1815.698271
3947.749647 1813.396717
3987.890333 1794.041222
4014.352522 1796.394024
4016.357121 1819.265847
3989.783353 1816.992554
3774.849308 1813.080798
3803.216484 1815.448724
3804.313183 1839.312526
3775.817343 1837.031254
3819.166022 1816.780098
3847.175100 1819.118132
3848.469032 1842.847481
3820.334584 1840.595141
3862.923929 1820.432752
3890.581646 1822.741457
3892.067776 1846.337837
3864.287889 1844.113881
3906.133532 1824.039637
3933.446459 1826.319561
3935.119892 1849.784431
3907.687905 1847.588327
3948.805073 1827.601608
3975.779618 1829.853285
3977.635596 1853.188082
3950.545014 1851.019310
3990.948540 1831.119498
4017.590951 1833.343451
4019.624851 1856.549588
3992.869340 1854.407640
3776.413357 1851.777420
3804.988393 1854.004888
3806.101760 1878.231397
3777.396166 1876.093406
3821.054027 1855.257228
3849.265637 1857.456366
3850.579110 1881.544069
3822.240310 1879.433396
3865.127592 1858.692830
3892.982664 1860.864175
3894.491094 1884.814632
3866.512102 1882.730758
3908.644787 1862.085061
3936.150039 1864.229137
3937.848423 1888.043885
3910.222431 1885.986302
3951.616084 1865.434739
3978.778063 1867.552057
3980.661541 1891.232605
3953.381909 1889.200819
3994.051689 1868.742659
4020.876782 1870.833716
4022.940630 1894.381550
3996.000885 1892.375079
