4368 2912
3157.539405 1866.216058
4128.391263 1956.450377
3118.705738 2587.530710
4149.868395 2681.847941
3234.135798 1955.715253
3302.769940 1962.084328
3299.997225 2029.257553
3230.955603 2022.860462
3383.658567 1969.590588
3452.249524 1975.955656
3450.363862 2043.189856
3381.365937 2036.796814
3533.087265 1983.457194
3601.635080 1989.818259
3600.635351 2057.113343
3531.681082 2050.724348
3682.421984 1997.315079
3750.926696 2003.672144
3750.811782 2071.028024
3681.901128 2064.643069
3831.662809 2011.164251
3900.124460 2017.517319
3900.893246 2084.933905
3832.026165 2078.552987
3980.809831 2025.004719
4049.228461 2031.353795
4050.879834 2098.830994
3982.056285 2092.454111
3227.070849 2104.881413
3296.610234 2111.312568
3293.763759 2180.272767
3223.806039 2173.813117
3378.565395 2118.891961
3448.060452 2125.319016
3446.124642 2194.341236
3376.211786 2187.885729
3529.963378 2132.893577
3599.414147 2139.316537
3598.387839 2208.400685
3528.519804 2201.949317
3681.264887 2146.886272
3750.671411 2153.305139
3750.553443 2222.451124
3680.730186 2216.003889
3832.470015 2160.870053
3901.832337 2167.284832
3902.621549 2236.492558
3832.843027 2230.049454
3983.578854 2174.844929
4052.897016 2181.255624
4054.592249 2250.525000
3984.858418 2244.086023
3219.817232 2258.030973
3290.286062 2264.525273
3287.362842 2335.344714
3216.464388 2328.821427
3373.336258 2272.179054
3443.759565 2278.669159
3441.771581 2349.551686
3370.919204 2343.032640
3526.756121 2286.317997
3597.133951 2292.803911
3596.079991 2363.749428
3525.273647 2357.234617
3680.076919 2300.447810
3750.409317 2306.929537
3750.288171 2377.937948
3679.527815 2371.427368
3833.298748 2314.568501
3903.585756 2321.046045
3904.396218 2392.117255
3833.681805 2385.610902
3986.421703 2328.680081
4056.663366 2335.153447
4058.404230 2406.287357
3987.735716 2399.785228
3212.367292 2415.325651
3283.790746 2421.884183
3280.787636 2494.639083
3208.922801 2488.051066
3367.965636 2429.613630
3439.342327 2436.167868
3437.300030 2508.986938
3365.482537 2502.403261
3523.462115 2443.892255
3594.792090 2450.442203
3593.709345 2523.325344
3521.939146 2516.746004
3678.856832 2458.161536
3750.140136 2464.707199
3750.015683 2537.654311
3678.292733 2531.079301
3834.149883 2472.421481
3905.386563 2478.962863
3906.219145 2551.973846
3834.543396 2545.403164
3989.341371 2486.672100
4060.531472 2493.209205
4062.319834 2566.283961
3990.691240 2559.717600
