4368 2912
1680.119151 2415.702512
2126.394038 2450.531948
1620.666819 2739.140112
2085.962211 2781.365063
1701.543553 2445.137162
1744.257274 2448.513850
1736.883990 2491.024937
1693.937260 2487.558912
1770.831708 2450.614663
1813.773036 2454.009344
1806.780697 2496.665966
1763.603800 2493.181365
1840.489264 2456.121367
1883.660021 2459.534185
1877.052820 2502.337292
1833.643900 2498.833966
1910.519182 2461.657507
1953.921214 2465.088607
1947.703393 2508.039161
1904.060574 2504.516958
1980.924457 2467.223320
2024.559625 2470.672851
2018.735479 2513.771821
1974.856867 2510.230588
2051.708114 2472.819046
2095.578303 2476.287157
2090.152178 2519.535520
2046.035856 2515.975103
1689.020237 2514.982086
1732.117521 2518.506288
1724.603592 2561.828269
1681.269097 2558.211678
1758.931264 2520.698933
1802.260377 2524.242093
1795.134299 2567.714587
1751.565341 2564.078429
1829.218551 2526.446548
1872.781370 2530.008819
1866.047454 2573.632825
1822.242122 2569.976940
1899.885146 2532.225181
1943.683568 2535.806717
1937.346174 2579.583240
1893.302543 2575.907467
1970.934129 2538.035081
2014.970069 2541.636040
2009.033614 2585.566097
1964.749733 2581.870274
2042.368610 2543.876507
2086.644006 2547.497047
2081.112962 2591.581662
2036.586858 2587.865623
1676.257991 2586.159571
1719.745768 2589.836331
1712.087133 2633.992630
1668.357826 2630.220302
1746.803155 2592.123953
1790.527106 2595.820681
1783.263416 2640.132683
1739.295228 2636.339748
1817.731637 2598.120743
1861.693690 2601.837603
1854.829377 2646.306351
1810.620344 2642.492640
1889.046567 2604.150207
1933.248673 2607.887362
1926.788223 2652.513913
1882.336363 2648.679254
1960.751113 2610.212612
2005.195244 2613.970229
1999.143201 2658.755646
1954.446505 2654.899867
2032.848478 2616.308228
2077.536626 2620.086477
2071.897590 2665.031836
2026.954031 2661.154759
1663.249911 2658.708117
1707.135302 2662.542693
1699.327738 2707.557644
1655.196382 2703.624190
1734.440791 2664.928567
1778.566821 2668.784169
1771.161492 2713.960231
1726.786711 2710.005079
1806.022241 2671.183143
1850.390896 2675.059945
1843.392361 2720.398213
1798.772135 2716.421184
1877.997486 2677.472129
1922.610771 2681.370306
1916.023646 2726.871884
1871.155934 2722.872797
1950.369783 2683.795806
1995.229729 2687.715536
1989.058688 2733.381542
1943.941424 2729.360212
2023.142427 2690.154467
2068.251084 2694.095928
2062.500861 2739.927488
2017.131959 2735.883729
