4368 2912
3686.801577 1380.236232
4262.606797 1410.743426
3637.897131 1714.668791
4228.627688 1758.996983
3720.130823 1414.127166
3769.437669 1416.832337
3763.844431 1457.228810
3714.388154 1454.383887
3807.473181 1418.919117
3857.347054 1421.655398
3852.022928 1462.301188
3801.995956 1459.423438
3895.821232 1423.766246
3946.271968 1426.534175
3941.223576 1467.432366
3890.615972 1464.521214
3985.192446 1428.669508
4036.230112 1431.469639
4031.464253 1472.623370
3980.265848 1469.678234
4075.604700 1433.629886
4127.239598 1436.462784
4122.763251 1477.875254
4070.963642 1474.895532
4167.076291 1438.648384
4219.318966 1441.514627
4215.139300 1483.189093
4162.727834 1480.174176
3709.831319 1486.327793
3759.406082 1489.284239
3753.744137 1530.176942
3704.018338 1527.077416
3797.649599 1491.564935
3847.797977 1494.555590
3842.408071 1535.703573
3792.104923 1532.568060
3886.485283 1496.862751
3937.217291 1499.888213
3932.106161 1541.294665
3881.215548 1538.122534
3976.356155 1502.222303
4027.682041 1505.283181
4022.856607 1546.951353
3971.368178 1543.741958
4067.280417 1507.644675
4119.210670 1510.741594
4114.678036 1552.674797
4062.581195 1549.427480
4159.276696 1513.130977
4211.822054 1516.264579
4207.589520 1558.466188
4154.873419 1555.180270
3699.405538 1559.413644
3749.251099 1562.627353
3743.519172 1604.025487
3693.520944 1600.665280
3787.704876 1565.106597
3838.130758 1568.357723
3832.673844 1610.017262
3782.091494 1606.617799
3877.033535 1570.865915
3928.049933 1574.155112
3922.874888 1616.079359
3871.698120 1612.639947
3967.409621 1576.692763
4019.026969 1580.020705
4014.140834 1622.213026
3962.359108 1618.732956
4058.851665 1582.588336
4111.080643 1585.955714
4106.490653 1628.419536
4054.093178 1624.898084
4151.378636 1588.553860
4204.230181 1591.961376
4199.943769 1634.700194
4146.919496 1631.136617
3688.851141 1633.401102
3738.970429 1636.878226
3733.167216 1678.791218
3682.893603 1675.164084
3777.636756 1639.560779
3828.343188 1643.078637
3822.818009 1685.259333
3771.953385 1681.589558
3867.463821 1645.792708
3918.767777 1649.352021
3913.527608 1691.803838
3862.061489 1688.090666
3958.350767 1652.098169
4010.262871 1655.699673
4005.314884 1698.426094
3953.236535 1694.668752
4050.316465 1658.478470
4102.847594 1662.122921
4098.199154 1705.127498
4045.497587 1701.325191
4143.380235 1664.934953
4196.541530 1668.623123
4192.200203 1711.909473
4138.864163 1708.061392
