4368 2912
3678.285928 1487.999489
4200.177470 1476.368059
3626.312684 1794.466241
4156.512273 1792.182241
3701.156493 1510.453930
3755.022556 1509.324426
3747.645444 1554.258207
3693.659900 1555.251583
3781.887253 1508.761106
3836.255367 1507.621074
3829.060108 1552.760116
3774.570060 1553.762774
3863.371035 1507.052492
3918.248249 1505.901785
3911.238584 1551.247969
3856.236927 1552.260041
3945.618423 1505.327866
4001.011923 1504.166333
3994.191672 1549.721568
3938.671168 1550.743188
4028.640202 1503.587003
4084.557308 1502.414490
4077.930377 1548.180712
4021.883647 1549.212015
4112.447362 1501.829670
4168.895532 1500.646023
4162.465911 1546.625194
4105.885440 1547.666317
3689.785249 1578.405472
3743.832500 1577.482743
3736.395875 1622.779016
3682.228367 1623.563392
3770.788062 1577.022541
3825.341087 1576.091178
3818.087511 1621.596074
3763.411747 1622.387811
3852.549490 1575.626660
3907.615422 1574.686540
3900.548677 1620.401990
3845.357470 1621.201190
3935.080241 1574.217644
3990.666349 1573.268644
3983.790296 1619.196604
3928.076324 1620.003374
4018.391225 1572.795308
4074.504912 1571.837301
4067.823503 1617.979756
4011.579301 1618.794204
4102.493556 1571.359461
4159.142372 1570.392318
4152.659641 1616.751280
4095.877605 1617.573516
3678.322493 1646.903862
3732.552108 1646.191288
3725.055248 1691.854455
3670.704593 1692.426414
3759.599130 1645.835891
3814.338286 1645.116621
3807.025680 1690.991838
3752.162976 1691.569186
3841.640039 1644.757877
3896.895950 1644.031818
3889.771422 1690.121062
3834.389399 1690.703875
3924.456051 1643.669679
3980.236070 1642.936733
3973.303527 1689.242010
3917.394774 1689.830367
4008.058201 1642.571152
4064.369819 1641.831219
4057.633257 1688.354565
4001.190226 1688.948545
4092.457737 1641.462146
4149.308593 1640.715128
4142.772092 1687.458605
4085.787087 1688.058288
3666.767117 1715.955730
3721.180284 1715.456748
3713.622452 1761.491285
3659.087456 1761.847348
3748.319366 1715.207875
3803.245881 1714.704186
3795.873521 1760.954261
3740.822640 1761.313693
3830.641606 1714.452959
3886.088768 1713.944495
3878.905747 1760.412138
3823.331625 1760.774986
3913.744792 1713.690883
3969.720041 1713.177575
3962.730310 1759.864840
3906.625451 1760.231154
3997.640093 1712.921542
4054.151007 1712.403322
4047.358606 1759.312295
3990.715371 1759.682124
4082.338885 1712.144832
4139.393191 1711.621631
4132.802250 1758.754427
4075.612854 1759.127821
