4368 2912
577.694494 1321.357282
886.230891 1325.845065
564.487188 1506.500380
880.401305 1496.239941
594.570519 1336.756768
628.159408 1337.119978
626.534860 1362.272964
592.831166 1362.124415
646.178038 1337.314820
678.901044 1337.668667
677.446674 1362.497357
644.614371 1362.352649
696.458155 1337.858519
728.348332 1338.203360
727.056032 1362.716011
695.061756 1362.574996
745.461431 1338.388411
776.550176 1338.724586
775.412282 1362.929141
744.224354 1362.791680
793.235895 1338.905015
823.553042 1339.232846
822.562313 1363.136955
792.150628 1363.002915
839.827194 1339.408825
869.401118 1339.728620
868.550700 1363.339649
838.886635 1363.208904
591.803366 1377.114398
625.574938 1377.135500
623.934940 1402.527706
590.047328 1402.725387
643.690442 1377.146819
676.587361 1377.167374
675.119339 1402.229124
642.111971 1402.421671
694.236713 1377.178402
726.292522 1377.198432
724.988247 1401.938216
692.827267 1402.125825
743.493487 1377.209180
774.740038 1377.228704
773.591735 1401.654690
742.244999 1401.837549
791.509487 1377.239182
821.977043 1377.258220
820.977364 1401.378268
790.414337 1401.556556
838.331014 1377.268438
868.048346 1377.287007
867.190341 1401.108687
837.381996 1401.282572
589.009645 1417.859510
622.965868 1417.531930
621.310198 1443.166785
587.236681 1443.717360
641.179275 1417.356223
674.251941 1417.037167
672.770075 1442.335273
639.585791 1442.871479
691.994496 1416.866003
724.217647 1416.555142
722.901230 1441.525230
690.571818 1442.047624
741.507374 1416.388346
772.913326 1416.085369
771.754470 1440.735838
740.247317 1441.244945
789.767344 1415.922776
820.386795 1415.627387
819.378043 1439.966314
788.662173 1440.462635
836.821367 1415.468841
866.683495 1415.180757
865.817801 1439.215919
835.863774 1439.699930
586.188971 1458.997710
620.331842 1458.314733
618.660275 1484.195731
584.398835 1485.106008
638.644203 1457.948422
671.894477 1457.283300
670.398569 1482.821120
637.035489 1483.707528
689.731211 1456.926502
722.123439 1456.278544
720.794710 1481.482168
688.295115 1482.345635
739.502841 1455.930895
771.069812 1455.299445
769.900256 1480.177505
738.231052 1481.018910
788.009247 1454.960597
818.782103 1454.345032
817.764156 1478.905831
786.893918 1479.726008
835.298069 1454.014655
865.306403 1453.414383
864.432915 1477.665910
834.331786 1478.465653
