4368 2912
248.990219 1856.233721
1379.054769 1554.648145
514.264367 2696.122082
1643.093898 2231.795357
333.808508 1901.537416
472.721068 1862.994381
511.135271 1979.300876
372.094641 2020.621948
538.157950 1844.838096
668.704315 1808.616368
707.230743 1921.023843
576.618532 1959.840100
730.258929 1791.537268
853.172777 1757.433277
891.731670 1866.192560
768.804076 1902.725047
911.180640 1741.338267
1027.112298 1709.171572
1065.636850 1814.510195
949.735087 1848.954697
1081.871354 1693.977984
1191.399310 1663.588077
1229.833563 1765.713060
1120.372053 1798.243602
1243.175041 1649.222250
1346.815599 1620.465876
1385.112715 1719.566110
1281.569191 1750.337902
391.604118 2081.303891
530.705731 2038.554259
569.909345 2157.250851
430.694234 2202.889116
596.210602 2018.422867
726.852327 1978.273185
766.146073 2092.919444
635.453414 2135.763832
788.433291 1959.347713
911.364092 1921.567803
950.667991 2032.428451
827.738469 2072.727885
969.363454 1903.743053
1085.246423 1868.129129
1124.493711 1975.443946
1008.655606 2013.418631
1139.967798 1851.311793
1249.392122 1817.682782
1288.527077 1921.669622
1179.183991 1957.515076
1301.105752 1801.789806
1404.596727 1769.984272
1443.572887 1870.841651
1340.193474 1904.732060
450.615554 2264.852051
589.884050 2217.728168
629.901663 2338.889296
490.535246 2389.017573
655.445990 2195.544162
786.160405 2151.314699
826.244625 2268.267300
695.495139 2315.296180
847.756646 2130.472554
970.681575 2088.878798
1010.752283 2201.902308
887.844558 2246.110610
1028.661347 2069.260348
1144.472898 2030.073524
1184.463453 2139.420671
1068.712584 2181.054745
1199.145599 2011.574079
1308.443841 1974.591145
1348.298834 2080.491227
1239.097418 2119.769549
1360.084552 1957.117625
1463.403905 1922.157751
1503.077334 2024.819425
1399.884808 2061.936427
510.881590 2452.302494
650.293269 2400.628864
691.150498 2524.332091
551.657548 2579.131334
715.900628 2376.311171
846.663617 2327.843220
887.562406 2447.172464
756.781226 2498.549324
908.263374 2305.010965
1031.158236 2259.459374
1072.018414 2374.709664
949.157634 2422.975026
1089.106688 2237.980493
1204.822803 2195.089741
1245.577941 2306.527504
1129.939220 2351.955709
1259.435232 2174.847373
1368.583736 2134.390939
1409.178825 2242.257556
1300.143573 2285.091615
1420.140141 2115.281302
1523.264712 2077.057667
1563.654287 2181.572492
1460.672595 2222.028435
