4368 2912
3257.107268 609.332318
4226.739752 812.479240
3070.910085 1211.753466
4013.946332 1465.936335
3293.730064 669.227890
3385.117914 688.784349
3358.084018 775.490284
3267.041977 755.250250
3436.760728 699.835606
3530.539594 719.903728
3502.951203 807.696468
3409.530512 786.927624
3583.542438 731.246024
3679.807397 751.846155
3651.644448 840.753243
3555.750655 819.434591
3734.224712 763.491139
3833.075952 784.644719
3804.317357 874.694758
3705.850941 852.804173
3888.965124 796.604671
3990.508288 818.334307
3961.131866 909.557015
3859.987894 887.071167
4047.929851 830.622182
4152.276417 852.951730
4122.258817 945.377992
4018.326570 922.272269
3251.676150 804.778140
3342.519367 825.410861
3315.602176 911.742487
3225.102334 890.432177
3393.852986 837.069984
3487.067750 858.241341
3459.600006 945.650153
3366.740865 923.784291
3539.750269 870.206832
3635.430675 891.938197
3607.392508 980.451365
3512.080591 958.007938
3689.515969 904.222293
3787.761156 926.536183
3759.131682 1016.181912
3661.268510 993.137733
3843.306007 939.151779
3944.220501 962.071933
3914.977758 1052.879526
3814.459504 1029.210145
4001.284798 975.032634
4104.978884 998.584102
4075.099755 1090.584005
3971.816884 1066.263631
3209.802229 939.748229
3300.104644 961.447790
3273.303404 1047.407527
3183.341951 1025.036303
3351.131258 973.709423
3443.785938 995.974231
3416.438050 1083.001629
3324.136465 1060.048471
3496.150428 1008.557353
3591.250495 1031.409784
3563.336281 1119.531643
3468.602051 1095.973546
3645.006175 1044.327209
3742.649734 1067.790838
3714.148514 1157.034974
3616.884186 1132.847703
3797.852791 1081.056065
3898.143262 1105.155744
3869.033289 1195.551047
3769.136134 1170.709057
3954.852951 1118.783013
4057.899442 1143.544960
4028.157827 1235.121446
3925.519478 1209.597788
3168.107147 1074.141875
3257.872559 1096.898945
3231.186522 1182.489190
3141.759681 1159.066326
3308.594336 1109.757785
3400.692913 1133.106353
3373.464100 1219.754829
3281.716111 1195.724005
3452.741648 1146.301599
3547.265552 1170.265029
3519.474472 1257.998169
3425.313777 1233.335404
3600.694005 1183.810058
3697.740317 1208.412961
3669.366491 1297.258198
3572.696652 1271.938233
3752.604088 1222.321868
3852.275139 1247.590188
3823.297032 1337.576005
3724.016401 1311.572215
3908.632850 1261.877834
4011.036584 1287.838936
3981.431537 1378.994923
3879.432901 1352.279228
