4368 2912
807.007693 1310.774619
1080.416641 1324.832667
792.563732 1484.219013
1072.020961 1488.870414
821.496524 1325.757416
850.676891 1327.177688
848.838879 1350.886099
819.567575 1349.600258
866.396035 1327.942772
895.060688 1329.337943
893.359209 1352.841805
864.606625 1351.578751
910.503246 1330.089565
938.665736 1331.460294
937.096298 1354.763105
908.848767 1353.522236
953.838945 1332.198807
981.512353 1333.545731
980.070634 1356.650898
952.314965 1355.431636
996.423198 1334.271474
1023.620156 1335.595209
1022.301999 1358.506053
995.025456 1357.307839
1038.275384 1336.308510
1065.008090 1337.609649
1063.809494 1360.329410
1036.999777 1359.151702
818.428199 1363.683540
847.753246 1364.889623
845.899197 1388.804896
816.482320 1387.735637
863.549713 1365.539301
892.354259 1366.723977
890.638067 1390.431087
861.744739 1389.380858
907.871589 1367.362174
936.169370 1368.526008
934.586481 1392.028545
906.202848 1390.996843
951.414898 1369.153027
979.219171 1370.296563
977.765204 1393.598027
949.877897 1392.584365
994.199975 1370.912694
1021.523538 1372.036460
1020.194280 1395.140260
992.790394 1394.144170
1036.246454 1372.641985
1063.101668 1373.746488
1061.893064 1396.655948
1034.960137 1395.676976
815.332923 1401.942791
844.804071 1402.930871
842.933774 1427.055724
813.369891 1426.206909
860.678614 1403.463097
889.624408 1404.433563
887.893311 1428.346568
858.857873 1427.512925
905.217228 1404.956343
933.651591 1405.909662
932.055077 1429.614506
903.534040 1428.795632
948.970122 1406.423247
976.906491 1407.359870
975.440118 1430.860144
947.419933 1430.055650
991.957907 1407.864499
1019.409249 1408.784860
1018.068748 1432.084064
990.536336 1431.293575
1034.200476 1409.280766
1061.179315 1410.185286
1059.960578 1433.286830
1032.903313 1432.509983
812.210340 1440.539577
841.829029 1441.305763
839.942270 1465.642964
810.229926 1465.018532
857.782414 1441.718450
886.870829 1442.470919
885.124632 1466.592513
855.945697 1465.979291
902.539869 1442.876251
931.112123 1443.615367
929.501806 1467.525141
900.842044 1466.922829
946.504352 1444.013539
974.574063 1444.739655
973.095126 1468.441294
944.940803 1467.849605
989.696753 1445.130854
1017.277064 1445.844310
1015.925178 1469.341407
988.263040 1468.760062
1032.137233 1446.228718
1059.240832 1446.929843
1058.011834 1470.225897
1030.829086 1469.654627
