2912 4368
447.628213 2437.260445
809.543200 2375.163984
521.014589 2705.688149
897.328339 2618.139661
473.893627 2454.417506
513.737815 2447.397744
524.304403 2483.925443
484.221656 2491.316725
534.518781 2443.736546
573.350317 2436.895194
584.263388 2472.868973
545.207573 2480.070887
593.606471 2433.326458
631.463478 2426.656798
642.702273 2462.092809
604.634428 2469.112541
651.214453 2423.177065
688.133161 2416.672715
699.678143 2451.586427
662.561245 2458.430804
707.397620 2413.278696
743.412487 2406.933584
755.245258 2441.339819
719.044116 2448.015331
762.208190 2403.622151
797.352004 2397.430503
809.455230 2431.343471
774.136365 2437.856289
489.944663 2511.763464
530.158968 2504.164121
540.997484 2541.631845
500.540794 2549.620543
551.129513 2500.201294
590.308946 2492.797512
601.499200 2529.684998
562.092129 2537.466435
610.743292 2488.936011
648.927291 2481.720337
660.447871 2518.044820
622.050094 2525.626958
668.845744 2477.956324
706.071768 2470.921680
717.902538 2506.699652
680.475770 2514.090052
725.493621 2467.251511
761.797277 2460.391168
773.919286 2495.638419
737.427156 2502.844263
780.740872 2456.811375
816.156019 2450.118935
828.551428 2484.850595
792.959358 2491.878710
506.413332 2570.601516
547.003688 2562.394723
558.124763 2600.839231
517.288144 2609.454242
568.166751 2558.115853
607.699290 2550.122936
619.177425 2587.959388
579.413846 2596.348025
628.314405 2545.954853
666.829948 2538.167558
678.643046 2575.414349
639.910764 2583.585422
686.918122 2534.106015
724.455415 2526.516507
736.582715 2563.191232
698.842122 2571.153095
744.036598 2522.557471
780.632442 2515.158312
793.054425 2551.277798
756.267916 2559.038384
799.725588 2511.297950
835.414962 2504.082065
848.113264 2539.662427
812.245114 2547.229275
523.316151 2630.990663
564.288575 2622.146942
575.703406 2661.606936
534.480783 2670.878838
585.647132 2617.536790
625.538049 2608.926507
637.315316 2647.749022
597.189926 2656.774131
646.336530 2604.437245
685.188202 2596.051280
697.305101 2634.255959
658.233713 2643.044000
705.448351 2591.678213
743.300870 2583.507911
755.735991 2621.113528
717.677612 2629.673720
763.043321 2579.246587
799.934738 2571.283734
812.667968 2608.308237
775.583708 2616.649327
819.179083 2567.129925
855.145544 2559.366720
868.157980 2595.827275
832.010911 2603.957570
