4368 2912
2982.056412 1821.259066
3772.006487 2067.766660
2795.819111 2193.678784
3688.923672 2519.932435
3011.550958 1865.361202
3083.263316 1888.031179
3062.184454 1935.348305
2989.421254 1911.877733
3128.384749 1902.295135
3202.130514 1925.607921
3182.840946 1974.267384
3107.978123 1950.119557
3248.540486 1940.279214
3324.407386 1964.262541
3307.020258 2014.322789
3229.965603 1989.467961
3372.161892 1979.358873
3450.242777 2004.042094
3434.878958 2055.565020
3355.534783 2029.971683
3499.401102 2019.582206
3579.794319 2044.996410
3566.583033 2098.047619
3484.845760 2071.682362
3630.419288 2061.000163
3713.229099 2087.178310
3702.308609 2141.827398
3618.068313 2114.654763
2974.845209 1942.516508
3048.297153 1966.522056
3025.976015 2016.627803
2951.423004 1991.749866
3094.531630 1981.632397
3170.127304 2006.338559
3149.683975 2057.908480
3072.915545 2032.291270
3217.721056 2021.893138
3295.555699 2047.331038
3277.112870 2100.430814
3198.028783 2074.040882
3344.569564 2063.349739
3424.744138 2089.552375
3408.433143 2144.251679
3326.927020 2117.053527
3475.242638 2106.056283
3557.864269 2133.058666
3543.825807 2189.431480
3459.784654 2161.387401
3609.915894 2150.070166
3695.098350 2177.909478
3683.483281 2236.034425
3596.786963 2207.104332
2935.983064 2024.204545
3011.258071 2049.666152
2987.581508 2102.814512
2911.151725 2076.399894
3058.660162 2065.699805
3136.198389 2091.926941
3114.494598 2146.676481
3035.723819 2119.452800
3185.036447 2108.446306
3264.941521 2135.474022
3245.343836 2191.898808
3164.122834 2163.828315
3315.281797 2152.501511
3397.663767 2180.367032
3380.315225 2238.545775
3296.527872 2209.588334
3449.576655 2197.926452
3534.552501 2226.669346
3519.606671 2286.685782
3433.129383 2256.798683
3588.112859 2244.786020
3675.807045 2274.448386
3663.428959 2336.391677
3574.130085 2305.529420
2894.768746 2110.836836
2971.956105 2137.889895
2946.796797 2194.366673
2868.397173 2166.269755
3020.584296 2154.933378
3100.164568 2182.825119
3077.080037 2241.057682
2996.202934 2212.072883
3150.312052 2200.401092
3232.398263 2229.171130
3211.533750 2289.243309
3128.059849 2259.327867
3284.137370 2247.304943
3368.849777 2276.995424
3350.361442 2338.996486
3264.163639 2308.104849
3422.257502 2295.714064
3509.724183 2326.369879
3493.780083 2390.394970
3404.722837 2358.478565
3564.882569 2345.702101
3655.240067 2377.371106
3642.021229 2443.521747
3549.959859 2410.528722
