4368 2912
2997.016456 2182.170611
3786.276813 1848.503094
3187.046802 2713.388290
4116.664174 2335.455201
3064.333170 2207.514827
3136.077408 2177.282228
3159.873685 2236.009703
3086.747583 2266.690476
3187.187934 2155.744554
3259.404901 2125.312750
3285.588798 2183.264694
3211.971838 2214.151412
3310.852755 2103.632928
3383.547139 2072.999944
3412.150023 2130.164691
3338.037246 2161.259433
3435.335670 2051.176562
3508.512222 2020.340395
3539.565931 2076.706097
3464.952311 2108.010973
3560.644827 1998.372023
3634.308358 1967.330645
3667.845208 2022.885269
3592.725652 2054.402415
3686.788477 1945.215833
3760.943866 1913.967190
3796.996659 1968.698511
3721.366004 2000.430094
3104.335635 2313.124192
3178.547246 2282.094684
3203.969821 2344.835741
3128.278794 2376.335840
3231.421298 2259.986879
3306.138238 2228.746080
3334.117859 2290.672438
3257.901447 2322.391184
3359.372940 2206.487479
3434.600390 2175.033226
3465.171769 2236.132140
3388.424484 2268.071818
3488.199444 2152.622281
3563.942653 2120.952377
3597.141043 2181.210898
3519.857319 2213.373825
3617.909814 2098.387519
3694.174105 2066.499740
3730.035304 2125.904707
3652.209496 2158.293231
3748.513176 2043.779378
3825.303945 2011.671466
3863.864312 2070.209505
3785.490697 2102.826009
3147.087173 2425.991306
3223.941707 2394.124895
3251.163183 2461.305510
3172.720987 2493.666405
3278.705170 2371.418167
3356.101125 2339.327266
3386.067744 2405.651379
3307.061863 2438.244819
3411.251065 2316.460292
3489.194185 2284.142518
3521.944498 2349.596174
3442.368834 2382.424675
3544.734706 2261.113596
3623.230813 2228.566536
3658.803993 2293.135546
3578.652359 2326.201660
3679.166081 2205.373939
3758.221080 2172.595144
3796.656928 2236.265079
3715.923049 2269.571395
3814.555317 2149.237121
3894.175200 2116.224106
3935.514161 2178.980294
3854.191669 2212.529439
3192.881252 2546.890945
3272.573663 2514.145009
3301.791965 2586.253642
3220.391330 2619.519516
3329.366383 2490.808649
3409.640316 2457.823762
3441.813371 2529.031307
3359.806405 2562.544969
3466.848214 2434.316804
3547.710058 2401.090342
3582.880846 2471.381477
3500.260751 2505.145705
3605.337705 2377.410908
3686.793942 2343.940207
3725.006158 2413.299342
3641.766030 2447.316958
3744.845973 2320.086391
3826.903183 2286.368750
3868.201249 2354.780022
3784.334083 2389.053889
3885.384303 2262.338619
3968.049159 2228.371292
4012.478244 2295.818562
3927.976927 2330.351586
