4368 2912
2784.297608 556.847256
3450.049383 432.221471
2725.920619 905.707159
3428.766725 779.172399
2815.599962 576.952623
2883.777383 564.226773
2876.548009 612.636421
2807.859103 625.390478
2919.876587 557.488573
2988.350794 544.707324
2981.908859 593.073170
2912.918644 605.883174
3024.607314 537.939761
3093.380249 525.102752
3087.732726 573.423946
3018.439212 586.290266
3129.795116 518.305632
3198.868738 505.412498
3194.022666 553.688182
3124.423851 566.611190
3235.442991 498.585627
3304.819277 485.635999
3300.781766 533.865305
3230.875628 546.845377
3341.553965 478.779181
3411.234909 465.772686
3408.013141 513.954738
3337.797638 526.992251
2803.573738 652.205838
2872.545736 639.436618
2865.142485 689.010590
2795.646970 701.807007
2909.066603 632.675279
2978.342430 619.849810
2971.745214 669.381511
2901.941183 682.234736
3015.024353 613.058654
3084.606023 600.176562
3078.822062 649.665131
3008.707456 662.575543
3121.450069 593.355392
3191.339609 580.416301
3186.376201 629.860866
3115.948942 642.828847
3228.346856 573.564917
3298.546316 560.568448
3294.410828 609.968127
3223.668820 622.994065
3335.717852 553.686648
3406.229296 540.632421
3402.929170 589.986320
3331.870299 603.070603
2791.258064 729.270264
2861.043370 716.459263
2853.459892 767.240076
2783.138609 780.077163
2897.995863 709.675623
2968.092296 696.807507
2961.334113 747.547733
2890.696846 760.442503
3005.209720 689.993589
3075.619364 677.067975
3069.693962 727.766740
2998.738576 740.719582
3112.902825 670.223576
3183.627786 657.240077
3178.542728 707.896496
3107.267068 720.907804
3221.078401 650.364993
3292.120800 637.323218
3287.883724 687.936395
3216.285619 701.006564
3329.739696 630.417243
3401.101675 617.316800
3397.720299 667.885826
3325.797555 681.015258
2778.642364 808.212085
2849.260378 795.361050
2841.490012 847.393314
2770.323108 860.269219
2886.654818 788.556026
2957.591522 775.646996
2950.666410 827.640523
2879.175779 840.574999
2995.154909 768.811227
3066.412464 755.843809
3060.340369 807.797710
2988.523800 820.791157
3104.145946 748.977086
3175.726535 735.950883
3170.515300 787.864259
3098.370556 800.917081
3213.631270 729.052995
3285.537095 715.967605
3281.194641 767.839548
3208.719467 780.952153
3323.614250 709.038341
3395.847532 695.893361
3392.381866 747.722947
3319.573988 760.895747
