4368 2912
242.746638 1576.595497
876.274592 1553.408619
215.217599 1972.298106
879.779668 1915.246985
281.630016 1610.320088
345.608983 1607.713205
342.897944 1656.397058
278.506725 1659.416651
387.131387 1606.021336
449.432541 1603.482817
447.377065 1651.497562
384.684523 1654.437497
489.873144 1601.835027
550.561629 1599.362218
549.128731 1646.725970
488.068523 1649.589357
589.962164 1597.756806
649.099795 1595.347188
648.258365 1642.077336
588.767560 1644.867127
687.499876 1593.782541
745.145350 1591.433723
744.866030 1637.546969
686.884889 1640.265965
782.582604 1589.908307
838.791692 1587.618015
839.046759 1633.130412
782.518538 1635.781274
276.279951 1694.420401
340.965251 1691.103649
338.197569 1740.804679
273.090865 1744.551232
382.940255 1688.951372
445.911922 1685.722487
443.814076 1734.726997
380.442541 1738.373700
486.782257 1683.626852
548.107496 1680.482388
546.645451 1728.809586
484.940632 1732.360378
587.916203 1678.441188
647.658751 1675.377877
646.800428 1723.046187
586.697425 1726.504803
686.446663 1673.389019
744.667008 1670.403759
744.382152 1717.430866
685.819392 1720.800848
782.472892 1668.465254
839.228478 1665.555100
839.488537 1711.957987
782.407562 1715.242701
270.816934 1780.296271
336.224283 1776.240218
333.398164 1826.990640
267.559951 1831.494399
378.661835 1773.608572
442.318574 1769.661078
440.177033 1819.686277
376.111670 1824.068761
483.627856 1767.099399
545.603337 1763.256164
544.111247 1812.576507
481.748078 1816.842550
585.828753 1760.761698
646.188715 1757.018644
645.312986 1805.653655
584.585062 1809.807837
685.372370 1754.588780
744.179166 1750.942042
743.888609 1798.910447
684.732445 1802.957110
782.361011 1748.574302
839.673829 1745.020209
839.939026 1792.339979
782.294381 1796.283245
265.237349 1868.004526
331.382994 1863.178335
328.496566 1915.011740
261.910278 1920.304403
374.293373 1860.047461
438.650219 1855.351786
436.463604 1906.429898
371.689086 1911.578550
480.407963 1852.305012
543.047606 1847.734629
541.524534 1898.079049
478.488834 1903.089490
583.698541 1844.768611
644.688804 1840.318573
643.795133 1889.949992
582.429163 1894.827713
684.276358 1837.430142
743.681539 1833.095756
743.385107 1882.034007
683.623391 1886.784212
782.246899 1830.281908
840.127997 1826.058724
840.398486 1874.322824
782.178928 1878.950450
