4368 2912
3151.635727 1610.608244
4236.547947 1950.747587
2902.471664 2270.489568
3883.883069 2816.209738
3184.153046 1684.651491
3267.250446 1712.122718
3231.395283 1806.033058
3149.350975 1776.353303
3320.919707 1729.865276
3411.038961 1759.657862
3373.339989 1857.381945
3284.379538 1825.200258
3469.340718 1778.931881
3567.411033 1811.353013
3527.675851 1913.213369
3430.886346 1878.199499
3630.972034 1832.365688
3738.094112 1867.779250
3696.099465 1974.141075
3590.399946 1935.903982
3807.659485 1890.776914
3925.147000 1929.617193
3880.631966 2040.896215
3764.732901 1998.969409
4001.609586 1954.895011
4131.043301 1997.684592
4083.700530 2114.356826
3956.050966 2068.179246
3127.145941 1834.862520
3208.520423 1865.945934
3172.934380 1959.151406
3092.598799 1925.892607
3261.069032 1886.018445
3349.292610 1919.718076
3311.888375 2016.678132
3224.807387 1980.626746
3406.358684 1941.516167
3502.333966 1978.176793
3462.922935 2079.206194
3368.209824 2039.995121
3564.526112 2001.932940
3669.321577 2041.962697
3627.685068 2147.417447
3524.290600 2104.612307
3737.362851 2067.953094
3852.252775 2111.838732
3808.135430 2222.123602
3694.808831 2175.206575
3927.008906 2140.394069
4053.525415 2188.720829
4006.626722 2304.298672
3881.864852 2252.647462
3070.556121 1983.974020
3150.230891 2018.615433
3114.910949 2111.123943
3036.261119 2074.339734
3201.674224 2040.982234
3288.028638 2078.527857
3250.915698 2174.732813
3165.687931 2134.872131
3343.876644 2102.809745
3437.787363 2143.640739
3398.696533 2243.849312
3306.029673 2200.509396
3498.630965 2170.094638
3601.135061 2214.661905
3559.852130 2319.221134
3458.727859 2271.925721
3667.675814 2243.592841
3780.009210 2292.433741
3736.284253 2401.737724
3625.489529 2349.919480
3853.086463 2324.206651
3976.733989 2377.966769
3930.273152 2492.465548
3808.351341 2435.443209
3014.379024 2131.998020
3092.376913 2170.144146
3057.320101 2261.963481
2980.333409 2221.706608
3142.730095 2194.770181
3227.241412 2236.101804
3190.416378 2331.560444
3107.016029 2287.949826
3281.888669 2262.827926
3373.764764 2307.761411
3334.990247 2407.159120
3244.340016 2359.757487
3433.279773 2336.868186
3533.527107 2385.895762
3492.593268 2489.570829
3393.704969 2437.861453
3598.590480 2417.716053
3708.407634 2471.423904
3665.069850 2579.760026
3556.767184 2523.127813
3779.833048 2506.355654
3900.658856 2565.447464
3854.629775 2678.882220
3735.501327 2616.589131
