4368 2912
3657.352806 1895.032581
4135.823784 2008.675473
3577.807071 2180.692066
4070.060014 2313.869751
3681.105714 1929.614514
3721.658210 1939.359711
3712.407271 1973.828445
3671.720825 1963.890358
3753.004079 1946.892456
3794.190263 1956.789935
3785.182731 1991.604606
3743.857730 1981.510546
3826.027874 1964.440852
3867.862717 1974.494210
3859.107441 2009.661484
3817.128733 1999.407749
3900.203733 1982.266099
3942.702680 1992.479049
3934.208841 2028.005780
3891.560792 2017.588552
3975.559135 2000.374804
4018.738126 2010.751175
4010.515251 2046.644413
3967.181723 2036.059749
4052.122442 2018.773782
4095.997932 2029.317529
4088.055907 2065.584523
4044.020240 2054.828354
3664.261814 1991.132436
3705.054474 2001.224756
3695.659168 2036.231397
3654.731115 2025.940810
3736.587873 2009.026287
3778.022964 2019.277549
3768.873752 2054.639822
3727.298302 2044.186459
3810.054936 2027.202429
3852.147756 2037.616416
3843.253670 2073.341248
3801.015338 2062.721216
3884.690218 2045.667594
3927.456554 2056.248213
3918.826968 2092.342726
3875.909774 2081.552008
3960.521810 2064.428733
4003.977956 2075.180014
3995.622599 2111.651538
3952.010043 2100.685985
4037.578704 2083.493017
4081.741485 2094.419124
4073.670459 2131.275200
4029.345504 2120.130526
3647.155765 2053.607788
3688.191177 2064.056918
3678.648098 2099.614153
3637.475833 2088.961199
3719.914159 2072.134760
3761.600925 2082.749750
3752.306664 2118.672646
3710.477974 2107.849848
3793.829450 2090.956322
3836.183205 2101.741153
3827.146982 2138.036906
3784.646045 2127.040170
3868.929456 2110.079557
3911.966335 2121.038334
3903.197722 2157.714352
3860.008199 2146.539450
3945.242889 2129.511774
3988.979554 2140.648744
3980.488488 2177.712644
3936.593509 2166.355212
4022.799397 2149.260524
4067.253055 2160.580067
4059.049858 2198.039692
4014.431997 2186.495222
3629.781400 2117.063095
3671.062185 2127.879051
3661.367820 2163.999975
3619.948701 2152.974447
3702.976830 2136.240990
3744.918077 2147.229993
3735.475290 2183.726951
3693.390535 2172.524234
3777.345382 2155.726255
3819.963070 2166.892492
3810.781275 2203.772964
3768.014708 2192.388754
3852.915488 2175.526337
3896.226113 2186.874131
3887.315085 2224.145817
3843.850003 2212.575667
3929.716503 2195.648930
3973.737106 2207.182744
3965.106998 2244.853571
3920.926146 2233.092886
4007.778751 2216.101978
4052.526931 2227.826425
4044.188292 2265.904549
3999.273843 2253.948586
