2912 4368
1794.104097 3101.524776
2705.151923 3236.362677
1702.439994 3732.374003
2660.765448 3944.923802
1837.680479 3162.128883
1919.517907 3174.710084
1908.503215 3258.168623
1826.165611 3244.730505
1971.057737 3182.633512
2055.373061 3195.595650
2045.213205 3280.480725
1960.363745 3266.632653
2108.485309 3203.760813
2195.392798 3217.121455
2186.146007 3303.482022
2098.667970 3289.204946
2250.150537 3225.539585
2339.771593 3239.317395
2331.500345 3327.204947
2241.269663 3312.478619
2396.252493 3248.000434
2488.716223 3262.215260
2481.487614 3351.684001
2388.372289 3336.486877
2547.002923 3271.175911
2642.446752 3285.848880
2636.332903 3376.955920
2540.192356 3361.265057
1818.702339 3298.268101
1901.363337 3312.267633
1890.076832 3397.785708
1806.905956 3382.889167
1953.431263 3321.085899
2038.626228 3335.514587
2028.211784 3422.526735
1942.471828 3407.170053
2092.302598 3344.605259
2180.149860 3359.483142
2170.667727 3448.041685
2082.237790 3432.203206
2235.510371 3368.859043
2326.135744 3384.207428
2317.650631 3474.367448
2226.402104 3458.024139
2383.260920 3393.882193
2476.798305 3409.723760
2469.379764 3501.543298
2375.175710 3484.670630
2535.773885 3419.711911
2632.365925 3436.070816
2626.088791 3529.611084
2528.783254 3512.182918
1799.259102 3437.743688
1882.759667 3453.228013
1871.191162 3540.882810
1787.170751 3524.459172
1935.366196 3462.983356
2021.458709 3478.948332
2010.779985 3568.168519
1924.131308 3551.231128
2075.710948 3489.008854
2164.517995 3505.477213
2154.791420 3596.318724
2065.389195 3578.843092
2220.494396 3515.857463
2312.146418 3532.853392
2303.439035 3625.375172
2211.149889 3607.335228
2369.930498 3543.568859
2464.566428 3561.118123
2456.950370 3655.382342
2361.632178 3636.750303
2524.247188 3572.185310
2622.015155 3590.315378
2615.568106 3686.387670
2517.069256 3667.133901
1779.333457 3580.679814
1863.690026 3597.719073
1851.828818 3687.591686
1766.942165 3669.568445
1916.845957 3608.456087
2003.854451 3626.031010
1992.901259 3717.544363
1905.325100 3698.950084
2058.694661 3637.108233
2148.482127 3655.244484
2138.501535 3748.458395
2048.105997 3729.265502
2205.087955 3666.678345
2297.789689 3685.403251
2288.851187 3780.380822
2195.497896 3760.559934
2356.247797 3697.211258
2452.008022 3716.553950
2444.186452 3813.361800
2347.727827 3792.881584
2512.410837 3728.754769
2611.383452 3748.746336
2604.759494 3847.454869
2505.037974 3826.281871
