4368 2912
697.401786 1961.013086
1770.436793 1884.538230
740.736391 2699.203529
1799.377570 2571.456666
766.944594 2019.161711
878.483653 2010.771069
884.099510 2111.518821
772.774916 2120.644190
944.229337 2005.825280
1053.177002 1997.629579
1058.462077 2097.226177
949.719972 2106.139857
1117.404046 1992.798032
1223.849589 1984.790554
1228.817525 2083.261999
1122.569077 2091.971273
1286.610010 1980.069336
1390.638647 1972.243673
1395.302417 2069.615095
1291.462824 2078.126912
1451.982112 1967.629046
1553.675236 1959.979074
1558.047185 2056.274771
1456.535445 2064.595772
1613.649196 1955.467470
1713.084583 1947.987338
1717.176461 2043.230813
1617.915164 2051.367343
776.357575 2183.003877
887.550447 2173.428170
893.138476 2273.676694
782.158792 2283.979766
953.093997 2167.783691
1061.709843 2158.429912
1066.969034 2257.538707
958.557544 2267.603354
1125.743108 2152.915497
1231.870489 2143.776020
1236.814372 2241.770697
1130.882950 2251.605101
1294.445073 2138.387222
1398.168540 2129.454765
1402.809986 2226.360087
1299.274493 2235.972059
1459.333727 2124.187342
1560.734041 2115.454951
1565.085296 2211.294860
1463.865355 2220.691862
1620.536914 2110.304847
1719.691261 2101.765874
1723.763985 2196.563533
1624.782776 2205.752697
785.723588 2346.028548
896.572334 2335.279647
902.132742 2435.032645
791.495920 2446.501630
961.914942 2328.943436
1070.200911 2318.443046
1075.434406 2417.067611
967.351600 2428.271839
1134.041520 2312.252481
1239.852572 2301.992082
1244.772576 2399.513448
1139.156359 2410.461979
1302.242382 2295.942200
1405.662406 2285.913657
1410.281686 2382.356217
1307.048574 2393.057708
1466.650314 2279.999716
1567.759449 2270.195257
1572.090158 2365.582607
1471.160393 2376.045325
1627.392183 2264.412726
1726.267028 2254.824925
1730.320733 2349.179893
1631.618078 2359.411742
795.042987 2508.241826
905.549647 2496.331472
911.082637 2595.592608
800.786646 2608.215848
970.692495 2489.310408
1078.650513 2477.674745
1083.858499 2575.818622
976.102462 2588.151168
1142.299581 2470.814680
1247.796119 2459.444315
1252.692417 2556.495788
1147.389597 2568.547566
1310.002206 2452.739773
1413.120501 2441.625734
1417.717775 2537.608839
1314.785339 2549.389330
1473.932124 2435.071486
1574.751699 2424.205202
1579.062006 2519.143190
1478.420807 2530.661451
1634.215229 2417.796252
1732.812100 2407.169530
1736.846919 2501.084900
1638.421298 2512.349592
