4368 2912
3481.358298 1991.625648
4094.485406 2099.674669
3378.604556 2373.621291
3999.645105 2535.257869
3506.409566 2029.655304
3560.899847 2039.606677
3547.342889 2091.583606
3492.778334 2081.020191
3594.644676 2045.769378
3651.116662 2056.082662
3637.693556 2109.075024
3581.136196 2098.125814
3686.099958 2062.471541
3744.663754 2073.166844
3731.393772 2127.214899
3672.732407 2115.858363
3780.954971 2079.794584
3841.728994 2090.893534
3828.633320 2146.039969
3767.748321 2134.252950
3879.402874 2097.773785
3942.514650 2109.299671
3929.616598 2165.589807
3866.379089 2153.347353
3981.651745 2116.447143
4047.238805 2128.425082
4034.564051 2185.907086
3968.835001 2173.182285
3484.159047 2113.499188
3538.769932 2124.452041
3525.028598 2177.135862
3470.344483 2165.554904
3572.593504 2131.235754
3629.204202 2142.589692
3615.595191 2196.315982
3558.900046 2184.309129
3664.277787 2149.624111
3723.000192 2161.401577
3709.542991 2216.212171
3650.723806 2203.755491
3759.394389 2168.700860
3820.348904 2180.926002
3807.064951 2236.865292
3746.000087 2223.933024
3858.139727 2188.505393
3921.456081 2201.204230
3908.368989 2258.319379
3844.927336 2244.883757
3960.725495 2209.080170
4026.543670 2222.280776
4013.679469 2280.621947
3947.719513 2266.653001
3461.608880 2198.472197
3516.338651 2210.452835
3502.409153 2263.858068
3447.607259 2251.232773
3550.239972 2217.874014
3606.987854 2230.296428
3593.189049 2284.771996
3536.357712 2271.679157
3642.150861 2237.993797
3701.030571 2250.882879
3687.382159 2306.472263
3628.406522 2292.885420
3737.527031 2258.872148
3798.660997 2272.254698
3785.184674 2329.004067
3723.941046 2314.894723
3836.568222 2280.552791
3900.088426 2294.457702
3886.808108 2352.416137
3823.163100 2337.753560
3939.489827 2303.082878
4005.538761 2317.541341
3992.480836 2376.761085
3926.290386 2361.512088
3438.752971 2284.597296
3493.599804 2297.632824
3479.478252 2351.774388
3424.560470 2338.077146
3527.577822 2305.708429
3584.461252 2319.227999
3570.468654 2374.468630
3513.502826 2360.260579
3619.712753 2327.606275
3678.748358 2341.637354
3664.904631 2398.022247
3605.774018 2383.274268
3715.346301 2350.335642
3776.658578 2364.907821
3762.985676 2422.484994
3701.564490 2407.165715
3814.681603 2373.944810
3878.404834 2389.090005
3864.926978 2447.910541
3801.079499 2431.986111
3917.937829 2398.485870
3984.217072 2414.238556
3970.961012 2474.356870
3904.540577 2457.790710
