2912 4368
644.007536 3319.038283
1376.530919 3265.453446
644.567040 3889.877811
1422.523257 3811.914605
688.361172 3363.210705
762.119744 3357.656281
763.253664 3431.534976
688.889680 3437.395361
806.742338 3354.295956
879.680877 3348.803285
881.770903 3422.195016
808.240445 3427.989714
923.808742 3345.480215
995.940847 3340.048274
998.965719 3412.959272
926.254850 3418.689381
1039.582165 3336.761844
1110.921137 3331.389629
1114.860121 3403.826010
1042.955215 3409.492603
1154.083911 3328.139236
1224.642760 3322.825768
1229.475634 3394.793532
1158.363364 3400.397660
1267.334817 3319.610823
1337.126271 3314.355145
1342.833312 3385.860181
1272.500643 3391.402870
689.226134 3484.622147
763.975496 3478.564771
765.140307 3554.456214
689.769092 3560.835116
809.194085 3474.900446
883.101275 3468.911316
885.247917 3544.291131
810.732918 3550.597569
927.811836 3465.288160
1000.891008 3459.366129
1003.997355 3534.240994
930.324064 3540.476195
1045.102055 3455.783452
1117.367046 3449.927399
1121.411528 3524.303865
1048.565765 3530.469030
1161.086903 3446.384525
1232.551244 3440.593354
1237.512833 3514.477848
1165.480731 3520.574150
1275.788052 3437.089624
1346.464976 3431.362262
1352.323166 3504.761089
1281.091168 3510.789676
690.114808 3609.362023
765.881939 3602.776061
767.078923 3680.763639
690.672817 3687.687644
811.712659 3598.792283
886.614572 3592.281528
888.820162 3669.731315
813.293902 3676.575588
931.923422 3588.343114
1005.974854 3581.906286
1009.166013 3658.825443
934.504487 3665.591352
1050.770696 3578.012463
1123.986049 3571.648312
1128.140327 3648.043861
1054.328769 3654.732745
1168.277549 3567.798329
1240.670904 3561.505627
1245.766419 3637.384456
1172.790397 3643.997622
1284.466530 3557.698747
1356.051653 3551.476301
1362.067077 3626.845163
1289.912485 3633.383891
691.028183 3737.569106
767.841181 3730.427353
769.071689 3810.599127
691.601878 3818.096459
814.300832 3726.107728
890.224606 3719.048652
892.491607 3798.654862
815.926262 3806.064661
936.147970 3714.778888
1011.197872 3707.801060
1014.477365 3786.849391
938.800739 3794.173182
1056.594183 3703.580300
1130.785215 3696.682327
1135.053819 3775.180309
1060.250529 3782.419581
1175.663492 3692.509732
1249.010314 3685.690249
1254.245252 3763.645266
1180.300265 3770.801473
1293.379376 3681.564999
1365.896313 3674.822675
1372.075389 3752.241965
1298.974018 3759.316529
