4368 2912
3373.652358 2103.337869
4049.337119 2247.288200
3250.154007 2529.283995
3943.779021 2742.092021
3400.228670 2146.730835
3459.888286 2159.864371
3443.911109 2217.390662
3384.077451 2203.495785
3496.884472 2168.008753
3558.883492 2181.657288
3543.214266 2240.451347
3481.019584 2226.008181
3597.344718 2190.124186
3661.823492 2204.318615
3646.499851 2264.436851
3581.801587 2249.412291
3701.838538 2213.127573
3768.948870 2227.901318
3754.012333 2289.403947
3686.656215 2273.762167
3810.613835 2237.073490
3880.520180 2252.462752
3866.016603 2315.414149
3795.835423 2299.116317
3923.939252 2262.021076
3996.820059 2278.065139
3982.800166 2342.534222
3909.612386 2325.538183
3373.831619 2239.505710
3433.774482 2253.887885
3417.472833 2312.582448
3357.356325 2297.409653
3470.953458 2262.808289
3533.271061 2277.760238
3517.277285 2337.772077
3454.763982 2321.994356
3571.937642 2287.037565
3636.773953 2302.593832
3621.126476 2363.982557
3556.070131 2347.562997
3677.019245 2312.249941
3744.530108 2328.447917
3729.271371 2391.277229
3661.513588 2374.175853
3786.452805 2338.506489
3856.807194 2355.386715
3841.984137 2419.724784
3771.353089 2401.898226
3900.514398 2365.873446
3973.895823 2383.479953
3959.560427 2449.399844
3885.869398 2430.800977
3346.903874 2334.145759
3407.129298 2349.824654
3390.493191 2409.723444
3330.094651 2393.223324
3444.490851 2359.551241
3507.127059 2375.857752
3490.798543 2437.125601
3427.966724 2419.960740
3545.999250 2385.977614
3611.193948 2402.950194
3595.212258 2465.650113
3529.797096 2447.779514
3651.670284 2413.487674
3719.583497 2431.167983
3703.992023 2495.367373
3635.830854 2476.746600
3761.765365 2442.149476
3832.570744 2460.582723
3817.417534 2526.353793
3746.333748 2506.934598
3876.568259 2472.036895
3950.454570 2491.272222
3935.792899 2558.692450
3861.594409 2538.422358
3319.429268 2430.707800
3379.936346 2447.733675
3362.955381 2508.874135
3302.275861 2490.995032
3417.480135 2458.297990
3480.434763 2476.012573
3463.760888 2538.576281
3400.610872 2519.969251
3519.512698 2487.008577
3585.066446 2505.454516
3568.739720 2569.508089
3502.965202 2550.127756
3625.774519 2516.909219
3694.091734 2536.132761
3678.156519 2601.747538
3609.590420 2581.544669
3736.534118 2548.075476
3807.793304 2568.126849
3792.298785 2635.379334
3720.759536 2614.300433
3852.083237 2580.589438
3926.478608 2601.523292
3911.479397 2670.495669
3836.769336 2648.482495
