4368 2912
3717.401369 2319.185977
4253.937271 2401.986500
3636.822036 2644.004279
4193.216412 2769.742021
3743.664939 2355.144603
3787.182630 2362.120215
3777.962877 2401.309908
3734.273800 2393.937528
3821.102399 2367.557341
3866.049100 2374.762015
3857.151845 2414.672772
3812.019470 2407.056840
3901.091919 2380.379158
3947.539194 2387.824365
3938.991270 2428.482892
3892.342877 2420.611138
3983.761774 2393.630617
4031.786044 2401.328604
4023.616481 2442.763104
3975.374384 2434.622417
4069.248981 2407.333679
4118.931944 2415.297545
4111.172186 2457.537825
4061.253293 2449.114185
4157.700057 2421.511830
4209.129155 2429.755591
4201.813285 2472.833197
4150.128629 2464.111590
3726.788987 2424.855796
3770.613956 2432.547402
3761.196530 2472.577329
3717.198351 2464.472798
3804.779068 2438.543632
3850.058746 2446.490550
3840.967551 2487.271272
3795.500003 2478.896081
3885.367401 2452.687480
3932.175440 2460.902637
3923.438030 2502.462460
3876.426259 2493.802821
3968.686027 2467.310514
4017.101137 2475.807724
4008.747352 2518.176567
3960.111330 2509.217738
4054.876088 2482.437507
4104.982476 2491.231548
4097.044665 2534.441066
4046.698737 2525.167270
4144.088626 2498.094966
4195.976487 2507.201669
4188.489750 2551.285390
4136.342131 2541.679719
3709.553691 2496.051367
3753.689199 2504.488167
3744.067674 2545.385644
3699.757135 2536.518986
3788.102404 2511.066485
3833.718993 2519.786404
3824.427445 2561.465850
3778.620781 2552.299813
3869.296779 2526.587338
3916.470270 2535.604870
3907.537002 2578.096295
3860.157141 2568.615458
3953.272772 2542.639917
4002.084255 2551.970563
3993.539944 2595.305715
3944.504424 2585.493576
4040.175814 2559.252022
4090.712108 2568.912376
4082.590044 2613.124879
4031.810540 2602.963764
4130.161660 2576.453425
4182.515828 2586.461278
4174.852165 2631.586778
4122.233956 2621.057733
3691.947450 2568.779235
3736.396754 2577.991835
3726.564422 2619.785372
3681.938269 2610.125165
3771.060809 2585.176335
3817.018259 2594.701515
3807.519663 2637.309724
3761.369921 2627.319706
3852.868500 2602.131866
3900.412174 2611.985806
3891.276390 2655.440512
3843.523680 2645.103500
3937.510547 2619.674846
3986.724010 2629.874869
3977.982581 2674.209770
3928.541913 2663.507366
4025.136847 2637.836345
4076.109637 2648.401008
4067.796829 2693.651828
4016.577094 2682.564310
4115.908058 2656.649662
4168.736231 2667.598873
4160.889296 2713.803521
4107.792711 2702.309722
