4368 2912
108.099309 1751.813986
1301.225088 1176.526293
636.818104 2580.050180
1695.753923 1864.300933
237.255548 1785.735002
371.327057 1719.076267
440.116375 1829.022951
308.235930 1897.852725
452.607554 1678.664584
577.378083 1616.630183
642.854156 1723.211997
520.082067 1787.288026
653.116375 1578.974018
769.521284 1521.098902
831.966878 1624.512103
717.391090 1684.310397
840.265491 1485.925737
949.118792 1431.805189
1008.783404 1532.229721
901.609690 1588.164796
1015.347071 1398.877288
1117.360492 1348.157446
1174.465228 1445.758656
1073.998761 1498.193149
1179.491847 1317.266486
1275.290402 1269.636600
1330.032027 1364.566729
1235.662303 1413.819268
353.920608 1970.014385
484.398494 1899.799525
552.146554 2008.081955
423.802489 2080.396961
563.522358 1857.220118
685.014635 1791.840737
749.533762 1896.864837
629.989398 1964.221682
758.782053 1752.143826
872.185991 1691.117074
933.749339 1793.069227
822.129715 1855.960906
941.123039 1654.019560
1047.220292 1596.924798
1106.069127 1695.976257
1001.611556 1754.832502
1111.786343 1562.179475
1211.261001 1508.648571
1267.609351 1604.956993
1169.645965 1660.154114
1271.858972 1476.038615
1365.312313 1425.747999
1419.350814 1519.458807
1327.294279 1571.327733
468.782873 2151.446146
595.760908 2077.791231
662.491175 2184.446912
537.591559 2260.133546
672.783488 2033.113492
791.080302 1964.494208
854.663310 2067.994494
738.265450 2138.529238
862.925831 1922.819470
973.402226 1858.736501
1034.101892 1959.258351
925.366351 2025.149885
1040.575656 1819.771863
1143.982271 1759.789792
1202.031947 1857.496144
1100.226271 1919.188320
1206.924958 1723.279239
1303.919351 1667.016643
1359.526242 1762.057795
1264.008447 1819.939641
1363.018759 1632.735424
1454.179398 1579.856758
1507.528236 1672.371587
1417.733257 1726.785523
581.883811 2330.095785
705.452754 2253.112853
771.187991 2358.178168
649.643835 2437.126763
780.427651 2206.403805
895.609224 2134.646168
958.276339 2236.655567
844.946275 2310.268725
965.580350 2091.054451
1073.200429 2024.007592
1133.054463 2123.129030
1027.133076 2191.929907
1138.652494 1983.231230
1239.431978 1920.446034
1296.698663 2016.834495
1197.482498 2081.280019
1300.789051 1882.220835
1395.360026 1823.303513
1450.239998 1917.102242
1357.111922 1977.593268
1452.994728 1787.397335
1541.913737 1732.001165
1594.586032 1823.342767
1507.002384 1880.232428
