4368 2912
829.665999 1411.579347
1856.029229 1436.822733
923.280060 2181.977560
2019.692933 2108.383571
909.989038 1481.870983
1014.021531 1483.628496
1026.920945 1573.629353
921.926017 1572.997238
1086.406843 1484.851365
1186.128236 1486.536046
1200.557866 1574.674720
1099.959256 1574.069074
1255.544715 1487.708760
1351.217543 1489.325045
1367.042413 1575.677027
1270.569670 1575.096221
1417.844161 1490.450628
1509.710060 1492.002599
1526.807598 1576.638881
1434.212005 1576.081416
1573.711687 1493.083835
1661.993445 1494.575256
1680.252166 1577.562683
1591.304603 1577.027180
1723.522211 1495.614717
1808.425563 1497.049064
1827.743924 1578.450644
1742.232975 1577.935833
930.826179 1640.940607
1036.536441 1640.717874
1049.924480 1734.127923
943.221208 1735.563592
1110.059858 1640.562959
1211.309837 1640.349624
1226.274303 1731.755177
1124.120987 1733.129626
1281.763485 1640.201178
1378.829635 1639.996659
1395.228714 1729.481934
1297.340413 1730.798999
1446.401830 1639.854284
1539.538222 1639.658045
1557.243359 1727.302064
1463.358435 1728.565264
1604.402187 1639.521376
1693.842727 1639.332924
1712.737207 1725.209930
1622.614998 1726.422503
1756.158075 1639.201625
1842.118466 1639.020506
1862.096167 1723.200339
1775.514918 1724.365270
952.466194 1806.139322
1059.907681 1803.781988
1073.812645 1900.798675
965.346152 1904.464236
1134.604322 1802.143097
1237.428522 1799.887069
1252.958122 1894.744558
1149.203358 1898.250890
1308.949261 1798.317860
1407.447546 1796.156746
1424.452663 1888.949000
1325.109147 1892.306256
1475.990709 1794.652866
1570.430442 1792.580800
1588.776151 1883.395783
1493.568424 1886.613273
1636.178177 1791.138253
1726.805133 1789.149841
1746.369166 1878.070019
1655.044232 1881.156292
1789.925029 1787.764951
1876.965532 1785.855228
1897.636913 1872.958014
1809.962001 1875.920936
974.956397 1977.828327
1084.185057 1973.168312
1098.637470 2074.004625
988.350310 2080.076747
1160.091598 1969.929915
1264.537589 1965.473943
1280.664952 2063.982670
1175.260007 2069.785990
1337.156548 1962.375804
1437.127252 1958.110760
1454.772633 2054.396757
1353.932742 2059.948737
1506.667680 1955.143962
1602.444693 1951.057832
1621.466379 2045.219037
1524.901268 2050.535658
1669.098283 1948.214195
1760.940059 1944.295955
1781.209875 2036.423978
1688.653368 2041.519896
1824.882911 1941.567964
1913.027097 1937.807475
1934.428926 2027.988139
1845.636497 2032.876817
