4368 2912
844.572030 1342.055636
1219.437891 1323.518983
925.486180 1602.842824
1310.584022 1559.739802
876.349745 1364.042030
914.381189 1361.965224
924.731994 1393.955267
886.552338 1396.332862
939.030058 1360.619208
975.964317 1358.602317
986.546023 1390.105869
949.474632 1392.414447
999.907179 1357.294854
1035.791057 1355.335322
1046.586311 1386.366928
1010.575622 1388.609453
1059.057817 1354.064780
1093.935493 1352.160193
1104.928126 1382.733758
1069.933256 1384.913024
1116.554389 1350.925030
1150.467599 1349.073110
1161.642533 1379.201933
1127.621099 1381.320579
1172.465320 1347.871868
1205.453523 1346.070461
1216.796690 1375.767271
1183.708632 1377.827792
893.829396 1419.364483
932.114056 1416.770153
942.689770 1449.455297
904.255697 1452.363342
956.923103 1415.088988
994.091583 1412.570295
1004.899826 1444.748284
967.593284 1447.571017
1018.182571 1410.937789
1054.282983 1408.491473
1065.305988 1440.177760
1029.078078 1442.918880
1077.686641 1406.905543
1112.764370 1404.528528
1123.985596 1435.737873
1088.790206 1438.400869
1135.509698 1402.987209
1169.607594 1400.676592
1181.011631 1431.423100
1146.805241 1434.011265
1191.721985 1399.178028
1224.880536 1396.931065
1236.453017 1427.228227
1203.194517 1429.744672
911.693195 1475.902749
950.233109 1472.768625
961.041143 1506.171773
922.350643 1509.633181
975.203518 1470.737994
1012.607792 1467.696221
1023.649924 1500.570540
986.106695 1503.929308
1036.847797 1465.724987
1073.165899 1462.771544
1084.423938 1495.133452
1047.977697 1498.394079
1096.707085 1460.857140
1131.985647 1457.988234
1143.442671 1489.853398
1108.046031 1493.020124
1154.857804 1456.128235
1189.140828 1453.340288
1200.781086 1484.723673
1166.389351 1487.800496
1211.372076 1451.532409
1244.701117 1448.822041
1256.509937 1479.737946
1223.080912 1482.728641
929.953946 1533.697353
968.751103 1530.000057
979.799198 1564.145131
940.850314 1568.183958
993.884019 1527.604938
1031.525597 1524.017767
1042.809293 1557.611264
1005.027909 1561.529026
1055.915467 1521.693458
1092.452336 1518.211563
1103.953007 1551.270932
1067.287403 1555.072992
1116.131630 1515.954971
1151.611718 1512.573786
1163.312052 1545.115662
1127.713522 1548.807072
1174.611044 1510.381993
1209.079546 1507.097210
1220.963441 1539.137468
1186.386070 1542.722988
1231.427777 1504.967466
1264.927346 1501.775020
1276.979819 1533.328818
1243.380291 1536.812940
