4368 2912
545.973799 1478.246566
903.256886 1491.318181
529.726227 1694.362839
902.176339 1687.215890
565.611936 1496.539145
605.023654 1497.806420
603.220190 1526.715105
563.569560 1525.737662
626.112527 1498.484528
664.316347 1499.712963
662.863868 1528.185405
624.435062 1527.238082
684.763810 1500.370447
721.814425 1501.561801
720.692620 1529.610964
683.430019 1528.692389
741.649302 1502.199588
777.598149 1503.355515
776.788043 1530.993794
740.639355 1530.102679
796.847561 1503.974475
831.743065 1505.096533
831.226919 1532.335788
796.142932 1531.470919
850.432557 1505.697489
884.320345 1506.787144
884.081559 1533.638729
850.015917 1532.798963
562.357736 1543.062301
602.150219 1543.866231
600.314715 1573.288495
560.278699 1572.784931
623.439892 1544.296347
662.002249 1545.075424
660.524369 1574.045798
621.732792 1573.557887
682.638842 1545.492346
720.027246 1546.247706
718.886124 1574.779859
681.281852 1574.306881
740.040355 1546.652031
776.307608 1547.384740
775.483765 1575.491732
739.013111 1575.033012
795.725068 1547.777032
830.920856 1548.488094
830.396087 1576.182407
795.008553 1575.737310
849.768868 1548.868882
883.939980 1549.559242
883.697264 1576.852817
849.345304 1576.420746
559.045026 1590.421946
599.225652 1590.745677
597.357247 1620.695328
556.928332 1620.682927
620.719963 1590.918854
659.647616 1591.232489
658.143662 1620.713973
618.982434 1620.701961
680.476856 1591.400308
718.209243 1591.704313
717.048301 1620.732041
679.096057 1620.720400
738.403808 1591.867019
774.995148 1592.161831
774.157213 1620.749559
737.358819 1620.738271
794.583610 1592.319652
830.084889 1592.605682
829.551281 1620.766550
793.854905 1620.755601
849.094133 1592.758837
883.553345 1593.036471
883.306600 1620.783039
848.663470 1620.772412
555.672212 1638.640844
596.248574 1638.466833
594.346376 1668.958179
553.516829 1669.454936
617.951472 1638.373760
657.251372 1638.205222
655.720649 1668.211462
616.182694 1668.692505
678.276874 1638.115054
716.359612 1637.951736
715.178329 1667.488063
676.871635 1667.954126
736.738945 1637.864340
773.660203 1637.706003
772.807813 1666.786908
735.675747 1667.238679
793.422703 1637.621251
829.234818 1637.467671
828.692143 1666.106985
792.681494 1666.545112
848.408072 1637.385447
883.160284 1637.236412
882.909409 1665.447344
847.970132 1665.872437
