4368 2912
3488.571829 1935.844793
4083.650843 2079.234170
3309.959017 2373.663792
3854.642364 2614.018042
3505.251860 1985.903849
3550.821332 1997.589003
3527.550483 2054.224402
3482.462160 2041.580689
3584.380428 2006.194396
3632.806759 2018.612121
3608.663331 2076.970147
3560.753484 2063.535220
3668.503163 2027.765573
3720.063686 2040.986984
3694.981785 2101.175653
3643.977029 2086.872849
3758.108277 2050.742570
3813.117419 2064.848293
3787.023583 2126.986105
3732.614038 2111.728527
3853.749763 2075.267444
3912.565463 2090.349263
3885.377472 2154.566600
3827.210461 2138.255349
3956.058856 2101.502059
4019.090359 2117.664916
3990.715818 2184.105684
3928.388220 2166.627717
3465.101946 2083.992911
3509.824706 2097.364492
3486.698091 2153.648862
3442.451065 2139.330607
3542.757175 2107.210914
3590.274674 2121.418088
3566.285522 2179.403207
3519.278528 2164.191831
3625.297675 2131.889555
3675.880316 2147.013171
3650.963811 2206.804944
3600.930313 2190.614197
3713.199417 2158.171144
3767.153641 2174.302824
3741.237554 2236.017359
3687.875562 2218.749518
3807.002275 2186.217098
3864.676782 2203.461099
3837.680316 2267.226058
3780.646280 2248.769949
3907.321129 2216.211259
3969.114414 2234.686726
3940.946824 2300.642908
3879.848233 2280.871517
3425.196438 2181.484876
3469.082008 2196.521982
3446.098290 2252.458577
3402.683112 2236.486515
3501.394997 2207.593818
3548.014181 2223.567580
3524.177832 2281.183354
3478.063256 2264.218207
3582.371686 2235.339956
3631.988093 2252.340697
3607.235353 2311.739485
3558.161558 2293.685668
3668.590478 2264.882267
3721.502735 2283.012309
3695.762587 2344.307876
3643.435304 2325.057129
3760.577430 2296.401000
3817.125195 2315.776725
3790.318239 2379.094068
3734.402848 2358.523288
3858.931423 2330.101358
3919.502683 2350.855708
3891.539787 2416.332585
3831.654154 2394.301188
3385.533109 2278.385177
3428.590887 2295.067198
3405.748745 2350.659232
3363.156089 2333.053812
3460.291448 2307.349053
3506.022688 2325.066863
3482.337685 2382.316811
3437.105237 2363.620249
3539.722490 2338.123292
3588.384149 2356.976444
3563.793565 2415.986110
3515.668079 2396.093729
3624.278464 2370.883100
3676.161516 2390.984327
3650.595522 2451.865179
3599.290292 2430.658469
3714.471899 2405.827048
3769.907157 2427.304519
3743.287721 2490.178943
3688.476863 2467.523204
3810.886023 2443.181100
3870.251199 2466.181151
3842.490773 2531.183930
3783.802299 2506.925401
