4368 2912
817.460826 1433.702343
1342.426917 1387.202895
855.386816 1774.691892
1409.709591 1693.707338
852.838719 1459.324979
908.768916 1454.112255
914.427135 1497.448444
858.061860 1503.115552
941.219197 1451.087871
995.530845 1446.025996
1001.845931 1488.659135
947.125663 1494.160850
1027.048814 1443.088505
1079.811169 1438.171025
1086.743325 1480.123335
1033.597086 1485.466793
1110.436435 1435.316733
1161.714857 1430.537557
1169.226853 1471.830231
1117.587691 1477.022164
1191.484816 1427.762980
1241.341040 1423.116353
1249.398021 1463.769617
1199.202729 1468.816380
1270.291030 1420.418199
1318.783411 1415.898683
1327.352723 1455.931853
1278.541577 1460.839450
861.424550 1531.308188
918.069446 1525.344833
923.890457 1569.927848
866.799409 1576.370751
950.927482 1521.885667
1005.910242 1516.097296
1012.404316 1559.938783
957.002938 1566.191001
1037.811158 1512.738892
1091.203882 1507.117914
1098.329635 1550.241842
1044.544010 1556.311718
1122.188895 1503.855932
1174.059572 1498.395189
1181.778328 1540.824397
1129.538788 1546.719792
1204.167568 1495.225536
1254.580366 1489.918273
1262.855949 1531.674534
1212.096776 1537.402865
1283.848061 1486.837084
1332.863590 1481.676920
1341.662138 1522.781009
1292.321286 1528.349279
870.260488 1605.388282
927.638319 1598.632650
933.629251 1644.517084
875.793772 1651.779074
960.914313 1594.714754
1016.584643 1588.160162
1023.265424 1633.262106
967.166115 1640.306098
1048.877707 1584.357995
1102.915638 1577.995601
1110.243213 1622.340922
1055.803054 1629.176587
1134.268689 1574.304111
1186.744982 1568.125583
1194.679152 1611.738901
1141.825611 1618.375345
1217.198474 1564.540006
1268.179859 1558.537488
1276.683061 1601.442252
1225.347774 1607.888060
1297.771960 1555.053331
1347.321417 1549.219407
1356.358524 1591.437970
1306.476999 1597.701239
879.357624 1681.658242
937.487320 1674.065955
943.655723 1721.309635
885.056442 1729.436864
971.191850 1669.663825
1027.566805 1662.300724
1034.442462 1708.718275
977.627790 1716.597994
1060.261543 1658.030482
1114.960029 1650.886343
1122.498123 1696.505693
1067.387760 1704.149038
1146.689685 1646.742151
1199.785387 1639.807351
1207.944116 1684.655049
1154.462509 1692.072500
1230.592070 1635.783707
1282.154417 1629.049178
1290.894760 1673.150490
1238.970755 1680.351915
1312.077821 1625.140899
1362.172291 1618.598088
1371.457792 1661.977073
1321.024321 1668.971773
