1972.071913 1731.666153
4242.910365 1439.392206
1648.227727 3022.744878
4412.094984 2800.266840
2068.120434 1811.865408
2285.860556 1784.615036
2254.994171 1945.546731
2031.976605 1972.148779
2408.889677 1769.217831
2632.272688 1741.261246
2609.993958 1903.201540
2381.046274 1930.510946
2758.510949 1725.462414
2987.759088 1696.771804
2974.537734 1859.717920
2739.420220 1887.763278
3117.333709 1680.555423
3352.681036 1651.101494
3349.015618 1815.049337
3107.475469 1843.860801
3485.726053 1634.450790
3727.419254 1604.202669
3733.839291 1769.146684
3485.609696 1798.756081
3864.075978 1587.099957
4112.375220 1556.025084
4129.443494 1721.958105
3874.242658 1752.399048
2010.273449 2068.393563
2236.453764 2042.213029
2202.967399 2216.804822
1971.088506 2242.163051
2364.318520 2027.412592
2596.604767 2000.525292
2572.408642 2176.402802
2334.100045 2202.464182
2727.944751 1985.322595
2966.587563 1957.699519
2952.212251 2134.867556
2707.202761 2161.661744
3101.546404 1942.077936
3346.810322 1913.688462
3342.820402 2092.150727
3090.823362 2119.709073
3485.539675 1897.630440
3737.704124 1868.442224
3744.700795 2048.201168
3485.412963 2076.556833
3880.364237 1851.929214
4139.724590 1821.908067
4158.348519 2002.964737
3891.448847 2032.152831
1947.520259 2346.678767
2182.819341 2321.853117
2146.364664 2511.921146
1904.893570 2535.711019
2315.914490 2307.810675
2557.841939 2282.285687
2531.469788 2473.980366
2283.003542 2498.459405
2694.712911 2267.844870
2943.552807 2241.590572
2927.865582 2434.927223
2672.095758 2460.125814
3084.362588 2226.734185
3340.415477 2199.718867
3336.055971 2394.712069
3072.655741 2420.662413
3485.336571 2184.428708
3748.920683 2156.618795
3756.575321 2353.282259
3485.198058 2380.018504
3898.135814 2140.875585
4169.588375 2112.235498
4189.990770 2310.581918
3910.268534 2338.140315
1879.209054 2649.611535
2124.390411 2626.490890
2084.554485 2834.188136
1832.666389 2856.009567
2263.160965 2613.404803
2515.563118 2589.603236
2486.707608 2799.349028
2227.180955 2821.832198
2658.450831 2576.128899
2918.397532 2551.615880
2901.210239 2763.440064
2633.692223 2786.615537
3065.588385 2537.735757
3333.423033 2512.478903
3328.640101 2726.411195
3052.755849 2750.311448
3485.114383 2498.174382
3761.201537 2472.139315
3769.611522 2688.209201
3484.962341 2712.868772
3917.602995 2457.390630
4202.330034 2430.540820
4224.778383 2648.777435
3930.939839 2674.233095
