4368 2912
3667.152035 1984.234073
4187.250935 2054.665652
3622.712445 2298.665250
4171.607163 2379.614864
3696.748110 2017.537548
3743.225067 2023.878412
3738.400457 2062.166641
3691.617092 2055.715471
3776.999004 2028.486199
3823.757531 2034.865477
3819.466472 2073.345200
3772.397750 2066.854681
3857.736389 2039.501221
3904.779051 2045.919265
3901.028144 2084.592108
3853.671449 2078.061879
3938.964700 2050.583221
3986.294095 2057.040384
3983.090036 2095.907993
3935.442715 2089.337688
4020.688430 2061.732812
4068.307188 2068.229451
4065.656761 2107.293492
4017.716130 2100.682741
4102.912125 2072.950613
4150.822907 2079.487093
4148.732993 2118.749249
4100.496336 2112.097679
3687.745638 2084.521465
3734.760118 2091.056464
3729.819517 2130.265193
3682.491484 2123.615598
3768.925889 2095.805497
3816.228599 2102.380559
3811.834058 2141.788247
3764.213872 2135.097604
3850.604151 2107.158751
3898.197748 2113.774246
3894.356107 2153.382605
3846.441054 2146.650534
3932.785018 2118.581867
3980.672196 2125.238170
3977.390388 2165.048931
3929.177723 2158.275046
4015.473147 2130.075493
4063.656628 2136.772982
4060.941686 2176.787899
4012.428627 2169.971809
4098.673245 2141.640282
4147.155790 2148.379342
4145.014846 2188.600189
4096.198575 2181.741497
3678.526560 2153.117060
3726.091131 2159.853762
3721.030307 2200.016590
3673.144783 2193.160786
3760.657929 2164.749554
3808.517628 2171.528056
3804.015817 2211.897685
3755.831100 2204.999045
3843.299241 2176.454272
3891.456826 2183.274965
3887.521115 2223.853199
3839.034389 2216.911320
3926.455260 2188.231890
3974.913519 2195.095168
3971.551098 2235.883831
3922.759517 2228.898306
4010.130811 2200.083091
4058.892570 2206.989354
4056.110728 2247.990294
4007.011407 2240.960709
4094.330777 2212.008566
4143.398896 2218.958219
4141.205027 2260.173306
4091.795046 2253.099244
3669.082965 2223.383209
3717.210639 2230.329566
3712.025149 2271.481747
3663.568858 2264.411550
3752.187982 2235.377911
3800.617938 2242.367897
3796.004879 2283.735125
3747.242093 2276.620208
3835.815312 2247.448000
3884.550403 2254.482027
3880.517126 2296.066202
3831.444929 2288.906138
3919.969891 2259.594188
3969.013013 2266.672673
3965.566970 2308.475719
3916.182407 2301.270079
4004.656724 2271.817196
4054.010806 2278.940563
4051.159560 2320.964427
4001.459640 2313.712773
4089.880876 2284.117758
4139.548884 2291.286434
4137.300106 2333.533086
4087.281797 2326.234977
