4368 2912
3515.051717 1656.827369
3745.638200 1661.393501
3528.379615 1793.777106
3769.560632 1788.045158
3532.096705 1669.651617
3554.283361 1670.008981
3556.137739 1686.403838
3533.818880 1686.162129
3570.161623 1670.264736
3591.812945 1670.613477
3593.886215 1686.812648
3572.109337 1686.576807
3607.310385 1670.863098
3628.445518 1671.203525
3630.726714 1687.211624
3609.472310 1686.981442
3643.575674 1671.447230
3664.212859 1671.779636
3666.691606 1687.601118
3645.941096 1687.376393
3678.988636 1672.017632
3699.145267 1672.342299
3701.811739 1687.981462
3681.547415 1687.762003
3713.578970 1672.574785
3733.271638 1672.891979
3736.116533 1688.352977
3716.321505 1688.138600
3535.117809 1698.614967
3557.536264 1698.768434
3559.433400 1715.541319
3536.879983 1715.508951
3573.578169 1698.878251
3595.449609 1699.027974
3597.570095 1715.596049
3575.570557 1715.564478
3611.102462 1699.135127
3632.446667 1699.281240
3634.779180 1715.649449
3613.313367 1715.618643
3647.724453 1699.385826
3668.560258 1699.528459
3671.094093 1715.701566
3650.142815 1715.671498
3683.476298 1699.630569
3703.821655 1699.769845
3706.546684 1715.752445
3686.091659 1715.723090
3718.388646 1699.869564
3738.260670 1700.005600
3741.167305 1715.802130
3721.191109 1715.773462
3538.209256 1728.252706
3560.864359 1728.192666
3562.805747 1745.356804
3540.012839 1745.543681
3577.073275 1728.149708
3599.169295 1728.091149
3601.338627 1745.040878
3579.111895 1745.223112
3614.980662 1728.049245
3636.538042 1727.992113
3638.923623 1744.732721
3617.242231 1744.910485
3651.966309 1727.951224
3673.004508 1727.895469
3675.595289 1744.432055
3654.439409 1744.605510
3688.063431 1727.855558
3708.600980 1727.801130
3711.386515 1744.138606
3690.737271 1744.307907
3723.303666 1727.762165
3743.358228 1727.709015
3746.328634 1743.852120
3726.168041 1744.017414
3541.373533 1758.588667
3564.270282 1758.304994
3566.257492 1775.874237
3543.220003 1776.290790
3580.649683 1758.102065
3602.974879 1757.825472
3605.194764 1775.170194
3582.736160 1775.576279
3618.947952 1757.627576
3640.722731 1757.357804
3643.163212 1774.483668
3621.261946 1774.879675
3656.304411 1757.164757
3677.548881 1756.901554
3680.198551 1773.814013
3658.834128 1774.200314
3692.753380 1756.713182
3713.486681 1756.456311
3716.334759 1773.160617
3695.487682 1773.537563
3728.327529 1756.272443
3748.567890 1756.021680
3751.604190 1772.522893
3731.255891 1772.890820
