4368 2912
2889.033900 2523.603986
2965.199006 1608.787472
3906.930631 2256.134617
3739.536844 1252.167429
2967.517236 2447.612983
2975.010442 2332.836045
3096.892504 2295.920414
3092.688172 2412.752509
2978.807531 2274.674263
2985.708132 2168.974514
3102.884123 2129.422326
3099.020637 2236.782789
2989.210783 2115.322780
2995.586402 2017.664441
3108.405644 1975.987518
3104.843174 2074.983203
2998.827580 1968.017802
3004.735926 1877.516896
3113.510305 1834.136625
3110.214994 1925.708402
3007.743854 1831.443060
3013.234478 1747.340591
3118.243597 1702.605535
3115.186480 1787.558277
3016.033458 1704.467312
3021.149145 1626.107927
3122.644624 1580.307611
3119.800775 1659.333905
3164.085545 2392.868131
3166.333646 2274.888086
3298.657488 2234.809851
3300.303056 2354.931154
3167.470863 2215.207105
3169.534172 2106.924925
3296.319297 2064.129220
3297.826069 2174.118816
3170.579805 2052.050288
3172.480205 1952.317526
3294.171723 1907.363066
3295.556546 2008.450836
3173.444887 1901.691157
3175.200938 1809.533806
3292.192371 1762.876495
3293.469473 1856.101015
3176.093719 1762.680804
3177.721266 1677.267386
3290.362218 1629.281085
3291.543698 1715.525429
3178.549894 1633.781081
3180.062542 1554.397504
3288.665008 1505.390126
3289.761217 1585.409916
3378.142581 2333.252617
3374.177089 2211.936479
3518.344465 2168.271074
3526.936338 2291.813118
3372.174910 2150.683874
3368.548737 2039.748522
3506.175436 1993.293296
3514.012113 2105.976430
3366.714269 1983.626715
3363.385655 1881.794522
3495.038791 1833.160109
3502.215642 1936.355635
3361.698676 1830.184832
3358.632438 1736.379555
3484.808499 1686.059326
3491.405484 1780.916994
3357.075850 1688.758917
3354.242146 1602.067524
3475.378243 1550.462196
3481.462904 1637.953206
3352.801396 1557.990704
3350.174741 1477.633567
3466.657704 1425.070078
3472.287490 1506.020442
3612.130969 2268.086162
3600.777036 2143.303903
3758.452330 2095.547221
3775.326702 2222.635670
3595.056243 2080.431116
3584.715362 1966.782525
3734.636223 1916.177464
3749.962214 2031.604363
3579.493794 1909.396337
3570.036182 1805.455078
3712.926207 1752.669610
3726.907567 1857.969491
3565.251233 1752.867422
3556.568367 1657.440798
3693.054742 1603.008716
3705.860978 1699.458212
3552.167477 1609.074027
3544.167912 1521.157031
3674.797767 1465.507256
3686.571045 1554.177087
3540.106629 1476.522630
3532.712766 1395.262418
3657.966202 1338.741210
3668.826648 1420.536089
