4368 2912
3063.846056 1682.216862
3417.193392 1711.913915
3029.653152 1915.302773
3389.594184 1950.355109
3081.986461 1704.069298
3115.489239 1706.920766
3111.109745 1737.868008
3077.526126 1734.950796
3136.616494 1708.718936
3170.324964 1711.587911
3166.078508 1742.642820
3132.288151 1739.707651
3191.582129 1713.397138
3225.498190 1716.283781
3221.386496 1747.447099
3187.387487 1744.493806
3246.886468 1718.104168
3281.012042 1721.008642
3277.036863 1752.281119
3242.827261 1749.309533
3302.532649 1722.840292
3336.869686 1725.762764
3333.032794 1757.145156
3298.610638 1754.155106
3358.523854 1727.605781
3393.074324 1730.546420
3389.377522 1762.039491
3354.740824 1759.030805
3074.620117 1755.070806
3108.256380 1758.031016
3103.838219 1789.251497
3070.120476 1786.224448
3129.468097 1759.897786
3163.311783 1762.876251
3159.027718 1794.206198
3125.101493 1791.160432
3184.654507 1764.754549
3218.707540 1767.751438
3214.559319 1799.191611
3180.422671 1796.126954
3240.182487 1769.641374
3274.446815 1772.656858
3270.436210 1804.208023
3236.087177 1801.124299
3296.055220 1774.558539
3330.532815 1777.592792
3326.661625 1809.255724
3292.098216 1806.152754
3352.275924 1779.506327
3386.968784 1782.559525
3383.238831 1814.335007
3348.459035 1811.212612
3067.188799 1806.522158
3100.959605 1809.592923
3096.502261 1841.090278
3062.649331 1837.951557
3122.256456 1811.529437
3156.236436 1814.619223
3151.914260 1846.227878
3117.851080 1843.069663
3177.665403 1816.567751
3211.856508 1819.676735
3207.671271 1851.397467
3173.395876 1848.219577
3233.418825 1821.637387
3267.823030 1824.765749
3263.776524 1856.599344
3229.286925 1853.401593
3289.519945 1826.738640
3324.139246 1829.886559
3320.233294 1861.833812
3285.527477 1858.616014
3345.972025 1831.871805
3380.808445 1835.039467
3377.044894 1867.101178
3342.120819 1863.863144
3059.691647 1858.429330
3093.598062 1861.612499
3089.101013 1893.390428
3055.111818 1890.138164
3114.980725 1863.619926
3149.098092 1866.822901
3144.737295 1898.714000
3110.536061 1895.441446
3170.613996 1868.842837
3204.944287 1872.065801
3200.721535 1904.070866
3166.306271 1900.777833
3226.594681 1874.098362
3261.139898 1877.341504
3257.057008 1909.461340
3222.425700 1906.147634
3282.926048 1879.386811
3317.688215 1882.650320
3313.747030 1914.885739
3278.897636 1911.551165
3339.611399 1884.708492
3374.592566 1887.992561
3370.794959 1920.344384
3335.725413 1916.988746
