4368 2912
3506.240819 2134.613121
3928.305922 2182.192506
3474.588617 2403.424630
3913.903213 2460.147273
3531.326393 2163.777848
3567.771250 2167.938197
3564.397243 2199.429838
3527.781495 2195.179557
3595.966885 2171.156859
3632.697467 2175.349825
3629.629857 2207.001907
3592.725630 2202.718140
3661.114588 2178.593770
3698.134267 2182.819738
3695.378001 2214.633817
3658.181872 2210.316167
3726.775494 2186.089266
3764.087699 2190.348627
3761.647810 2222.326281
3724.156302 2217.974344
3792.955692 2193.644042
3830.563903 2197.937193
3828.445516 2230.080023
3790.655096 2225.693388
3859.661368 2201.258803
3897.569120 2205.586148
3895.777453 2237.895777
3857.684533 2233.474028
3524.842325 2221.215554
3561.599709 2225.540915
3558.164744 2257.601515
3521.233525 2253.183329
3590.038125 2228.887357
3627.086281 2233.246935
3623.963029 2265.473150
3586.738210 2261.019840
3655.750109 2236.619901
3693.092501 2241.014103
3690.286040 2273.407559
3652.764105 2268.918704
3721.984429 2244.413911
3759.624578 2248.843150
3757.140077 2281.405497
3719.317455 2276.880670
3788.747341 2252.270121
3826.688820 2256.734819
3824.531544 2289.467729
3786.404606 2284.906495
3856.045196 2260.189280
3894.291640 2264.689865
3892.466948 2297.595033
3854.032007 2292.996953
3518.241132 2279.690790
3555.316437 2284.186480
3551.818847 2316.831597
3514.566686 2312.240077
3584.001845 2287.664824
3621.373105 2292.196401
3618.192683 2325.012513
3580.641662 2320.384157
3650.287954 2295.702567
3687.958727 2300.270462
3685.100687 2333.259267
3647.247196 2328.593630
3717.105779 2303.804784
3755.079681 2308.409436
3752.549334 2341.572659
3714.389703 2336.869289
3784.461746 2311.972256
3822.742450 2316.614110
3820.545204 2349.953498
3782.075705 2345.211935
3852.362382 2320.205774
3890.953621 2324.885283
3889.094983 2358.402610
3850.311826 2353.622387
3511.519611 2339.231926
3548.918374 2343.903468
3545.356430 2377.149236
3507.777711 2372.378738
3577.855092 2347.518002
3615.555133 2352.227177
3612.315955 2385.649532
3574.432975 2380.840410
3644.725430 2355.870887
3682.730404 2360.618152
3679.819349 2394.218872
3641.628398 2389.370653
3712.137121 2364.291394
3750.450742 2369.077213
3747.873267 2402.858098
3709.370574 2397.970305
3780.096763 2372.780347
3818.722807 2377.605190
3816.484470 2411.568070
3777.666203 2406.640216
3848.611067 2381.338583
3887.553371 2386.202931
3885.659831 2420.349660
3846.522095 2415.381250
