4368 2912
2877.486790 1247.353436
3398.776393 1538.471485
2663.439542 1466.092441
3225.720639 1804.945188
2890.948266 1284.909365
2936.374060 1310.439297
2911.687773 1337.259847
2865.859796 1311.267171
2968.981950 1328.765387
3015.317099 1354.806388
2991.344894 1382.439707
2944.588288 1355.920333
3048.581030 1373.501182
3095.853117 1400.068756
3072.629223 1428.542486
3024.915474 1401.480241
3129.793088 1419.143494
3178.030820 1446.253774
3155.591137 1475.596758
3106.890551 1447.974798
3212.667651 1465.720158
3261.900923 1493.389945
3240.283110 1523.632281
3190.564752 1495.433064
3297.256301 1513.260161
3347.516251 1541.506957
3326.759829 1572.680077
3275.991458 1543.885313
2847.115565 1330.959754
2893.241786 1357.300589
2867.495415 1385.272873
2820.956167 1358.442671
2926.359365 1376.212710
2973.428701 1403.092120
2948.416395 1431.924385
2900.913696 1404.538746
3007.226890 1422.392910
3055.268563 1449.827581
3031.026474 1479.549674
2982.530094 1451.591171
3089.768562 1469.529147
3138.813015 1497.536468
3115.379095 1528.179553
3065.857526 1499.630021
3174.036912 1517.651422
3224.115874 1546.249509
3201.529982 1577.846143
3150.950367 1548.686641
3260.086694 1566.791001
3311.233245 1595.998745
3289.537258 1628.582955
3237.865325 1598.793722
2801.403204 1378.984903
2848.248734 1406.183533
2821.372499 1435.383364
2774.102816 1407.666538
2881.890077 1425.715778
2929.714348 1453.482668
2903.592753 1483.593639
2855.322850 1455.290329
2964.062245 1473.425141
3012.896256 1501.778288
2987.567512 1532.832678
2938.265305 1503.924070
3047.973202 1522.144048
3097.849272 1551.102216
3073.353542 1583.133764
3022.985557 1553.600233
3133.678728 1571.904887
3184.630570 1601.487651
3161.010085 1634.531636
3109.541384 1604.352694
3221.237016 1622.741442
3273.299815 1652.969231
3250.598992 1687.062559
3197.993097 1656.216817
2753.687628 1429.114619
2801.271837 1457.221837
2773.189697 1487.731831
2725.169937 1459.075146
2835.451409 1477.411154
2884.051993 1506.118727
2856.745639 1537.595395
2807.686804 1508.318621
2918.965538 1526.741590
2968.615411 1556.068962
2942.125275 1588.547282
2891.993269 1558.630074
3004.286830 1577.139489
3055.020345 1607.106951
3029.388968 1640.623514
2978.148189 1610.044626
3091.474584 1628.639876
3143.327609 1659.268614
3118.599778 1693.861725
3066.213029 1662.598958
3180.590723 1681.279329
3233.600727 1712.591475
3209.823607 1748.301244
3156.252013 1716.331398
