2912 4368
2194.898544 2691.693079
2491.651790 2685.598835
2132.853647 2892.427056
2426.379729 2885.526445
2207.677764 2709.688102
2235.734081 2709.104970
2227.593442 2735.196059
2199.576894 2735.789184
2254.174415 2708.721700
2282.191896 2708.139376
2273.985483 2734.213916
2246.007656 2734.806221
2300.606713 2707.756636
2328.585438 2707.175117
2320.313441 2733.233130
2292.374256 2733.824616
2346.974791 2706.792907
2374.914841 2706.212192
2366.577449 2732.253697
2338.676825 2732.844368
2393.278783 2705.830510
2421.180238 2705.250597
2412.777639 2731.275616
2384.915497 2731.865471
2439.518822 2704.869442
2467.381762 2704.290329
2458.914144 2730.298882
2431.090403 2730.887925
2193.876011 2754.157484
2221.864566 2753.557348
2213.766499 2779.511990
2185.817523 2780.122011
2240.260395 2753.162900
2268.210308 2752.563592
2260.046782 2778.501866
2232.136334 2779.111046
2286.580749 2752.169689
2314.492102 2751.571208
2306.263304 2777.493134
2278.391303 2778.101475
2332.837206 2751.177848
2360.710078 2750.580192
2352.416197 2776.485791
2324.582564 2777.093294
2379.029899 2750.187374
2406.864369 2749.590541
2398.505591 2775.479833
2370.710247 2776.086501
2425.158959 2749.198264
2452.955106 2748.602253
2444.531618 2774.475259
2416.774484 2775.081092
2180.146427 2798.394338
2208.067543 2797.777381
2200.011716 2823.596645
2172.129989 2824.223377
2226.419080 2797.371878
2254.301749 2796.755771
2246.180775 2822.558845
2218.337383 2823.184716
2272.628026 2796.350827
2300.472327 2795.735568
2292.286392 2821.522471
2264.481255 2822.147482
2318.773394 2795.331180
2346.579407 2794.716767
2338.328698 2820.487521
2310.561737 2821.111674
2364.855317 2794.312935
2392.623120 2793.699366
2384.307822 2819.453991
2356.578959 2820.077287
2410.873925 2793.296089
2438.603596 2792.683363
2430.223895 2818.421878
2402.533052 2819.044319
2166.488447 2842.400481
2194.342447 2841.766888
2186.328529 2867.451829
2158.513731 2868.095091
2212.649904 2841.350450
2240.465649 2840.717727
2232.386894 2866.386654
2204.610239 2867.029034
2258.747971 2840.301861
2286.525540 2839.670007
2278.382133 2865.322940
2250.643543 2865.964440
2304.782779 2839.254711
2332.522250 2838.623724
2324.314376 2864.260683
2296.613772 2864.901304
2350.754458 2838.208997
2378.455910 2837.578875
2370.183753 2863.199879
2342.521057 2863.839624
2396.663137 2837.164716
2424.326648 2836.535457
2415.990392 2862.140527
2388.365526 2862.779396
