4368 2912
3620.943197 2127.376804
4098.548892 2158.577009
3631.257266 2439.922305
4138.446390 2483.366695
3649.871992 2155.476169
3695.163439 2158.507969
3697.121543 2199.291513
3651.479380 2196.116482
3723.400671 2160.398164
3769.124970 2163.458939
3771.660182 2204.476685
3725.578463 2201.271077
3797.632713 2165.367242
3843.796099 2168.457409
3846.919470 2209.711989
3800.391817 2206.475360
3872.578258 2170.384081
3919.187085 2173.504066
3922.909909 2214.998154
3875.929816 2211.730052
3948.247641 2175.449373
3995.308390 2178.599611
3999.642207 2220.335925
3952.203043 2217.035888
4024.651403 2180.563826
4072.170677 2183.744756
4077.127280 2225.726062
4029.222283 2222.393620
3652.521659 2222.468883
3698.391284 2225.737763
3700.399204 2267.558891
3654.169817 2264.140045
3726.990694 2227.775888
3773.304249 2231.076404
3775.904274 2273.142791
3729.223996 2269.690600
3802.181118 2233.134302
3848.945077 2236.466917
3852.148692 2278.781368
3805.010892 2275.295341
3878.103462 2238.544877
3925.324430 2241.910060
3929.143369 2284.475430
3881.541289 2280.955067
3954.768466 2244.008376
4002.453174 2247.406607
4006.899436 2290.225799
3958.826180 2286.670591
4032.187081 2249.525582
4080.342395 2252.957350
4085.428240 2296.033315
4036.876781 2292.442742
3655.238703 2291.165140
3701.701455 2294.682269
3703.761118 2337.581088
3656.929205 2333.906876
3730.672452 2296.875309
3777.590643 2300.426914
3780.258000 2343.582675
3732.963413 2339.872163
3806.846318 2302.641504
3854.226675 2306.228093
3857.513664 2349.643791
3809.749512 2345.896440
3883.771244 2308.464552
3931.620631 2312.086646
3935.539456 2355.765328
3887.298711 2351.980586
3961.458393 2314.345299
4009.783810 2318.003428
4014.346948 2361.948194
3965.622441 2358.125498
4039.919152 2320.284607
4088.727737 2323.979310
4093.947948 2368.193314
4044.732367 2364.332091
3658.025728 2361.630755
3705.097145 2365.407934
3707.210575 2409.426645
3659.760226 2405.484857
3734.449508 2367.763273
3781.988325 2371.577959
3784.725664 2415.865965
3736.800390 2411.884725
3811.632870 2373.956744
3859.646082 2377.809497
3863.019744 2422.369997
3814.612380 2418.348709
3889.587194 2380.212079
3938.081937 2384.103471
3942.104619 2428.939722
3893.207854 2424.877779
3968.324088 2386.530211
4017.307644 2390.460828
4021.992331 2435.576140
3972.598705 2431.472922
4047.855396 2392.912089
4097.335194 2396.882526
4102.695166 2442.280272
4052.797069 2438.135146
