2912 4368
2005.321448 2773.772873
2572.593054 2806.198764
1993.068068 3167.075367
2594.444102 3203.097629
2035.057574 2805.713022
2093.627108 2809.072995
2092.747438 2863.657243
2033.701602 2860.247881
2124.590767 2810.849295
2183.232107 2814.213387
2183.081872 2868.873241
2123.963057 2865.459664
2214.233738 2815.991865
2272.947015 2819.360084
2273.528013 2874.095689
2214.336083 2870.677890
2303.986688 2821.140744
2362.772034 2824.513098
2364.086068 2879.324598
2304.820890 2875.902569
2393.849820 2826.295944
2452.707368 2829.672439
2454.756248 2884.559981
2395.417683 2881.133715
2483.823337 2831.457477
2542.753220 2834.838122
2545.538757 2889.801851
2486.126670 2886.371339
2032.950371 2890.461119
2092.260084 2893.897999
2091.357920 2949.877974
2031.559740 2946.389869
2123.615291 2895.714971
2182.998638 2899.156117
2182.844559 2955.214509
2122.971527 2951.722037
2214.392786 2900.975347
2273.849902 2904.420768
2274.445775 2960.557726
2214.497751 2957.060881
2305.283063 2906.242257
2364.814087 2909.691962
2366.161785 2965.907640
2306.138626 2962.406412
2396.286332 2911.515716
2455.891403 2914.969712
2457.992803 2971.264262
2397.894370 2967.758643
2487.402805 2916.795735
2547.082059 2920.254029
2549.939046 2976.627606
2489.765196 2973.117588
2030.789184 2977.380305
2090.858023 2980.896955
2089.932492 3038.326884
2029.362549 3034.757080
2122.614810 2982.756114
2182.759182 2986.277188
2182.601110 3043.788485
2121.954368 3040.214155
2214.555914 2988.138686
2274.775959 2991.664189
2275.387286 3049.257015
2214.663600 3045.678149
2306.612710 2993.528028
2366.908574 2997.057970
2368.291245 3054.732485
2307.490468 3051.149076
2398.785421 2998.924159
2459.157244 3002.458547
2461.313212 3060.214912
2400.435197 3056.626950
2491.074261 3004.327087
2551.522189 3007.865931
2554.453412 3065.704306
2493.498011 3062.111784
2028.571914 3066.555091
2089.419564 3070.154523
2088.469746 3129.091477
2027.107858 3125.436863
2121.588349 3072.057462
2182.513505 3075.661479
2182.351282 3134.682908
2120.910573 3131.023600
2214.723280 3077.566843
2275.726088 3081.175452
2276.353477 3140.281525
2214.833794 3136.617514
2307.976930 3083.083245
2369.057541 3086.696458
2370.476565 3145.887342
2308.877755 3142.218618
2401.349527 3088.606684
2462.508088 3092.224508
2464.720777 3151.500374
2403.042689 3147.826927
2494.841299 3094.137174
2556.077960 3097.759617
2559.086348 3157.120633
2497.328828 3153.442455
