2912 4368
2213.154468 2519.259425
2441.386735 2540.680689
2135.187278 2687.929348
2358.101780 2712.186060
2219.375217 2534.746425
2241.908642 2536.887780
2230.931548 2560.433219
2208.470102 2558.252634
2254.696634 2538.103025
2277.363291 2540.257042
2266.272554 2563.864168
2243.678606 2561.670719
2290.227007 2541.479483
2313.028082 2543.646273
2301.822546 2567.315405
2279.094919 2565.108979
2325.968195 2544.875974
2348.904887 2547.055652
2337.583383 2570.787112
2314.720888 2568.567592
2361.922080 2548.292678
2384.995603 2550.485359
2373.556946 2574.279470
2350.558378 2572.046740
2398.090567 2551.729776
2421.302148 2553.935576
2409.745139 2577.792665
2386.609281 2575.546607
2201.830880 2572.563619
2224.248550 2574.767989
2213.351953 2598.140766
2191.005584 2595.897775
2236.970712 2576.018983
2259.520442 2578.236338
2248.511273 2601.669842
2226.033566 2599.413668
2272.317659 2579.494712
2295.000618 2581.725168
2283.877738 2605.219709
2261.267532 2602.950236
2307.873557 2582.990987
2330.690929 2585.234660
2319.453183 2608.790552
2296.709302 2606.507662
2343.640263 2586.507992
2366.593248 2588.765000
2355.239466 2612.382559
2332.360721 2610.086131
2379.619658 2590.045911
2402.709468 2592.316373
2391.238466 2615.995916
2368.223654 2613.685831
2184.414868 2610.104204
2206.717872 2612.370610
2195.900889 2635.572617
2173.668519 2633.268189
2219.374825 2613.656795
2241.808729 2615.936504
2230.880233 2639.198293
2208.517674 2636.880371
2254.540078 2617.230249
2277.106039 2619.523376
2266.064903 2642.845251
2243.571008 2640.513716
2289.912440 2620.824749
2312.611626 2623.131414
2301.456712 2646.513680
2278.830320 2644.168411
2325.493746 2624.440481
2348.327342 2626.760805
2337.057494 2650.203769
2314.297432 2647.844645
2361.285854 2628.077635
2384.255057 2630.411739
2372.869106 2653.915711
2349.974186 2651.542609
2167.125780 2647.371202
2189.315191 2649.698683
2178.576953 2672.731784
2156.457517 2670.366872
2201.907546 2651.019513
2224.226714 2653.360604
2213.378006 2676.452560
2191.129515 2674.073849
2236.892812 2654.689170
2259.342879 2657.043991
2248.382590 2680.195096
2226.003912 2677.802466
2272.083371 2658.380360
2294.665490 2660.749032
2283.592495 2683.959584
2261.082484 2681.552913
2307.481033 2662.093274
2330.196375 2664.475920
2319.009533 2687.746218
2296.367030 2685.325381
2343.087634 2665.828103
2365.937380 2668.224847
2354.635538 2691.555194
2331.859369 2689.120066
