4368 2912
3576.623789 1411.635365
3871.843331 1417.101011
3503.719148 1605.446650
3793.577358 1613.054032
3587.615130 1428.437399
3616.327475 1428.986459
3606.099337 1455.895243
3577.458336 1455.317193
3633.483276 1429.314525
3662.298836 1429.865559
3651.956189 1456.820753
3623.212445 1456.240630
3679.516365 1430.194806
3708.435698 1430.747825
3697.977783 1457.749588
3669.130742 1457.167379
3725.715287 1431.078259
3754.738954 1431.633272
3744.165007 1458.681765
3715.214112 1458.097462
3772.080940 1431.964900
3801.209507 1432.521919
3790.518758 1459.617305
3761.463447 1459.030893
3818.614230 1432.854745
3847.848266 1433.413782
3837.039938 1460.556223
3807.879644 1459.967692
3571.222532 1471.820151
3599.819754 1472.415937
3589.660372 1499.143835
3561.133938 1498.519456
3616.906665 1472.771921
3645.606341 1473.369840
3635.333343 1500.143511
3606.704923 1499.516901
3662.754524 1473.727099
3691.557206 1474.327166
3681.169842 1501.146768
3652.438887 1500.517913
3708.766990 1474.685709
3737.673232 1475.287932
3727.170748 1502.153623
3698.336705 1501.522511
3754.944951 1475.647766
3783.955315 1476.252158
3773.336946 1503.164095
3744.399261 1502.530715
3801.289302 1476.613289
3830.404349 1477.219863
3819.669331 1504.178205
3790.627443 1503.542544
3554.939935 1514.911788
3583.422930 1515.553661
3573.331613 1542.102489
3544.918857 1541.432416
3600.441489 1515.937178
3629.026184 1516.581342
3618.822135 1543.175319
3590.308140 1542.502857
3646.105564 1516.966230
3674.792506 1517.612697
3664.474984 1544.251976
3635.859207 1543.577114
3691.933033 1517.998964
3720.722773 1518.647748
3710.291028 1545.332482
3681.572924 1544.655207
3737.924775 1519.035400
3766.817865 1519.686514
3756.271146 1546.416858
3727.450165 1545.737156
3784.081675 1520.075557
3813.078673 1520.729013
3802.416220 1547.505124
3773.491807 1546.822983
3538.766236 1557.715230
3567.135890 1558.402559
3557.111955 1584.774113
3528.811998 1584.058966
3584.086626 1558.813234
3612.557236 1559.503009
3602.421443 1585.919096
3574.020986 1585.201410
3629.568347 1559.915148
3658.140455 1560.607382
3647.892069 1587.068150
3619.390575 1586.347910
3675.212264 1561.020992
3703.886411 1561.715698
3693.524694 1588.221299
3664.921625 1587.498492
3721.019244 1562.130786
3749.795979 1562.827977
3739.320186 1589.378563
3710.614996 1588.653175
3766.990163 1563.244551
3795.870038 1563.944242
3785.279418 1590.539964
3756.471559 1589.811982
