4368 2912
3929.438464 2031.034912
4298.474383 2066.997806
3805.183057 2294.635795
4149.312790 2364.110464
3941.405769 2061.918852
3967.858527 2064.736820
3953.552317 2094.802794
3927.300578 2091.703246
3993.110145 2067.426833
4020.581376 2070.353298
4005.870851 2100.980054
3978.610897 2097.761465
4046.814668 2073.147886
4075.364348 2076.189236
4060.228536 2107.398076
4031.901149 2104.053456
4102.637693 2079.094620
4132.330595 2082.257756
4116.746958 2114.071216
4087.288190 2110.593013
4160.707094 2085.280656
4191.613288 2088.573041
4175.557564 2121.014996
4144.898256 2117.395045
4221.161251 2091.720736
4253.356650 2095.150458
4236.802684 2128.246218
4204.867923 2124.475675
3913.815246 2120.178753
3939.875425 2123.546189
3925.705018 2153.326760
3899.842673 2149.683112
3964.750066 2126.760433
3991.808713 2130.256889
3977.240482 2160.587394
3950.389706 2156.804490
4017.645612 2133.595475
4045.761230 2137.228510
4030.774660 2168.129621
4002.877687 2164.199323
4072.617322 2140.698793
4101.853074 2144.476569
4086.426129 2175.970144
4057.420600 2171.883666
4129.789879 2148.086500
4160.214062 2152.017842
4144.323032 2184.127019
4114.141533 2179.874862
4189.298153 2155.776022
4220.984733 2159.870489
4204.604063 2192.619784
4173.173600 2188.191666
3886.483833 2177.891517
3912.157649 2181.797951
3898.121120 2211.297162
3872.642016 2207.119772
3936.661330 2185.526342
3963.314038 2189.581721
3948.886047 2219.620253
3922.437872 2215.283980
3988.760983 2193.453635
4016.449655 2197.666642
4001.610133 2228.264555
3974.136533 2223.760160
4042.895397 2201.690530
4071.681628 2206.070538
4056.409027 2237.249029
4027.849188 2232.566541
4099.186149 2210.255525
4129.136515 2214.812665
4113.407657 2246.594158
4083.695862 2241.722803
4157.764695 2219.168623
4188.951271 2223.913859
4172.741190 2256.322102
4141.806310 2251.250218
3859.407897 2235.064817
3884.701441 2239.500000
3870.796902 2268.721821
3845.695008 2264.020827
3908.840062 2243.732669
3935.093342 2248.336139
3920.803574 2278.086894
3894.751557 2273.207964
3960.156644 2252.730949
3987.425339 2257.512471
3972.730710 2287.811625
3945.673586 2282.744463
4013.467491 2262.078920
4041.811671 2267.049027
4026.691108 2297.917138
3998.569568 2292.650636
4068.891158 2271.797372
4098.375729 2276.967444
4082.806573 2308.426245
4053.556548 2302.948403
4126.555788 2281.908773
4157.250983 2287.291126
4141.208840 2319.363616
4110.761013 2313.661454
