4368 2912
239.843771 2156.826972
902.981833 2033.556351
301.877971 2614.433902
987.896608 2431.075868
293.921798 2190.850584
358.204396 2178.448561
366.080356 2231.291944
301.497456 2244.371341
406.542649 2169.122676
468.341112 2157.199916
476.711188 2208.886874
414.638645 2221.457870
514.829278 2148.230967
574.284870 2136.760217
583.105950 2187.339697
523.400188 2199.431370
619.027168 2128.128099
676.270638 2117.084133
685.503372 2166.602065
628.031562 2178.241316
719.363601 2108.770220
774.516152 2098.129654
784.124575 2146.629197
728.763642 2157.840950
816.049328 2090.116670
869.223464 2079.857800
879.174664 2127.379555
825.810415 2138.186938
307.537532 2287.043464
372.359095 2273.418854
380.406327 2327.411382
315.279833 2341.741534
421.092204 2263.175818
483.382442 2250.083258
491.930936 2302.871989
429.362729 2316.639227
530.230913 2240.236348
590.135258 2227.645270
599.140725 2279.282011
538.982968 2292.518863
635.206339 2218.171942
692.859291 2206.054077
702.281345 2256.587394
644.397381 2269.323932
736.252247 2196.933469
791.778385 2185.262631
801.580154 2234.738114
745.843461 2247.002176
833.585222 2176.475403
887.100100 2165.227305
897.247877 2213.687802
843.541149 2225.505198
321.453510 2385.357517
386.822352 2370.459396
395.046504 2425.638963
329.368015 2441.272178
435.956164 2359.261379
498.745159 2344.951227
507.477839 2398.877337
444.406923 2413.889880
545.958825 2334.190828
606.317737 2320.434513
615.513433 2373.162014
554.897829 2387.590128
651.721655 2310.086570
709.788878 2296.852551
719.406136 2348.432808
661.105208 2362.309968
753.485141 2286.893797
809.388758 2274.152883
819.389770 2324.634063
763.273421 2337.991236
851.471926 2264.561768
905.330646 2252.286903
915.680882 2301.714236
861.628587 2314.580110
335.679773 2485.863686
401.604365 2469.638627
410.011338 2526.044815
343.772292 2543.035984
451.144833 2457.445954
514.439674 2441.868117
523.362555 2496.968767
459.781782 2513.278055
562.023494 2430.157006
622.842855 2415.188423
632.234872 2469.041615
571.155502 2484.709260
668.583700 2403.930896
727.070017 2389.536511
736.888610 2442.196582
678.165878 2457.259719
771.072921 2378.706718
827.357911 2364.854113
837.564301 2416.371969
781.064401 2430.864922
869.720075 2354.428131
923.925720 2341.087287
934.484533 2391.510681
880.083600 2405.465222
