4368 2912
-2.619657 2113.873822
582.535202 890.995362
1111.855286 2678.104878
1508.777016 1411.064113
136.171823 2081.881672
198.317551 1947.878732
346.335679 2024.319841
287.087634 2158.928444
236.556455 1865.425347
295.340357 1738.671408
438.856337 1814.117515
382.797015 1941.481499
331.538377 1660.618715
387.226053 1540.541076
526.502727 1614.989283
473.381458 1735.678160
421.542326 1466.545942
474.372111 1352.630680
609.650150 1426.082482
559.241864 1540.607593
506.949646 1282.384736
557.136033 1174.169357
688.636340 1246.629793
640.738386 1355.451556
588.103705 1107.394707
635.840241 1004.461865
763.766056 1075.938823
718.195473 1179.472915
384.742527 2208.784016
442.130019 2073.790981
587.595335 2148.913739
533.010932 2284.479213
477.449760 1990.708085
531.758916 1862.956243
672.866021 1937.136009
621.194781 2065.466368
565.209206 1784.270871
616.681237 1663.192821
753.681165 1736.424028
704.695947 1858.083406
648.406665 1588.564853
697.258222 1473.650963
830.381093 1545.932576
783.877767 1661.427941
727.388844 1402.774472
773.815068 1293.565711
903.272328 1364.900369
859.066938 1474.688593
802.468184 1226.164768
846.645311 1122.246576
972.631690 1192.639898
930.558022 1297.133793
628.960223 2333.464028
681.744646 2197.535336
824.722627 2271.373558
774.650281 2407.842906
714.239180 2113.856492
764.215777 1985.158420
902.974149 2058.103462
855.552001 2187.349846
795.004540 1905.872221
842.391539 1783.842797
977.170096 1855.886604
932.193174 1978.468661
871.605403 1708.612222
916.598990 1592.746235
1047.617789 1663.885402
1004.901729 1780.305607
944.355776 1521.267880
987.132805 1411.109893
1114.594264 1481.344807
1073.972779 1592.056365
1013.538868 1343.109880
1054.259193 1238.248251
1178.349911 1307.582397
1139.672634 1412.995130
868.938268 2455.979579
917.268923 2319.167308
1057.822824 2391.753661
1012.116651 2529.076175
947.028702 2234.924649
992.809693 2105.329855
1129.277490 2177.070744
1085.970532 2307.184909
1021.020001 2025.473367
1064.447897 1902.539613
1197.058675 1973.424668
1155.966857 2096.883520
1091.226670 1826.735449
1132.478337 1709.962062
1261.442559 1779.985656
1222.400172 1897.287074
1157.931842 1637.909414
1197.166858 1526.844672
1322.678315 1596.005079
1285.535770 1707.598488
1221.391093 1458.271785
1258.753808 1352.507073
1380.991330 1420.805769
1345.613254 1527.097897
