3229.979301 704.316375
4171.136936 636.053606
3133.891983 1214.200819
4131.961137 1209.250166
3279.989920 747.940677
3355.762081 742.871988
3345.407064 803.657739
3269.152308 808.155291
3414.921997 738.914555
3493.448730 733.661602
3484.001062 795.483380
3404.952032 800.145740
3554.779007 729.558985
3636.213297 724.111534
3627.747899 787.005104
3545.748141 791.841499
3699.835600 719.855595
3784.341974 714.202641
3776.940387 778.205639
3691.821545 783.226001
3850.387230 709.784621
3938.142867 703.914311
3931.893951 769.066383
3843.474616 774.281410
4006.752172 699.324772
4097.948141 693.224325
4092.948858 759.567267
4001.033273 764.988504
3260.485606 856.308163
3337.125125 852.274159
3326.475410 914.789838
3249.342711 918.218948
3396.977185 849.123781
3476.442895 844.941018
3466.721359 908.554885
3386.721217 912.111474
3538.522596 841.673386
3620.973761 837.333480
3612.258324 902.084708
3529.227816 905.776018
3685.407823 833.941923
3771.015901 829.435850
3763.391479 895.365739
3677.155101 899.199574
3837.940844 825.913183
3926.890678 821.231213
3920.449930 888.383348
3830.818360 892.368124
3996.453783 817.569684
4088.944934 812.701312
4083.789103 881.121733
3990.557811 885.266542
3240.430148 967.737839
3317.956084 964.799761
3306.998909 1029.120284
3228.968888 1031.417489
3378.515949 962.504663
3458.942498 959.456657
3448.935010 1024.941683
3367.961492 1027.325544
3521.789562 957.074879
3605.282614 953.910659
3596.305895 1020.603082
3512.219127 1023.078597
3670.548940 951.437195
3757.287278 948.149985
3749.429806 1016.095111
3662.046727 1018.667671
3825.115296 945.579439
3915.291878 942.161926
3908.650328 1011.407657
3817.773237 1014.083080
3985.835422 939.488466
4079.658811 935.932747
4074.338960 1006.529781
3979.754025 1009.314363
3219.799852 1082.361362
3298.231841 1080.584492
3286.953697 1146.789161
3208.006385 1147.886781
3359.515669 1079.196113
3440.925645 1077.351777
3430.619400 1144.791750
3348.649500 1145.931393
3504.558631 1075.910177
3589.119480 1073.994458
3579.869550 1142.716697
3494.700094 1143.900824
3655.239333 1072.496519
3743.137586 1070.505192
3735.036212 1140.559385
3646.476142 1141.790653
3811.892993 1068.947544
3903.330202 1066.876042
3896.478310 1138.314825
3804.321046 1139.596105
3974.881943 1065.255044
4070.076221 1063.098426
4064.584399 1135.977614
3968.606233 1137.312017
