4368 2912
334.327700 1195.805329
1192.175511 1034.915702
471.641145 1782.648207
1328.556103 1563.556106
392.418541 1231.512323
490.097884 1212.696230
510.166947 1296.858227
412.485264 1316.616613
537.826067 1203.502290
632.473441 1185.270248
652.537705 1268.060439
557.894607 1287.204201
678.731578 1176.359486
770.485994 1158.684719
790.536307 1240.147022
698.792185 1258.704398
815.340970 1150.044248
904.333068 1132.901590
924.361109 1213.077851
835.384778 1231.075378
947.847773 1124.519298
1034.200443 1107.885075
1054.198647 1186.815199
967.866719 1204.277832
1076.434062 1099.749561
1160.263012 1083.601485
1180.224503 1161.323546
1096.420817 1178.274785
422.850262 1360.575254
520.532786 1340.328600
540.736058 1425.053411
443.052617 1446.254770
568.259995 1330.436184
662.900527 1310.820045
683.096865 1394.155208
588.462035 1414.694893
709.152945 1301.233308
800.891403 1282.218681
821.071665 1364.208951
729.344921 1384.117461
845.736346 1272.923672
934.704198 1254.483309
954.860073 1335.171315
865.909400 1354.477303
978.204947 1245.466910
1064.525838 1227.575183
1084.649777 1307.001564
998.351028 1325.731973
1106.741937 1218.825054
1190.532262 1201.457836
1210.617407 1279.661361
1126.853734 1297.841554
453.487792 1490.511034
551.171331 1468.814969
571.510161 1554.108256
473.827160 1576.771631
598.896490 1458.214941
693.528014 1437.196745
713.857736 1521.082280
619.233366 1543.036024
739.773639 1426.925331
831.493982 1406.553724
851.805459 1489.077110
760.098279 1510.354039
876.327823 1396.595875
965.269284 1376.841474
985.554221 1458.046140
896.631376 1478.677076
1008.755016 1367.183048
1095.042000 1348.018222
1115.292862 1427.945555
1029.029448 1447.959478
1137.239526 1338.645913
1220.989118 1320.044656
1241.199072 1398.734131
1157.477543 1418.158313
484.333226 1621.328550
582.015570 1598.163933
602.491325 1684.031439
504.811005 1708.176157
629.737581 1586.847026
724.357889 1564.408547
744.822319 1648.849922
650.210646 1672.236130
770.595627 1553.443623
862.295655 1531.697666
882.739632 1614.759384
791.054241 1637.422270
907.117305 1521.068556
996.030191 1499.983549
1016.445432 1581.709852
927.552629 1603.682463
1039.499826 1489.675059
1125.750735 1469.221319
1146.129727 1549.654359
1059.903840 1570.967760
1167.928618 1459.219158
1251.635332 1439.368755
1271.971260 1518.548724
1188.294046 1539.232141
