2597.676134 1975.233246
4141.837486 1929.487531
2510.020557 2769.634992
4514.836108 2748.509745
2675.197705 2029.904117
2829.611626 2025.548482
2828.068740 2120.117537
2668.566900 2124.258776
2916.249939 2023.104629
3072.445915 2018.698726
3078.982726 2113.602912
2917.578732 2117.793538
3160.086990 2016.226588
3318.096048 2011.769542
3332.903746 2107.010213
3169.563368 2111.251114
3406.757397 2009.268625
3566.611290 2004.759541
3589.886181 2100.338029
3424.574361 2104.630115
3656.310833 2002.229339
3818.042060 1997.667300
3849.985732 2093.584913
3682.666563 2097.929118
3908.798139 1995.107295
4072.439966 1990.491363
4113.259460 2086.749384
3943.896155 2091.146662
2664.538077 2181.587896
2827.131112 2177.588135
2825.416556 2282.679469
2657.172467 2286.398656
2918.386342 2175.343272
3082.956434 2171.294876
3090.225183 2276.825636
2919.863319 2280.591638
3175.324666 2169.022633
3341.908096 2164.924709
3358.384424 2270.897734
3185.864545 2274.711441
3435.409818 2162.624583
3604.043760 2158.476217
3629.958277 2264.894349
3455.239118 2268.756673
3698.699964 2156.147690
3869.422512 2151.947945
3905.012380 2258.814030
3728.051617 2262.725907
3965.254714 2149.590489
4138.104912 2145.338404
4183.614064 2252.655288
4004.368280 2256.617678
2652.684561 2350.260413
2824.371641 2346.726079
2822.455080 2464.198976
2644.454858 2467.366984
2920.763553 2344.741764
3094.656545 2341.162018
3102.787433 2459.209684
2922.414960 2462.419913
3192.290931 2339.152126
3368.432622 2335.526089
3386.876416 2454.153532
3204.083951 2457.406832
3467.333660 2333.490121
3645.767954 2329.816889
3674.798051 2449.029168
3489.536562 2452.326410
3745.960454 2327.754335
3926.732403 2324.032981
3966.630423 2443.835201
3778.849547 2447.177283
4028.241827 2321.943317
4211.397673 2318.172887
4262.453756 2438.570204
4072.101747 2441.958046
2639.424681 2538.945118
2821.283352 2536.018454
2819.126860 2668.197574
2630.169387 2670.645596
2923.424719 2534.374686
3107.760321 2531.408161
3116.916373 2664.339588
2925.283389 2666.822272
3211.297611 2529.741928
3398.161095 2526.734722
3418.947065 2660.426655
3224.581341 2662.944743
3503.123121 2525.045561
3692.566844 2521.996830
3725.310191 2656.457594
3528.152853 2659.011849
3798.983218 2520.284264
3991.060995 2517.193144
4036.099644 2652.431188
3836.090114 2655.022394
4098.962154 2515.456683
4293.729305 2512.322282
4351.412049 2648.346185
4148.487985 2650.975150
