2912 4368
1957.491355 633.779417
2597.607133 631.622163
1953.111711 1058.705840
2603.907685 1047.638262
1997.766911 671.618329
2058.672251 671.344515
2058.345022 725.874877
1997.307218 726.256262
2099.399263 671.161416
2159.908506 670.889383
2159.800316 725.240947
2099.160324 725.619847
2200.371080 670.707473
2260.488077 670.437203
2260.596093 724.611140
2200.350038 724.987579
2300.688781 670.256471
2360.417333 669.987947
2360.738765 723.985412
2300.882819 724.359414
2400.358701 669.808380
2459.702563 669.541586
2460.234657 723.363727
2400.765044 723.735314
2499.387095 669.363174
2558.349971 669.098092
2559.090015 722.746043
2500.003007 723.115240
1996.988226 764.170702
2058.117953 763.714399
2057.788322 818.644992
1996.525152 819.210446
2098.994521 763.409276
2159.725243 762.955951
2159.616262 817.705127
2098.753831 818.266883
2200.335437 762.652816
2260.671046 762.202441
2260.779851 816.771396
2200.314240 817.329488
2301.017461 761.901276
2360.961803 761.453821
2361.285569 815.843736
2301.212913 816.398202
2401.047001 761.154605
2460.603867 760.710042
2461.139816 814.922089
2401.456292 815.472963
2500.430377 760.412757
2559.603513 759.971058
2560.348901 814.006398
2501.050745 814.553715
1996.203810 857.404224
2057.559583 856.762751
2057.227524 912.097995
1995.737317 912.850224
2098.586810 856.333813
2159.540638 855.696542
2159.430856 910.847709
2098.344350 911.595000
2200.299533 855.270410
2260.855350 854.637300
2260.964951 909.605609
2200.278182 910.348010
2301.348538 854.213945
2361.510232 853.584958
2361.836360 908.371617
2301.545417 909.109175
2401.740300 853.164353
2461.511705 852.539445
2462.051551 907.145652
2402.152574 907.878415
2501.481211 852.121566
2560.866115 851.500698
2561.616905 905.927636
2502.106084 906.655652
1995.413600 951.326439
2056.997095 950.497071
2056.662582 1006.241456
1994.943651 1007.183213
2098.176098 949.942498
2159.354676 949.118585
2159.244085 1004.676184
2097.931847 1005.611736
2200.263366 948.567652
2261.041004 947.749137
2261.151410 1003.121200
2200.241858 1004.050607
2301.682035 947.201810
2362.062664 946.388642
2362.391180 1001.576402
2301.880360 1002.499725
2402.438653 945.844884
2462.426150 945.037010
2462.969934 1000.041690
2402.853942 1000.958989
2502.539682 944.496787
2562.137873 943.694156
2562.894124 998.516966
2503.169108 999.428299
