4368 2912
3527.679338 1448.244491
3909.911878 1440.210082
3488.508419 1671.837301
3879.969661 1665.407322
3544.611580 1464.625201
3584.778471 1463.794521
3579.322178 1496.312110
3539.018200 1497.119255
3604.742623 1463.381649
3645.007213 1462.548949
3639.756907 1495.101818
3599.354551 1495.910933
3665.019952 1462.135071
3705.382597 1461.300344
3700.339301 1493.888569
3659.838207 1494.699661
3725.444103 1460.885458
3765.905161 1460.048695
3761.069901 1492.672351
3720.469707 1493.485428
3786.015611 1459.632796
3826.575442 1458.793990
3821.949253 1491.453154
3781.249594 1492.268223
3846.735016 1458.377076
3887.393984 1457.536221
3882.977904 1490.230967
3842.178413 1491.048036
3536.123377 1513.936372
3576.498292 1513.141480
3570.983340 1546.008647
3530.469915 1546.779466
3596.565967 1512.746392
3637.039611 1511.949557
3631.732793 1544.852813
3591.119947 1545.625523
3657.156389 1511.553501
3697.729125 1510.754715
3692.631479 1543.694139
3651.918846 1544.468748
3717.895186 1510.357690
3758.567380 1509.556946
3753.679948 1542.532616
3712.867160 1543.309130
3778.782904 1509.158947
3819.554922 1508.356237
3814.878754 1541.368232
3773.965440 1542.146659
3839.820093 1507.957261
3880.692301 1507.152578
3876.228453 1540.200977
3835.214243 1540.981324
3527.543913 1563.777712
3568.129014 1563.019427
3562.554454 1596.241841
3521.829397 1596.975500
3588.301292 1562.642532
3628.986170 1561.882384
3623.621923 1595.141715
3582.796384 1595.877184
3649.208072 1561.504561
3689.993099 1560.742541
3684.840216 1594.038872
3643.913826 1594.776159
3710.264807 1560.363788
3751.150351 1559.599890
3746.209896 1592.933303
3705.182279 1593.672413
3771.472051 1559.220203
3812.458485 1558.454420
3807.731524 1591.824996
3766.602304 1592.565935
3832.830363 1558.073796
3873.918060 1557.306121
3869.405665 1590.713941
3828.174463 1591.456718
3518.871710 1614.157818
3559.669193 1613.436981
3554.034054 1647.020432
3513.095143 1647.716076
3579.947168 1613.078696
3620.845495 1612.356078
3615.422880 1645.977298
3574.382412 1646.674668
3641.173624 1611.996907
3682.173171 1611.272500
3676.964153 1644.931572
3635.821749 1645.630674
3702.551641 1610.912439
3743.652782 1610.186238
3738.658438 1643.883246
3697.413719 1644.584087
3764.081780 1609.825285
3805.284895 1609.097282
3800.506309 1642.832311
3759.158891 1643.534897
3825.764610 1608.735432
3867.070077 1608.005620
3862.508338 1641.778757
3821.057839 1642.483094
