4368 2912
695.239765 1801.268366
1670.934028 1737.915326
716.447731 2442.505219
1736.270446 2344.259890
754.361527 1849.469603
855.943477 1842.624211
859.909551 1928.408155
757.691689 1935.724616
913.708081 1838.731576
1013.731894 1831.991183
1018.672868 1917.044334
918.032873 1924.247855
1070.613853 1828.158029
1169.115106 1821.520238
1175.000815 1905.854829
1075.902432 1912.948007
1225.134496 1817.745210
1322.147692 1811.207696
1328.949001 1894.835661
1231.357079 1901.821010
1377.323984 1807.489483
1472.882591 1801.049991
1480.571356 1883.982969
1384.451803 1890.862931
1527.234677 1797.387318
1621.371165 1791.043661
1629.920193 1873.293009
1535.239937 1880.069949
759.684759 1987.347419
862.283090 1979.746423
866.331282 2067.306498
763.084219 2075.397312
920.621014 1975.424458
1021.629611 1967.941237
1026.672086 2054.741611
925.035094 2062.706255
1079.067097 1963.685982
1178.522625 1956.317820
1184.528303 2042.371425
1084.464010 2050.212826
1235.080360 1952.127740
1333.018364 1944.872004
1339.957237 2030.191449
1241.429422 2037.912446
1388.716407 1940.745615
1485.171357 1933.599751
1493.014449 2018.197331
1395.987990 2025.800676
1540.029160 1929.535611
1635.034490 1922.497142
1643.753810 2006.384848
1548.194653 2013.873210
765.118979 2128.099944
868.754218 2119.713231
872.887103 2209.105175
768.589921 2218.001331
927.676945 2114.944892
1029.689881 2106.689465
1034.837018 2195.291459
932.183106 2204.047450
1087.693835 2101.995478
1188.122267 2093.868277
1194.251621 2181.693996
1093.202443 2190.313109
1245.228767 2089.246916
1344.109328 2081.244978
1351.189982 2168.307747
1251.708205 2176.793167
1400.339046 2076.694571
1497.707244 2068.815020
1505.709356 2155.127828
1407.758789 2163.482642
1553.080217 2064.333946
1648.970490 2056.573997
1657.865241 2142.149506
1561.410803 2150.376706
770.667694 2271.818031
875.360996 2262.614081
879.581262 2353.895989
774.212399 2363.629929
934.880356 2257.381530
1037.917777 2248.323155
1043.172867 2338.783450
939.481509 2348.362424
1096.499460 2243.173037
1197.919977 2234.256810
1204.176867 2323.909953
1102.123269 2333.337631
1255.585970 2229.187195
1355.427346 2220.409796
1362.654173 2309.269872
1262.199838 2318.549810
1412.198951 2215.418809
1510.497782 2206.777020
1518.663799 2294.857753
1419.771428 2303.993398
1566.395647 2201.862846
1663.187408 2193.353548
1672.262939 2280.668316
1574.896382 2289.663005
