2912 4368
2266.018092 3108.306415
2687.092827 3201.086321
2174.725053 3413.018648
2599.451817 3541.452270
2284.007789 3143.269149
2318.287231 3151.055803
2307.388603 3188.241118
2273.081159 3180.113195
2344.976882 3157.118419
2380.303451 3165.142931
2369.460666 3202.946875
2334.101469 3194.569778
2407.814653 3171.392164
2444.237072 3179.665601
2433.458845 3218.108957
2396.998779 3209.471047
2472.608351 3186.110202
2510.178415 3194.644329
2499.474204 3233.748937
2461.861044 3224.837843
2539.450743 3201.293605
2578.223560 3210.100940
2567.603641 3249.889772
2528.781808 3240.692326
2608.440553 3216.964800
2648.474819 3226.058677
2637.950360 3266.555913
2597.860643 3257.058087
2264.409207 3209.354582
2298.738415 3217.754927
2287.701033 3255.413664
2253.344650 3246.663714
2325.469349 3224.295976
2360.853970 3232.954581
2349.871015 3271.247234
2314.454559 3262.227303
2388.413075 3239.698284
2424.902540 3248.627242
2413.982798 3287.575347
2377.456437 3278.272743
2453.328909 3255.583165
2490.975786 3264.795343
2480.128799 3304.421537
2442.439529 3294.822762
2520.311011 3271.973661
2559.171252 3281.482749
2548.407395 3321.810862
2509.498783 3311.901541
2589.459628 3288.894303
2629.592855 3298.714890
2618.923411 3339.770016
2578.735311 3329.534834
2244.562885 3276.275385
2278.940364 3285.304425
2267.761560 3323.445684
2233.357771 3314.058466
2305.711454 3292.335692
2341.152695 3301.644121
2330.026835 3340.435023
2294.554591 3330.756274
2368.758630 3308.894654
2405.313782 3318.495647
2394.249720 3357.958505
2357.658463 3347.974428
2433.794231 3325.975866
2471.516648 3335.883433
2460.524009 3376.041721
2422.759941 3365.737638
2500.913833 3343.604428
2539.860330 3353.833492
2528.949588 3394.711926
2489.955405 3384.072200
2570.219236 3361.807077
2610.450376 3372.373545
2599.632931 3413.998170
2559.347535 3403.006132
2224.464093 3344.047502
2258.888280 3353.720665
2247.565318 3392.353780
2213.115728 3382.313619
2285.698349 3361.254269
2321.194706 3371.228712
2309.923133 3410.527651
2274.396646 3400.173635
2348.846343 3378.998796
2385.465752 3389.288815
2374.254488 3429.276702
2337.599809 3418.593880
2413.999213 3397.306691
2451.795827 3407.927504
2440.654584 3448.628676
2402.817103 3437.601132
2481.253978 3416.205217
2520.285490 3427.173035
2509.224836 3468.613131
2470.146365 3457.223906
2550.714019 3435.723423
2591.041952 3447.055534
2580.073404 3489.261590
2539.691874 3477.492596
