4368 2912
655.229244 1030.877092
1524.945703 1035.154167
614.152374 1650.980104
1484.706926 1672.861561
702.407305 1084.007064
785.367420 1084.547655
779.807534 1169.152005
696.837163 1168.385419
836.056167 1084.877957
919.733972 1085.423223
914.190983 1170.393612
830.502614 1169.620391
970.862180 1085.756389
1055.267028 1086.306394
1049.741439 1171.646001
965.325713 1170.866059
1106.840435 1086.642460
1191.981844 1087.197265
1186.474171 1172.909312
1101.321562 1172.122563
1244.006291 1087.536271
1329.893944 1088.095938
1324.404712 1174.183691
1238.505530 1173.390045
1382.375373 1088.437921
1469.019125 1089.002515
1463.548873 1175.469283
1376.893257 1174.668647
693.336733 1221.411084
776.313545 1222.319762
770.748164 1307.007727
687.761100 1305.872607
827.012602 1222.874967
910.707605 1223.791510
905.159114 1308.846238
821.453551 1307.701289
961.846431 1224.351531
1046.268989 1225.276041
1040.737892 1310.700722
956.304459 1309.545818
1097.853328 1225.840941
1183.012971 1226.773524
1177.499784 1312.571390
1092.328944 1311.406399
1235.048673 1227.343367
1320.955095 1228.284127
1315.460343 1314.458453
1229.542396 1313.283243
1373.448108 1228.858978
1460.111176 1229.808025
1454.635399 1316.362128
1367.960470 1315.176564
684.257220 1358.950549
767.250721 1360.228042
761.679837 1444.999746
678.676089 1443.495364
817.960084 1361.008595
901.672278 1362.297151
896.118277 1447.436343
812.395527 1445.918930
952.821716 1363.084478
1037.261979 1364.384240
1031.725365 1449.894122
947.274233 1448.363507
1088.857247 1365.178430
1174.035117 1366.489546
1168.516407 1452.373359
1083.327344 1450.829369
1226.082069 1367.290688
1312.007255 1368.613308
1306.506975 1454.874336
1220.570268 1453.316796
1364.511849 1369.421494
1451.194229 1370.755769
1445.712918 1457.397341
1359.018681 1455.826072
675.168751 1496.625663
758.178936 1498.272697
752.602540 1583.128265
669.582113 1581.253892
808.898599 1499.279045
892.627976 1500.940351
887.068457 1586.164134
803.328528 1584.273517
943.788025 1501.955436
1028.245984 1503.631196
1022.703846 1589.226407
938.235019 1587.319335
1079.852177 1504.655134
1165.048270 1506.345541
1159.524027 1592.315430
1074.316747 1590.391684
1217.106470 1507.378447
1303.050413 1509.083692
1297.544596 1595.431554
1211.589134 1593.490916
1355.566584 1510.125685
1442.268269 1511.845964
1436.781417 1598.575138
1350.067877 1596.617385
