4368 2912
3193.058508 186.704589
3752.869384 183.296433
3355.725528 644.147134
3940.368260 592.490230
3241.162805 223.834821
3300.972175 223.088498
3322.794253 281.406755
3262.583753 282.782156
3336.054320 222.650729
3393.910648 221.928777
3416.329654 279.270107
3358.105498 280.600132
3427.856500 221.505188
3483.853911 220.806432
3506.820040 277.203016
3450.485530 278.489877
3516.717796 220.396344
3570.944463 219.719683
3594.411724 275.202142
3539.876339 276.447904
3602.777296 219.322461
3655.315901 218.666865
3679.241794 273.264351
3626.420701 274.470954
3686.165455 218.281914
3737.093613 217.646413
3761.438824 271.386707
3710.252444 272.555968
3276.007035 319.721079
3336.466443 317.944904
3359.042960 378.279358
3298.176605 380.728514
3371.919771 316.903358
3430.371917 315.186153
3453.552915 374.476441
3394.728448 376.843436
3464.657898 314.178901
3521.201112 312.517777
3544.934872 370.799389
3488.051239 373.088288
3554.376467 311.543153
3609.102758 309.935406
3633.341593 367.242056
3578.304300 369.456661
3641.220588 308.991849
3694.216146 307.434948
3718.916054 363.798688
3665.636645 365.942559
3725.326227 306.520997
3776.671875 305.012567
3801.792211 360.463895
3750.187792 362.540368
3312.073133 418.969739
3373.191942 416.091704
3396.562709 478.548748
3335.031268 482.147189
3409.021369 414.404526
3468.076539 411.623668
3492.059051 472.963993
3432.627261 476.439644
3502.706356 409.992978
3559.800666 407.304455
3584.341199 467.567209
3526.903395 470.926249
3593.290126 405.727463
3648.519643 403.126751
3673.568740 462.349062
3618.026230 465.597263
3680.924160 401.600850
3734.378775 399.083716
3759.890873 457.300828
3706.151370 460.443586
3765.750230 397.606460
3817.514150 395.168940
3843.447229 452.414339
3791.424344 455.456708
3349.426515 521.760820
3411.213865 517.703127
3435.421546 582.396774
3373.216050 587.226160
3447.424147 515.325128
3507.089216 511.406808
3531.915541 574.905365
3471.869793 579.567077
3542.066355 509.109793
3599.716641 505.323788
3625.105792 567.670446
3567.109234 572.173068
3633.522572 503.103689
3689.258434 499.443408
3715.159111 560.679067
3659.108606 565.030604
3721.951014 497.296424
3775.866252 493.755707
3802.231269 553.919131
3748.030485 558.127064
3807.499590 491.678285
3859.681975 488.251369
3886.467889 547.379338
3834.026749 551.450657
