4368 2912
319.602539 1439.474472
947.181173 1401.272880
308.044508 1842.961670
964.453807 1769.987574
357.246040 1470.560753
423.205401 1466.280436
422.404559 1519.063459
356.022919 1523.810819
462.032359 1463.760829
526.287767 1459.591088
526.133103 1511.645190
461.476875 1516.269155
564.118139 1457.136152
626.734779 1453.072755
627.193627 1504.417728
564.196407 1508.923048
663.606449 1450.680033
724.646223 1446.718964
725.687765 1497.373805
664.286505 1501.764988
760.595177 1444.386120
820.116909 1440.523562
821.712046 1490.506516
761.846861 1494.787844
855.177357 1438.248376
913.236982 1434.480699
915.358224 1483.809300
856.972183 1487.984846
355.261741 1556.949664
421.906216 1551.908892
421.089003 1605.770893
354.013407 1611.297443
461.131231 1548.942039
526.036871 1544.032786
525.879086 1597.136938
460.564449 1602.518398
564.245101 1541.142839
627.479082 1536.360025
627.947068 1588.727265
564.324940 1593.969274
664.709557 1533.544032
726.335640 1528.882835
727.397652 1580.533246
665.403090 1585.641156
762.625415 1526.137994
822.704155 1521.593832
824.330245 1572.546693
763.901583 1577.525583
858.088440 1518.917479
916.677392 1514.486001
918.839281 1564.759823
859.917930 1569.614521
353.236457 1645.122957
420.580421 1639.291190
419.746330 1694.265596
351.962121 1700.602744
460.211737 1635.859248
525.780905 1630.181172
525.619905 1684.367471
459.633309 1690.536560
564.374618 1626.839084
628.238235 1621.308703
628.715630 1674.729047
564.456075 1680.736675
665.834565 1618.052984
728.058323 1612.664610
729.141415 1665.340235
666.541975 1671.192660
764.695440 1609.491956
825.341699 1604.240188
826.999652 1656.191464
765.996816 1661.894622
861.055849 1601.147460
920.183848 1596.027169
922.387563 1647.273644
862.921017 1652.833175
351.168903 1735.136493
419.227190 1728.481772
418.375693 1784.603403
349.867746 1791.784028
459.273312 1724.566073
525.519712 1718.088518
525.355397 1773.390379
458.682874 1780.378625
564.506765 1714.276374
629.012682 1707.969003
629.499776 1762.474538
564.589891 1769.278036
666.982128 1704.256361
729.815265 1698.112554
730.920072 1751.844222
667.703839 1758.470199
766.806432 1694.495567
828.031022 1688.509044
829.721784 1741.488370
768.133771 1747.943687
864.081238 1684.984063
923.758270 1679.148858
926.005036 1731.396490
865.983137 1737.687655
