4368 2912
3412.476017 2156.613625
4186.178586 2247.371044
3376.618021 2659.157703
4222.183953 2789.967645
3453.726448 2202.988953
3526.427076 2211.729103
3523.268401 2276.969026
3449.752967 2267.780936
3571.034948 2217.091910
3644.987985 2225.982626
3643.177233 2291.955444
3568.380637 2282.607233
3690.367633 2231.438217
3765.605725 2240.483423
3765.190623 2307.204893
3689.079081 2297.692338
3811.777354 2246.034227
3888.334285 2255.237986
3889.364468 2322.724360
3811.902998 2313.043088
3935.318811 2260.886517
4013.229567 2270.253034
4015.756662 2338.521080
3936.909029 2328.666563
4061.048648 2276.001897
4140.349458 2285.535527
4144.427188 2354.602550
4064.155846 2344.570096
3447.210332 2309.241397
3521.246961 2318.720275
3517.967300 2386.459057
3443.085487 2376.501546
3566.681869 2324.537287
3642.018228 2334.182569
3640.137502 2402.704804
3563.925552 2392.570417
3688.254268 2340.102150
3764.924886 2349.918256
3764.493599 2419.241223
3686.915754 2408.925205
3811.983437 2355.943142
3890.024075 2365.934652
3891.094789 2436.076188
3812.113996 2425.573610
3937.927280 2372.067679
4017.374993 2382.239336
4020.002422 2453.217854
3939.580277 2442.523611
4066.145799 2388.483442
4147.038985 2398.840161
4151.280108 2470.674682
4069.376793 2459.783477
3440.445065 2419.556540
3515.867686 2429.824913
3512.459954 2500.208923
3436.160039 2489.428623
3562.160867 2436.127474
3638.933272 2446.579613
3636.978436 2517.801950
3559.296546 2506.826394
3686.058648 2452.995473
3764.217399 2463.636354
3763.768962 2535.715992
3684.667208 2524.539825
3812.197613 2470.168595
3891.780604 2481.003380
3892.894289 2553.959914
3812.333382 2542.577585
3940.639129 2487.655198
4021.685648 2498.689234
4024.419508 2572.542913
3942.358700 2560.948665
4071.446824 2505.463943
4153.997614 2516.702777
4158.412152 2591.474530
4074.809160 2579.662391
3433.416078 2534.171938
3510.277543 2545.284892
3506.734087 2618.472158
3428.961355 2606.811110
3557.462032 2552.107024
3635.726284 2563.422797
3633.692870 2637.508038
3554.483234 2625.631545
3683.775873 2570.370009
3763.481668 2581.894208
3763.015037 2656.898278
3682.328306 2644.800313
3812.420370 2588.969970
3893.607907 2600.708405
3894.767203 2676.652866
3812.561667 2664.327175
3943.460627 2607.916321
4026.171613 2619.875022
4029.018504 2696.782169
3945.250875 2684.222261
4076.964202 2627.218828
4161.241920 2639.404054
4165.840731 2717.296948
4080.466056 2704.496084
