4368 2912
3605.561575 1596.970614
3849.460577 1611.185027
3624.803356 1765.838522
3878.298998 1773.250559
3623.732035 1613.428053
3646.590228 1614.704095
3649.144439 1635.172421
3626.172236 1633.971424
3663.037814 1615.622270
3685.585761 1616.880993
3688.332184 1637.221171
3665.673448 1636.036563
3701.810866 1617.786748
3724.054842 1619.028502
3726.988054 1639.242115
3704.636413 1638.073562
3740.061948 1619.922088
3762.008056 1621.147214
3765.122806 1641.235814
3743.072058 1640.082993
3777.801529 1622.028872
3799.455715 1623.237702
3802.746906 1643.202817
3780.991016 1642.065411
3815.039802 1624.107673
3836.407849 1625.300529
3839.870543 1645.143655
3818.403637 1644.021357
3628.009120 1649.435643
3651.067073 1650.579564
3653.670120 1671.439233
3630.496166 1670.373386
3667.657317 1651.402618
3690.399368 1652.530867
3693.197938 1673.257251
3670.343195 1672.206084
3706.763096 1653.342683
3729.195693 1654.455579
3732.184217 1675.050361
3709.642137 1674.013574
3745.337512 1655.256386
3767.466927 1656.354242
3770.640011 1676.819072
3748.404221 1675.796373
3783.391322 1657.144262
3805.223662 1658.227380
3808.576075 1678.563879
3786.640374 1677.554983
3820.934996 1659.006830
3842.476201 1660.075505
3846.002873 1680.285263
3824.361227 1679.289891
3632.368483 1686.135900
3655.629690 1687.142367
3658.282985 1708.404712
3634.903735 1707.479478
3672.365066 1687.866475
3695.304559 1688.859022
3698.156774 1709.982716
3675.102640 1709.070349
3711.809274 1689.573149
3734.433681 1690.552063
3737.479096 1711.538896
3714.743344 1710.639129
3750.712472 1691.256415
3773.028241 1692.221975
3776.261313 1713.073703
3753.837391 1712.186277
3789.085715 1692.916751
3811.099118 1693.869228
3814.514477 1714.587571
3792.396014 1713.712233
3826.939758 1694.554622
3848.656899 1695.494281
3852.249340 1716.080928
3830.430137 1715.217433
3636.812520 1723.549003
3660.280565 1724.412447
3662.985580 1746.089240
3639.397394 1745.310332
3677.163614 1725.033614
3700.303972 1725.885001
3703.211392 1747.417542
3679.954391 1746.649570
3716.952100 1726.497526
3739.771587 1727.337107
3742.875534 1748.727296
3719.942790 1747.970031
3756.189665 1727.941166
3778.694908 1728.769187
3781.989687 1750.018888
3759.374467 1749.272109
3794.887671 1729.364957
3817.085116 1730.181653
3820.565211 1751.292695
3798.260966 1750.556185
3833.057172 1730.769302
3854.953092 1731.574904
3858.613157 1752.549082
3836.613517 1751.822629
