2912 4368
1264.608528 3362.696693
1833.865664 3301.581298
1314.357062 3813.910343
1919.679276 3726.400083
1303.868526 3396.703818
1361.260226 3390.371518
1368.510803 3447.865883
1310.636305 3454.525984
1396.604593 3386.471806
1453.139854 3380.234002
1461.153268 3437.204744
1404.150089 3443.764575
1487.958749 3376.392268
1543.656599 3370.246859
1552.409401 3426.703142
1496.258009 3433.164950
1577.961656 3366.461820
1632.840564 3360.406770
1642.310089 3416.357521
1586.991532 3422.723488
1666.643072 3356.677178
1720.720968 3350.710507
1730.885307 3406.164433
1676.381194 3412.436675
1754.031891 3347.035154
1807.326186 3341.154942
1818.164155 3396.120530
1764.456632 3402.301102
1315.034734 3492.105020
1373.222679 3485.229300
1380.690321 3544.444908
1322.006096 3551.666540
1409.053413 3480.995397
1466.360309 3474.223786
1474.611786 3532.887009
1416.824135 3539.998311
1501.650562 3470.053749
1558.096270 3463.383898
1567.107119 3521.504609
1510.195652 3528.508087
1592.858179 3459.276292
1648.461965 3452.705927
1658.208560 3510.293740
1602.153498 3517.191830
1682.707308 3448.659361
1737.487872 3442.186270
1747.947378 3499.250554
1692.729537 3506.045616
1771.228077 3438.199393
1825.203565 3431.821434
1836.353921 3488.371316
1781.954682 3495.065643
1326.537834 3590.384547
1385.544321 3582.935316
1393.238923 3643.950634
1333.722105 3651.765102
1421.874918 3578.348785
1479.974672 3571.014024
1488.474979 3631.446285
1429.881105 3639.139572
1515.749127 3566.497704
1572.962889 3559.274794
1582.243369 3619.134638
1524.551136 3626.709541
1608.193876 3554.827084
1664.541758 3547.713487
1674.577761 3607.011274
1617.766517 3614.470504
1699.241567 3543.332834
1754.743079 3536.326086
1765.510800 3595.071905
1709.560517 3602.418091
1788.923632 3532.010986
1843.597701 3525.108699
1855.074148 3583.312374
1799.965403 3590.548067
1338.393307 3691.674655
1398.241576 3683.619804
1406.173646 3746.518145
1345.800390 3754.958867
1435.086100 3678.660977
1494.000814 3670.731772
1502.761379 3733.014315
1443.338617 3741.322149
1530.272845 3665.849996
1588.275678 3658.043519
1597.838074 3719.721742
1539.343536 3727.899803
1623.988457 3653.237011
1681.100417 3645.550434
1691.438913 3706.635506
1633.851018 3714.686810
1716.266780 3640.817468
1772.508235 3633.248050
1783.597997 3693.750841
1726.895827 3701.678313
1807.140626 3628.586950
1862.531329 3621.132034
1874.348382 3681.063125
1818.511661 3688.869598
