4368 2912
3205.718326 2061.170637
3935.315846 2023.074600
3290.338222 2641.224412
4087.389298 2577.942794
3256.696175 2106.292896
3330.277591 2102.292880
3342.605574 2175.678528
3268.142596 2179.981827
3374.799126 2099.872610
3447.582415 2095.915982
3461.302680 2168.818889
3387.657432 2173.074931
3491.622341 2093.521894
3563.620421 2089.607950
3578.702062 2162.034247
3505.861147 2166.243805
3607.186507 2087.239620
3678.412016 2083.367676
3694.824887 2155.323379
3622.775200 2159.487211
3721.511871 2081.024691
3791.977177 2077.194072
3809.691863 2148.685087
3738.420581 2152.803935
3834.618245 2074.876028
3904.335453 2071.086077
3923.323253 2142.118202
3852.817831 2146.192789
3275.480472 2227.221073
3350.508035 2222.720060
3363.350903 2299.170692
3287.406646 2303.998532
3395.899489 2219.996960
3470.096638 2215.545766
3484.386708 2291.476346
3409.293680 2296.250073
3514.987081 2212.852722
3588.367525 2208.450522
3604.072003 2283.867854
3529.815971 2288.588371
3632.765205 2205.787041
3705.342356 2201.433032
3722.429264 2276.343785
3648.996313 2281.011978
3749.255343 2198.798627
3821.042318 2194.492022
3839.480475 2268.902744
3766.856995 2273.519478
3864.478506 2191.886222
3935.488140 2187.626251
3955.247135 2261.543362
3883.419814 2266.109484
3295.055323 2353.238632
3371.586887 2348.197615
3384.977583 2427.909339
3307.492058 2433.302945
3417.882842 2345.148171
3493.549704 2340.164111
3508.445827 2419.314971
3431.847130 2424.646846
3539.324051 2337.149024
3614.140780 2332.220960
3630.507489 2410.818513
3554.780481 2416.089712
3659.402285 2329.239654
3733.383130 2324.366649
3751.186469 2402.418301
3676.316354 2407.629854
3778.140364 2321.418559
3851.299254 2316.599694
3870.506126 2394.112708
3796.478443 2399.265621
3895.560597 2313.684267
3967.911157 2308.918646
3988.489302 2385.900145
3915.289910 2390.995402
3315.471710 2484.673767
3393.568661 2479.050047
3407.542999 2562.236061
3328.452508 2568.240611
3440.805796 2475.648525
3518.001587 2470.089696
3533.543153 2552.670131
3455.377369 2558.604477
3564.695223 2466.727311
3641.005362 2461.232258
3658.077091 2543.215516
3580.819888 2549.080882
3687.164824 2457.908339
3762.604466 2452.475970
3781.170255 2533.870285
3704.805885 2539.667866
3808.238869 2449.189860
3882.822824 2443.819108
3902.847506 2524.632549
3827.360579 2530.363516
3927.941077 2440.570166
4001.683823 2435.259989
4023.133134 2515.500466
3948.508614 2521.165959
