4368 2912
2928.622280 1546.848813
3544.729409 1506.880512
2849.398743 1892.984563
3490.492355 1863.995836
2955.232665 1571.437084
3017.243873 1567.505219
3006.729308 1616.228274
2944.381842 1620.012944
3050.182423 1565.416727
3112.860825 1561.442557
3102.869889 1610.392264
3039.847536 1614.217902
3146.154723 1559.331534
3209.511144 1555.314374
3200.055840 1604.492799
3136.347582 1608.360073
3243.166173 1553.180453
3307.211674 1549.119602
3298.304303 1598.528836
3233.898881 1602.438429
3341.233742 1546.962409
3405.979627 1542.857149
3397.632798 1592.499311
3332.518705 1596.451923
3440.374770 1540.676300
3505.832591 1536.525900
3498.059234 1586.403139
3432.224709 1590.399483
2938.389935 1646.836902
3000.922895 1643.134394
2990.209698 1692.777880
2927.334854 1696.327159
3034.140247 1641.167630
3097.352361 1637.424910
3087.171654 1687.304387
3023.609755 1690.892450
3130.931458 1635.436729
3194.833850 1631.653138
3185.197961 1681.770811
3120.937682 1685.398298
3228.780634 1629.643186
3293.384672 1625.818051
3284.306240 1676.176158
3219.336011 1679.843721
3327.705218 1623.785969
3393.022522 1619.918602
3384.514507 1670.519411
3318.822494 1674.227719
3427.723034 1617.864022
3493.765482 1613.953721
3485.841174 1664.799530
3419.415284 1668.549266
2921.229622 1723.658440
2984.293076 1720.194696
2973.375565 1770.784945
2909.964462 1774.089159
3017.793932 1718.354669
3081.548823 1714.852948
3071.172885 1765.688938
3007.062229 1769.029606
3115.417996 1712.992692
3179.875758 1709.452365
3170.054060 1760.536456
3105.232209 1763.914182
3214.119356 1707.571544
3279.291675 1703.991970
3270.037208 1755.326551
3204.492261 1758.741956
3313.915942 1702.090241
3379.814768 1698.470765
3371.140852 1750.058261
3304.860644 1753.511978
3414.826085 1696.547777
3481.463635 1692.887726
3473.383935 1744.730596
3406.356024 1748.223274
2903.742659 1801.942291
2967.345566 1798.727133
2956.217840 1850.291489
2892.261374 1853.340537
3001.134748 1797.019074
3065.441710 1793.768326
3054.864873 1845.588611
2990.196011 1848.671621
3099.605961 1792.041306
3164.628734 1788.754374
3154.615801 1840.833106
3089.222574 1843.950649
3199.174332 1787.008077
3264.924935 1783.684352
3255.489261 1836.024085
3189.359428 1839.176745
3299.858302 1781.918453
3366.349024 1778.557315
3357.504305 1831.160641
3290.625352 1834.349014
3401.676725 1776.771483
3468.920133 1773.372296
3460.680425 1826.241844
3393.039548 1829.466540
