4368 2912
3753.291568 1638.905349
4117.897593 1658.449400
3735.020237 1843.721027
4111.677709 1869.667638
3770.409099 1655.007051
3808.479789 1657.090145
3806.117962 1687.063574
3767.871961 1684.887555
3827.061380 1658.106865
3865.446177 1660.207146
3863.348560 1690.319729
3824.785486 1688.125669
3884.181396 1661.232272
3922.884205 1663.349954
3921.055273 1693.602972
3882.171166 1691.390647
3941.774964 1664.383591
3980.799753 1666.518890
3979.244067 1696.913644
3940.034902 1694.682825
3999.847996 1667.561144
4039.198801 1669.714282
4037.921008 1700.252089
3998.382692 1698.002543
4058.406507 1670.765260
4098.087429 1672.936462
4097.092265 1703.618658
4057.220634 1701.350148
3766.583212 1700.065462
3804.918239 1702.288985
3802.522087 1732.698026
3764.009304 1730.379014
3823.629404 1703.374278
3862.283015 1705.616281
3860.154785 1736.168325
3821.320388 1733.829947
3881.150002 1706.710612
3920.126186 1708.971324
3918.270452 1739.667706
3879.110395 1737.309719
3939.150952 1710.074806
3978.453764 1712.354464
3976.875183 1743.196535
3937.385355 1740.818691
3997.638296 1713.467213
4037.271858 1715.766055
4035.975181 1746.755187
3996.151395 1744.357234
4056.618176 1716.888188
4096.586682 1719.206458
4095.576748 1750.344039
4055.414752 1747.925722
3762.701810 1745.777688
3801.304866 1748.145517
3798.873635 1778.999734
3760.090327 1776.533771
3820.147419 1749.301279
3859.073632 1751.688930
3856.914115 1782.690127
3817.804555 1780.203421
3878.074254 1752.854388
3917.327699 1755.262110
3915.444567 1786.411673
3876.004621 1783.903960
3936.488384 1756.437386
3976.073206 1758.865435
3974.471222 1790.164770
3934.696685 1787.635782
3995.395988 1760.050652
4035.316401 1762.499286
4034.000417 1793.949820
3993.887013 1791.399286
4054.803344 1763.694573
4095.063632 1766.164053
4094.038597 1797.767233
4053.581977 1795.194876
3758.763676 1792.158066
3797.638528 1794.674201
3795.171443 1825.983443
3756.113789 1823.366441
3816.614327 1795.902391
3855.817010 1798.439745
3853.625509 1829.900072
3814.236863 1827.260894
3874.953168 1799.678314
3914.487845 1802.237156
3912.576705 1833.850011
3872.852841 1831.188371
3933.786406 1803.486236
3973.657311 1806.066840
3972.031398 1837.833687
3931.968020 1835.149298
3993.120349 1807.326565
4033.331791 1809.929211
4031.996067 1841.851531
3991.588803 1839.144102
4052.961418 1811.199719
4093.517780 1813.824689
4092.477301 1845.903988
4051.721704 1843.173219
