4368 2912
539.139624 1811.035587
1797.117838 1652.703457
647.591814 2696.784954
1979.503779 2456.857278
634.452023 1879.815133
756.914929 1863.843639
771.720214 1969.367351
648.321963 1986.268507
842.861978 1852.634507
962.271948 1837.061174
978.610692 1941.030741
858.314391 1957.507041
1046.089667 1826.129748
1162.559458 1810.939871
1180.351560 1913.399444
1063.041698 1929.466708
1244.326009 1800.275956
1357.962891 1785.455542
1377.132718 1886.447451
1262.699449 1902.120723
1437.752657 1775.049438
1548.658744 1760.585174
1569.134843 1860.150014
1457.473643 1875.443612
1626.542554 1750.427642
1734.815113 1736.306839
1756.529942 1834.483575
1647.541291 1849.411130
658.622658 2065.327523
782.714345 2047.727308
797.962477 2156.407379
672.910641 2174.989430
869.788181 2035.377423
990.741301 2018.222359
1007.562491 2125.261909
885.700316 2143.369993
1075.626689 2006.182866
1193.558826 1989.456276
1211.869635 2094.902932
1093.076621 2112.554955
1276.337246 1977.715618
1391.360184 1961.401647
1411.081894 2065.301027
1295.243537 2082.514003
1472.109119 1949.948837
1584.329192 1934.032401
1605.387500 2036.428226
1492.394922 2053.218334
1663.122376 1922.856980
1772.640801 1907.323725
1794.965527 2008.257919
1684.715133 2024.640553
683.524157 2256.449376
809.287933 2237.128828
824.999081 2349.109020
698.249373 2369.467095
897.518014 2223.574418
1020.053949 2204.749748
1037.379273 2314.997290
913.910695 2334.828361
1106.033979 2191.541005
1225.464766 2173.193365
1244.317300 2281.759660
1124.004075 2301.083931
1309.279732 2160.317232
1425.721922 2142.428717
1446.019696 2249.362959
1328.742395 2268.199611
1507.452583 2129.872786
1621.016969 2112.426377
1642.682675 2217.775670
1528.327819 2236.142930
1700.740118 2100.178851
1811.532081 2083.158357
1834.492767 2186.967834
1722.952464 2204.883030
709.190179 2453.439026
836.671067 2432.300341
852.866647 2547.733286
724.373009 2569.968985
926.087999 2417.473363
1050.247925 2396.885355
1068.100390 2510.487298
942.983329 2532.138682
1137.350574 2382.442128
1258.317636 2362.383555
1277.736297 2474.210009
1155.864445 2495.299814
1343.194702 2348.309371
1461.090497 2328.760072
1481.989947 2438.864114
1363.238663 2459.413908
1543.826199 2315.040965
1658.766225 2295.981787
1681.065992 2404.414200
1565.316937 2424.444461
1739.440592 2282.604487
1851.534629 2264.017227
1875.158838 2370.826622
1762.299583 2390.356806
