4368 2912
1371.582091 1277.304678
1506.980237 1275.527462
1374.313383 1363.591761
1518.960107 1355.081352
1384.384507 1287.394833
1393.799117 1287.226520
1394.154322 1294.386148
1384.680283 1294.593308
1406.238829 1287.004125
1415.427616 1286.839849
1415.916917 1293.910287
1406.671575 1294.112446
1427.570722 1286.622756
1436.541715 1286.462374
1437.158649 1293.445814
1428.133822 1293.643151
1448.398697 1286.250397
1457.159548 1286.093772
1457.897996 1292.992327
1449.085888 1293.185013
1468.740401 1285.886731
1477.298409 1285.733733
1478.152574 1292.549440
1469.545751 1292.737637
1488.612668 1285.531458
1496.974797 1285.381961
1497.939182 1292.116785
1489.530554 1292.300648
1385.102416 1304.867011
1394.661232 1304.603567
1395.027731 1311.990829
1385.407646 1312.295586
1407.289073 1304.255541
1416.615060 1303.998514
1417.119725 1311.290972
1407.735479 1311.588258
1428.937177 1303.658913
1438.038738 1303.408072
1438.674808 1310.608124
1429.517835 1310.898209
1450.066102 1303.076594
1458.951243 1302.831718
1459.712320 1309.941671
1450.774461 1310.224816
1470.694304 1302.508076
1479.370652 1302.268953
1480.250680 1309.291032
1471.524164 1309.567481
1490.839373 1301.952872
1499.314203 1301.719304
1500.307445 1308.655649
1491.784863 1308.925638
1385.843382 1322.900339
1395.550887 1322.535708
1395.929226 1330.161635
1386.158527 1330.570227
1408.372626 1322.054101
1417.839964 1321.698492
1418.360729 1329.223595
1408.833351 1329.622011
1430.346437 1321.228727
1439.582410 1320.881808
1440.238521 1328.308709
1430.945486 1328.697325
1451.785103 1320.423454
1460.798092 1320.084910
1461.582854 1327.416131
1452.515623 1327.795305
1472.707940 1319.637556
1481.505922 1319.307089
1482.413006 1326.545056
1473.563446 1326.915127
1493.133342 1318.870343
1501.723921 1318.547666
1502.747334 1325.694715
1494.107701 1326.056007
1386.608533 1341.522292
1396.469422 1341.049972
1396.860185 1348.926320
1386.934085 1349.445444
1409.491099 1340.426256
1419.104130 1339.965809
1419.641778 1347.734869
1409.966842 1348.240857
1431.800544 1339.357673
1441.174945 1338.908655
1441.852058 1346.573297
1432.418873 1347.066642
1453.558132 1338.315522
1462.702681 1337.877514
1463.512252 1345.440494
1454.311869 1345.921663
1474.784091 1337.298835
1483.707139 1336.871437
1484.642545 1344.335404
1475.666451 1344.804843
1495.497669 1336.306691
1504.207168 1335.889521
1505.262149 1343.257022
1496.502240 1343.715155
