4368 2912
3526.194988 1921.883055
4162.886990 2030.792788
3383.468929 2338.079468
4000.910215 2522.181585
3550.849796 1969.370852
3599.998894 1978.291109
3582.600349 2029.318242
3533.636242 2019.701755
3638.554766 1985.288761
3690.142482 1994.651612
3672.408134 2046.956375
3621.012040 2036.862249
3730.635357 2002.000818
3784.847797 2011.840040
3766.765511 2065.488042
3712.751633 2054.879786
3827.427398 2019.567974
3884.470097 2029.920871
3866.027184 2084.982906
3809.190302 2073.820216
3929.301987 2038.057581
3989.402514 2048.965455
3970.585711 2105.518065
3910.698583 2093.756311
4036.670243 2057.544255
4100.081236 2069.052958
4080.876694 2127.179071
4017.687015 2114.768700
3519.550187 2060.888130
3568.362559 2071.075390
3550.899527 2122.291652
3502.273693 2111.403063
3606.655982 2079.067320
3657.894882 2089.761003
3640.093175 2142.264431
3589.047547 2130.833987
3698.115836 2098.155214
3751.966808 2109.394042
3733.814098 2163.250984
3680.163448 2151.237208
3794.264579 2118.221690
3850.932578 2130.048439
3832.415965 2185.330508
3775.955665 2172.687578
3895.472277 2139.343982
3955.184276 2151.806021
3936.290267 2208.590667
3876.793682 2195.267833
4002.148990 2161.607670
4065.157015 2174.757598
4045.871510 2233.128758
3983.086959 2219.069664
3488.136086 2152.740170
3536.608917 2164.203714
3519.081039 2215.610159
3470.796307 2203.440145
3574.637665 2173.197294
3625.524746 2185.231795
3607.655295 2237.935022
3556.963150 2225.158226
3665.471404 2194.678949
3718.957703 2207.328150
3700.734156 2261.395256
3647.449956 2247.965141
3760.971106 2217.264078
3817.260979 2230.576308
3798.670224 2286.079733
3742.589949 2271.944877
3861.505773 2241.039946
3920.825574 2255.068737
3901.853884 2312.086850
3842.751530 2297.190288
3967.484366 2266.103272
4030.085491 2280.908077
4010.718511 2339.525837
3948.343042 2323.804296
3456.606865 2244.928812
3504.737314 2257.677999
3487.144228 2309.275688
3439.203451 2295.814847
3542.499141 2267.680660
3593.031374 2281.066051
3575.093793 2333.970220
3524.758173 2319.836954
3632.701339 2291.574156
3685.819731 2305.644590
3667.524933 2359.923092
3614.610432 2345.065726
3727.546206 2316.697440
3783.454495 2331.506884
3764.789150 2387.232998
3709.092377 2371.594424
3827.401643 2343.147964
3886.325544 2358.756209
3867.275692 2416.009231
3808.571292 2399.526174
3932.675478 2371.033758
3994.865730 2387.507220
3975.416758 2446.373145
3913.454363 2428.975306
