4368 2912
807.610711 1860.275226
1159.262437 1797.483168
857.344665 2090.761391
1222.123800 2007.330497
832.578630 1875.536085
870.133695 1868.681299
877.091033 1898.844564
839.335899 1905.983003
891.127269 1864.849420
927.783890 1858.158623
935.040628 1887.887918
898.194718 1894.854448
948.278217 1854.417869
984.068254 1847.885247
991.608279 1877.192558
955.639138 1883.993316
1004.080934 1844.232406
1039.034757 1837.852415
1046.842835 1866.749250
1011.719538 1873.390082
1058.582572 1834.284425
1092.729149 1828.051777
1100.790874 1856.549186
1066.483931 1863.035668
1111.828110 1824.565714
1145.195086 1818.475364
1153.496825 1846.583966
1119.978102 1852.921418
843.510313 1924.792088
881.388678 1917.476833
888.498875 1948.302816
850.417229 1955.913284
902.560172 1913.388091
939.522632 1906.249721
946.936859 1936.624215
909.782208 1944.049426
960.185277 1902.259250
996.264656 1895.291424
1003.966342 1925.227096
967.705245 1932.473734
1016.436580 1891.395724
1051.664150 1884.592404
1059.637640 1914.101406
1024.238247 1921.175836
1071.362629 1880.788137
1105.768205 1874.143565
1113.998701 1903.237561
1079.430656 1910.145850
1125.009712 1870.427551
1158.621733 1863.936234
1167.095242 1892.626426
1133.329599 1899.374357
854.684604 1975.141231
892.891464 1967.346713
900.159615 1998.857497
861.746192 2006.959355
914.243673 1962.990685
951.516663 1955.386685
959.093563 1986.427612
921.625425 1994.330097
972.350146 1951.136481
1008.723091 1943.716098
1016.591694 1974.300558
980.034373 1982.010941
1029.056524 1939.567908
1064.561636 1932.324570
1072.705849 1962.465401
1037.026532 1969.990602
1084.412808 1928.274766
1119.080779 1921.202211
1127.485401 1950.911728
1092.652833 1958.258340
1138.466647 1917.247333
1172.326739 1910.339592
1180.977405 1939.629615
1146.961796 1946.803920
866.109668 2026.620313
904.650330 2018.326815
912.081757 2050.545475
873.331185 2059.159040
926.186103 2013.692570
963.774404 2005.604009
971.519389 2037.333544
933.732929 2045.732804
984.781288 2001.083574
1021.452096 1993.192446
1029.493101 2024.447017
992.635215 2032.639871
1041.949339 1988.781680
1077.735841 1981.080845
1086.056320 2011.874017
1050.093196 2019.867981
1097.741766 1976.775805
1132.675568 1969.258460
1141.259902 1999.603240
1106.159348 2007.405470
1152.207631 1965.055390
1186.318852 1957.715056
1195.152289 1987.623918
1160.883641 1995.241231
