4368 2912
3716.912667 1906.548997
4002.628844 1901.389462
3730.752030 2082.406897
4024.266826 2072.991093
3734.500662 1920.861409
3763.765052 1920.300473
3765.820533 1943.941770
3736.447648 1944.559750
3780.264380 1919.984216
3809.318261 1919.427315
3811.541583 1942.979840
3782.380800 1943.593357
3825.699116 1919.113329
3854.544751 1918.560419
3856.933453 1942.024835
3827.982482 1942.633938
3870.808405 1918.248679
3899.448024 1917.699719
3901.999685 1941.076681
3873.256272 1941.681417
3915.595731 1917.390202
3944.031534 1916.845148
3946.743772 1940.135305
3918.205692 1940.735721
3960.064529 1916.537830
3988.298684 1915.996641
3991.169156 1939.200634
3962.834215 1939.796776
3737.644810 1959.131375
3767.084389 1958.478111
3769.165635 1982.415748
3739.616258 1983.127465
3783.682113 1958.109807
3812.908608 1957.461272
3815.159697 1981.307949
3785.825027 1982.014495
3829.386415 1957.095629
3858.402130 1956.451771
3860.820557 1980.208176
3831.698262 1980.909606
3874.761314 1956.088760
3903.568522 1955.449529
3906.151821 1979.116341
3877.239603 1979.812711
3919.810360 1955.089122
3948.411300 1954.454468
3951.157046 1978.032358
3922.452640 1978.723724
3964.537050 1954.096637
3992.933929 1953.466511
3995.839736 1976.956145
3967.340909 1977.642559
3740.828509 1997.882747
3770.445382 1997.134872
3772.552881 2021.374456
3742.824883 2022.182234
3787.142682 1996.713237
3816.543849 1995.970809
3818.823229 2020.117184
3789.312591 2020.919056
3833.119760 1995.552240
3862.307567 1994.815199
3864.756277 2018.869078
3835.460623 2019.665108
3878.763408 1994.399662
3907.740170 1993.667950
3910.355699 2017.630037
3881.272688 2018.420289
3924.077240 1993.255412
3952.845238 1992.528972
3955.625117 2016.399963
3926.752442 2017.184499
3969.064819 1992.119401
3997.626301 1991.398176
4000.568099 2015.178758
3971.903488 2015.957642
3744.052509 2037.124666
3773.848821 2036.279832
3775.983073 2060.827112
3746.074285 2061.733340
3790.646897 2035.803545
3820.224831 2034.964903
3822.533039 2059.416661
3792.844313 2060.316221
3836.900018 2034.492100
3866.261966 2033.659582
3868.741531 2058.016557
3839.270447 2058.909522
3882.815608 2033.190226
3911.963927 2032.363764
3914.612293 2056.626686
3885.356465 2057.513129
3928.397348 2031.897817
3957.334360 2031.077347
3960.149012 2055.246936
3931.106092 2056.126928
3973.648866 2030.614771
4002.376862 2029.800227
4005.355325 2053.877197
3976.522997 2054.750809
