4368 2912
917.907137 2139.623175
1413.449280 2074.252206
978.010135 2513.728386
1496.306660 2405.503262
957.780845 2169.520240
1006.817099 2162.729580
1014.504517 2206.367557
965.168253 2213.648303
1041.269137 2157.958577
1088.680815 2151.392891
1096.852417 2194.215155
1049.162862 2201.252889
1122.000841 2146.778652
1167.867360 2140.426944
1176.487482 2182.463096
1130.363547 2189.269786
1200.110265 2135.961868
1244.505948 2129.813845
1253.541594 2171.091919
1208.907428 2177.678758
1275.723130 2125.490813
1318.717609 2119.536832
1328.138225 2160.083402
1284.922799 2166.460871
1348.957246 2115.349172
1390.615827 2109.580190
1400.393095 2149.420467
1358.529823 2155.598394
970.889933 2247.826285
1020.457760 2240.161412
1028.355135 2284.991215
978.481162 2293.171853
1055.275295 2234.777436
1103.179199 2227.369862
1111.570183 2271.341767
1063.383067 2279.245716
1136.837697 2222.165113
1183.160075 2215.002097
1192.007747 2258.147899
1145.423333 2265.788963
1215.716462 2209.967771
1260.534363 2203.037399
1269.804602 2245.387177
1224.744241 2252.778256
1292.041898 2198.165262
1335.427444 2191.456380
1345.088687 2233.038614
1301.478791 2240.191780
1365.936007 2186.738718
1407.956782 2180.240876
1417.979807 2221.082561
1375.751453 2228.009117
984.361801 2328.299358
1034.472088 2319.714375
1042.588138 2365.785505
992.165403 2374.913524
1069.662375 2313.685513
1118.067964 2305.392582
1126.687285 2350.561053
1077.993019 2359.376167
1152.071226 2299.567083
1198.857650 2291.551550
1207.942002 2335.851527
1160.888828 2344.369554
1231.732948 2285.919295
1276.980110 2278.167471
1286.494198 2321.631238
1241.000530 2329.866948
1308.782655 2272.719003
1352.565286 2265.218085
1362.476495 2307.876178
1318.466067 2315.843377
1383.346740 2259.944552
1425.734813 2252.682552
1436.012979 2294.563882
1393.414418 2302.275492
998.211717 2411.030678
1048.875648 2401.476838
1057.219585 2448.841577
1006.236731 2458.967431
1084.446130 2394.769212
1133.363095 2385.544802
1142.220200 2431.959355
1093.008963 2441.733343
1167.717552 2379.066485
1214.976376 2370.154756
1224.307034 2415.655849
1176.776649 2425.095998
1248.176117 2363.894187
1293.859702 2355.279505
1303.627388 2399.901800
1257.693186 2409.024927
1325.961982 2349.225887
1370.147795 2340.893644
1380.318798 2384.669895
1335.901701 2393.491705
1401.206144 2335.036884
1443.966655 2326.973414
1454.509830 2369.934596
1411.535901 2378.469774
