4368 2912
3498.042513 1138.536487
3824.655365 1121.390315
3522.129555 1343.251910
3860.437352 1323.466971
3519.777897 1154.891840
3551.680149 1153.201799
3555.113997 1180.079326
3523.061699 1181.802386
3571.446043 1152.154689
3603.253216 1150.469684
3606.929028 1177.293866
3574.972714 1179.011766
3622.960246 1149.425693
3654.672767 1147.745703
3658.589082 1174.516738
3626.728321 1176.229501
3674.321195 1146.704815
3705.939483 1145.029818
3710.094856 1171.747903
3678.329218 1173.455552
3725.529570 1143.992021
3757.054046 1142.321992
3761.447036 1168.987324
3729.776098 1170.689883
3776.586052 1141.287273
3808.017133 1139.622192
3812.646311 1166.234967
3781.069649 1167.932457
3525.181235 1199.171830
3557.330363 1197.427332
3560.818783 1224.732008
3528.517274 1226.510449
3577.248981 1196.346495
3609.301540 1194.607238
3613.035681 1221.857074
3580.831667 1223.630148
3629.160371 1193.529644
3661.116796 1191.795603
3665.095164 1218.990809
3632.988204 1220.758538
3680.916110 1190.721239
3712.776832 1188.992391
3716.997945 1216.133170
3684.987601 1217.895580
3732.516895 1187.921242
3764.282344 1186.197564
3768.744728 1213.284120
3736.830566 1215.041235
3783.963423 1185.129615
3815.634024 1183.411084
3820.336218 1210.443621
3788.517805 1212.195464
3530.670659 1244.157296
3563.070513 1242.356814
3566.614817 1270.098901
3534.060191 1271.934282
3583.144232 1241.241304
3615.445990 1239.446274
3619.239859 1267.131979
3586.784277 1268.961777
3635.458979 1238.334139
3667.663087 1236.544534
3671.704993 1264.174073
3639.348002 1265.998312
3687.615620 1235.435759
3719.722519 1233.651557
3724.010944 1261.225141
3691.752098 1263.043847
3739.614872 1232.546126
3771.625001 1230.767302
3776.158439 1258.285142
3743.997291 1260.098340
3791.457445 1229.665199
3823.371243 1227.891728
3828.148195 1255.354037
3796.084301 1257.161752
3536.248245 1289.865231
3568.902764 1288.007185
3572.504304 1316.197280
3539.692567 1318.091215
3589.134016 1286.856026
3621.688877 1285.003651
3625.543918 1313.135767
3592.832810 1315.023893
3641.858433 1283.856001
3674.314091 1282.009271
3678.421069 1310.083631
3645.810129 1311.965975
3694.422233 1280.865116
3726.779140 1279.024004
3731.136501 1307.040829
3698.625268 1308.917418
3746.826148 1277.883328
3779.084756 1276.047811
3783.690956 1304.007319
3751.278973 1305.878180
3799.070908 1274.910597
3831.231663 1273.080646
3836.085169 1300.983059
3803.771983 1302.848217
