4368 2912
3298.860921 1431.087690
3534.578992 1447.113076
3272.684214 1570.721158
3512.454473 1586.746457
3311.828578 1445.077923
3333.244125 1446.531793
3330.064995 1463.935671
3308.603469 1462.481763
3348.656408 1447.578109
3370.059102 1449.031106
3366.958975 1466.435048
3345.510357 1464.982015
3385.462136 1450.076794
3406.851990 1451.528918
3403.830772 1468.932924
3382.395049 1467.480763
3422.245783 1452.573979
3443.622807 1454.025234
3440.680405 1471.429297
3419.257567 1469.978009
3459.007369 1455.069668
3480.371575 1456.520052
3477.507894 1473.924170
3456.097929 1472.473754
3495.746913 1457.563860
3517.098313 1459.013374
3514.313258 1476.417544
3492.916154 1474.968000
3306.204822 1475.425718
3327.700546 1476.879646
3324.497835 1494.412614
3302.955787 1492.958668
3343.170512 1477.926005
3364.653287 1479.379058
3361.530173 1496.912051
3340.001129 1495.458983
3380.113935 1480.424785
3401.583774 1481.876964
3398.540161 1499.409979
3377.024110 1497.957789
3417.035114 1482.922062
3438.492027 1484.373365
3435.527820 1501.906401
3414.024749 1500.455086
3453.934066 1485.417834
3475.378065 1486.868265
3472.493169 1504.401317
3451.003068 1502.950878
3490.810813 1487.912106
3512.241911 1489.361664
3509.436229 1506.894729
3487.959085 1505.445164
3300.539313 1505.998827
3322.115815 1507.452776
3318.889261 1525.116274
3297.266086 1523.662330
3337.643898 1508.499147
3359.207355 1509.952217
3356.060997 1527.615702
3334.450924 1526.162640
3374.726052 1510.997957
3396.276476 1512.450148
3393.210216 1530.113616
3371.613232 1528.661434
3411.785793 1513.495256
3433.323194 1514.946570
3430.336939 1532.610018
3408.753033 1531.158716
3448.823143 1515.991046
3470.347534 1517.441484
3467.441186 1535.104909
3445.870345 1533.654485
3485.838120 1518.485329
3507.349513 1519.934891
3504.522976 1537.598290
3482.965190 1536.148743
3294.831584 1536.799769
3316.489474 1538.253699
3313.238809 1556.049189
3291.533892 1554.595289
3332.076113 1539.300055
3353.720861 1540.753102
3350.550997 1558.548539
3328.859281 1557.095523
3369.298041 1541.798824
3390.929657 1543.250989
3387.840500 1561.046370
3366.161971 1559.594237
3406.497390 1544.296077
3428.115885 1545.747362
3425.107335 1563.542683
3403.441984 1562.091432
3443.674178 1546.791816
3465.279566 1548.242220
3462.351526 1566.037478
3440.699338 1564.587109
3480.828426 1549.286041
3502.420719 1550.735567
3499.573093 1568.530757
3477.934057 1567.081271
