4368 2912
331.181279 1468.676650
877.303529 1497.577318
321.764877 1815.196784
883.415937 1827.043808
363.398376 1499.362947
419.384741 1502.183783
418.501522 1548.402070
362.295308 1545.808672
452.505441 1503.852548
507.587179 1506.627807
507.045837 1552.487572
451.751244 1549.936238
540.174871 1508.269716
594.373731 1511.000491
594.163429 1556.507245
539.758454 1553.996958
626.441178 1512.616189
679.778218 1515.303541
679.888502 1560.462666
626.351851 1557.992443
711.337779 1516.893650
763.833393 1519.538607
764.254183 1564.355362
711.565230 1561.924253
794.897040 1521.103729
846.570983 1523.707288
847.292549 1568.186816
795.431320 1565.793899
361.611554 1574.598766
417.954063 1577.050270
417.059842 1623.844289
360.494672 1621.626062
451.283766 1578.500470
506.710306 1580.912120
506.162277 1627.338478
450.520201 1625.156451
539.500358 1582.338840
594.033087 1584.711599
593.820206 1630.776021
539.078812 1628.629314
626.296488 1586.115403
679.956852 1588.450205
680.068477 1634.158283
626.206071 1632.046045
711.706191 1589.831642
764.514956 1592.129390
764.940819 1637.486586
711.936399 1635.407996
795.762421 1593.488991
847.739701 1595.750561
848.469899 1640.762214
796.303126 1638.716473
359.802330 1650.777783
416.505542 1652.850468
415.600113 1700.231045
358.671375 1698.397642
450.046900 1654.076514
505.822587 1656.115295
505.267745 1703.118812
449.273794 1701.315513
538.817528 1657.321367
593.688263 1659.327069
593.472759 1705.959474
538.390758 1704.185545
626.150030 1660.513652
680.137659 1662.487074
680.250649 1708.754176
626.058500 1707.008905
712.079074 1663.654636
765.204746 1665.596551
765.635776 1711.504023
712.312087 1709.786722
796.638219 1666.745546
848.922415 1668.656702
849.661402 1714.210088
797.185463 1712.520088
357.970281 1727.917845
415.038843 1729.601955
414.121992 1777.580187
356.824987 1776.141538
448.794560 1730.598096
504.923820 1732.254487
504.362037 1779.845992
448.011732 1778.431113
538.126224 1733.234299
593.339182 1734.863650
593.121004 1782.074607
537.694132 1780.682915
626.001768 1735.827533
680.320681 1737.430499
680.435061 1784.266944
625.909106 1782.897872
712.456507 1738.378837
765.902915 1739.956056
766.339207 1786.423879
712.692381 1785.076881
797.524623 1740.889222
850.119381 1742.441309
850.867315 1788.546265
798.078527 1787.220810
