4368 2912
3548.229195 1870.721253
3952.077530 1860.429928
3577.875921 2120.940672
3994.414370 2102.834862
3574.005580 1890.866886
3615.587137 1889.748097
3619.881638 1923.223153
3578.122152 1924.446516
3639.007341 1889.117955
3680.207039 1888.009440
3684.775810 1921.322048
3643.401561 1922.534126
3703.412659 1887.385072
3744.235734 1886.286690
3749.073577 1919.438415
3708.079258 1920.639363
3767.229707 1885.668017
3807.681300 1884.579630
3812.783123 1917.572015
3772.163525 1918.761985
3830.466507 1883.966574
3870.551666 1882.888046
3875.912483 1915.722611
3835.662492 1916.901753
3893.130938 1882.280531
3932.854619 1881.211729
3938.469547 1913.889973
3898.584140 1915.058434
3580.656262 1945.117717
3622.525222 1943.829529
3626.883550 1977.802108
3584.834201 1979.197921
3646.106496 1943.104000
3687.588132 1941.827729
3692.224491 1975.633140
3650.565915 1977.015981
3710.951763 1941.108897
3752.051426 1939.844378
3756.960505 1973.484253
3715.687281 1974.854302
3775.200414 1939.132150
3815.923356 1937.879221
3821.099955 1971.355168
3780.206760 1972.712602
3838.860644 1937.173506
3879.212021 1935.932010
3884.651049 1969.245613
3844.132658 1970.590606
3901.940501 1935.232720
3941.925374 1934.002499
3947.621846 1967.155322
3907.473130 1968.488043
3587.406229 2000.178419
3629.566571 1998.715888
3633.990160 2033.197165
3591.646915 2034.770474
3653.311133 1997.892195
3695.078571 1996.443293
3699.784028 2030.752524
3657.837214 2032.311103
3718.602365 1995.627258
3759.982364 1994.191797
3764.964264 2028.330683
3723.408339 2029.874738
3783.288456 1993.383314
3824.286383 1991.961106
3829.539414 2025.931325
3788.368940 2027.461058
3847.377779 1991.160072
3887.998901 1989.750935
3893.517865 2023.554138
3852.727504 2025.069747
3910.878555 1988.957246
3951.128044 1987.561001
3956.907849 2021.198816
3916.492360 2022.700496
3594.257718 2056.067265
3636.713506 2054.425279
3641.203833 2089.426766
3598.562578 2091.182788
3660.623622 2053.500550
3702.680802 2051.873980
3707.456913 2086.698379
3665.217869 2088.437837
3726.366957 2050.957913
3768.031116 2049.346544
3773.087469 2083.995629
3731.244972 2085.718756
3791.496442 2048.439018
3832.773064 2046.842636
3838.104233 2081.318155
3796.652724 2083.025181
3856.020635 2045.943531
3896.915101 2044.361930
3902.515776 2078.665605
3861.449801 2080.356754
3919.947934 2043.471130
3960.465528 2041.904104
3966.330509 2076.037632
3925.644714 2077.713125
