4368 2912
504.631177 1930.759612
907.367340 1911.432939
511.665749 2194.124809
927.458686 2153.346389
533.958556 1954.831797
571.675559 1952.854970
572.777183 1983.226413
534.906836 1985.434348
600.370917 1951.350986
637.134921 1949.424108
638.497104 1979.394779
601.587633 1981.546692
665.109785 1947.957886
700.956458 1946.079087
702.565871 1975.659410
666.581164 1977.757408
728.237628 1944.649224
763.200881 1942.816727
765.044938 1972.016726
729.950671 1974.062809
789.813842 1941.421886
823.925933 1939.634000
825.992745 1968.463317
791.756271 1970.459389
849.894939 1938.272910
883.186577 1936.528025
885.464905 1964.995943
852.055154 1966.943814
535.692201 2010.779409
573.689497 2008.378644
574.808337 2039.224736
536.655410 2041.863762
602.595218 2006.552307
639.625091 2004.212666
641.008290 2034.645708
603.830842 2037.217259
667.799522 2002.432534
703.898454 2000.151712
705.532382 2030.182598
669.293475 2032.689231
731.369000 1998.416053
766.571662 1996.191860
768.443456 2025.831060
733.107992 2028.275202
793.364374 1994.499028
827.703735 1992.329380
829.801250 2021.586961
795.335862 2023.970921
853.843397 1990.677810
887.350828 1988.560726
889.662588 2017.446373
856.035530 2019.772345
537.453190 2067.609426
575.734965 2064.771591
576.871429 2096.103547
538.431684 2099.187048
604.854146 2062.612980
642.153746 2059.847953
643.558449 2090.754149
606.109122 2093.758202
670.530596 2057.744372
706.885340 2055.049387
708.544347 2085.541209
672.047645 2088.468846
734.547889 2052.998757
769.993230 2050.371187
771.893391 2080.459572
736.313425 2083.313672
796.968112 2048.371534
831.537751 2045.808879
833.666658 2075.504338
798.969314 2078.287637
857.850293 2043.858325
891.576286 2041.358211
893.922219 2070.670850
860.075058 2073.385949
539.242173 2125.342890
577.812710 2122.054385
578.967216 2153.883776
540.236319 2157.425615
607.148515 2119.553229
644.721784 2116.349751
646.148498 2147.740222
608.423302 2151.190093
673.303967 2113.912849
709.918151 2110.791142
711.602818 2141.754594
674.844654 2145.116033
737.775384 2108.416049
773.466742 2105.373021
775.395920 2135.920881
739.568076 2139.197244
800.626259 2103.057415
835.429246 2100.090130
837.590255 2130.233371
802.657854 2133.427848
861.916936 2097.831803
895.864311 2094.937467
898.245180 2124.686635
864.175066 2127.802259
