4368 2912
440.923032 1592.118812
1768.865872 1557.349443
370.899022 2476.009152
1778.532750 2406.110357
512.760662 1661.267387
649.807821 1657.427684
642.352684 1775.112295
504.191975 1779.413663
727.899276 1655.239766
863.395060 1651.443528
857.659568 1768.409130
721.075107 1772.661424
940.605015 1649.280307
1074.575619 1645.526800
1070.521456 1761.782085
935.486421 1765.986141
1150.918917 1643.387860
1283.389947 1639.676369
1280.979758 1755.229872
1147.467932 1759.386505
1358.881098 1637.561304
1489.877593 1633.891125
1489.074957 1748.751228
1357.060712 1752.861237
1564.530785 1631.799537
1694.077227 1628.169984
1694.846631 1742.344924
1564.304911 1746.409089
499.051700 1850.288491
637.880622 1845.706932
630.235153 1966.396066
490.263438 1971.462295
716.981649 1843.096483
854.219306 1838.567438
848.338235 1958.501899
709.983626 1963.509598
932.416264 1835.986823
1068.089860 1831.509396
1063.933386 1950.698506
927.168021 1955.648681
1145.398161 1828.958108
1279.534281 1824.531419
1277.063616 1942.984329
1141.860269 1947.877968
1355.968989 1822.008962
1488.593620 1817.632155
1487.770959 1935.357847
1354.103022 1940.195914
1564.169458 1815.138042
1695.308005 1810.810277
1696.096495 1927.817575
1563.937961 1932.601009
484.990594 2044.165000
625.648187 2038.804563
617.805003 2162.614766
475.974208 2168.484216
705.785214 2035.750556
844.810094 2030.452342
838.777829 2153.470147
698.606609 2159.270917
924.019607 2027.433681
1061.440037 2022.196612
1057.177330 2144.432022
918.636727 2150.165310
1139.738046 2019.212689
1275.581643 2014.035713
1273.048198 2135.498540
1136.109923 2141.165518
1352.983791 2011.085931
1487.277540 2005.968020
1486.434095 2126.667893
1351.070510 2132.269706
1563.799115 2003.051796
1696.569388 1997.991943
1697.377683 2117.938320
1563.561781 2123.476083
470.563600 2243.086432
613.098646 2236.907941
605.049977 2363.961868
461.310090 2370.675140
694.299155 2233.388129
835.158398 2227.282280
828.969033 2353.503882
686.932885 2360.137582
915.407023 2223.803729
1054.619845 2217.769248
1050.246780 2343.169257
909.884259 2349.724792
1133.933226 2214.331238
1271.528327 2208.366880
1268.929678 2332.955823
1130.211375 2339.434566
1349.922718 2204.968705
1485.928130 2199.073256
1485.063105 2322.861460
1347.960299 2329.264752
1563.419413 2195.714229
1697.862528 2189.886501
1698.691386 2312.884099
1563.176019 2319.213250
