4368 2912
3779.410831 2202.442199
4188.951466 2218.233677
3805.508315 2460.841574
4241.044128 2483.998307
3809.150617 2227.766139
3844.712199 2229.181868
3848.259734 2259.683193
3812.437810 2258.195082
3872.086529 2230.271657
3907.904656 2231.697598
3911.917370 2262.327651
3875.835173 2260.828729
3935.476824 2232.795263
3971.554280 2234.231530
3976.038847 2264.991378
3939.693530 2263.481525
3999.326439 2235.337157
4035.666053 2236.783860
4040.629255 2267.674585
4004.017929 2266.153682
4063.640384 2237.897535
4100.245023 2239.354788
4105.693756 2270.377487
4068.813489 2268.845411
4128.423744 2240.476601
4165.296318 2241.944521
4171.237588 2273.100302
4134.085406 2271.556930
3815.063608 2282.501615
3851.093564 2284.048177
3854.733035 2315.339958
3818.435814 2313.717503
3878.829714 2285.238733
3915.122943 2286.796596
3919.240031 2318.223368
3882.675660 2316.588971
3943.062131 2287.995867
3979.621529 2289.565156
3984.223175 2321.128060
3947.388695 2319.481590
4007.765996 2290.773238
4044.594501 2292.354077
4049.687760 2324.054272
4012.580166 2322.395594
4072.946516 2293.571069
4110.047111 2295.163588
4115.639155 2327.002245
4078.255397 2325.331222
4138.608979 2296.389587
4175.984689 2297.993915
4182.082810 2329.972220
4144.419796 2328.288715
3821.129961 2338.656731
3857.640785 2340.340487
3861.375811 2372.453855
3824.590520 2370.690490
3885.748437 2341.636718
3922.529529 2343.332938
3926.755118 2375.587923
3889.695525 2373.811409
3950.845633 2344.638781
3987.900005 2346.347603
3992.623377 2378.745429
3955.286402 2376.955618
4016.426886 2347.663168
4053.757597 2349.384735
4058.986094 2381.926638
4021.368611 2380.123380
4082.497618 2350.710128
4120.107770 2352.444580
4125.848856 2385.131817
4087.947692 2383.314961
4149.063329 2353.779913
4186.956071 2355.527399
4193.217338 2388.361239
4155.029273 2386.530630
3827.355721 2396.287443
3864.360411 2398.115123
3868.194807 2431.082865
3830.908151 2429.171643
3892.849645 2399.522220
3930.131882 2401.363610
3934.470318 2434.479985
3896.901917 2432.554321
3958.835196 2402.781281
3996.398116 2404.636533
4001.248108 2437.902851
3963.394755 2435.962581
4025.317933 2406.064897
4063.164715 2407.934169
4068.533907 2441.351755
4030.392349 2439.396713
4092.303493 2409.373348
4130.437369 2411.256799
4136.333536 2444.826998
4097.900468 2442.857014
4159.797603 2412.706916
4198.221852 2414.604710
4204.652902 2448.328881
4165.924971 2446.343782
