4368 2912
1372.343442 1820.214805
2141.696833 1845.183220
1202.683430 2256.497238
2096.792901 2299.185110
1406.820972 1859.517339
1476.338056 1861.860654
1459.204963 1912.047903
1388.440126 1909.538768
1525.951817 1863.533059
1596.042420 1865.895707
1581.072650 1916.369012
1509.713088 1913.838789
1646.066344 1867.581937
1716.737594 1869.964158
1703.967966 1920.726558
1632.006150 1918.174981
1767.176787 1871.664386
1838.435930 1874.066423
1827.903966 1925.121004
1755.332239 1922.547801
1889.295585 1875.780825
1961.149986 1878.202928
1952.893924 1929.552821
1879.704500 1926.957716
2012.435381 1879.931680
2084.892531 1882.374101
2078.951343 1934.022486
2005.136301 1931.405199
1374.551648 1947.334717
1446.258270 1949.972109
1427.977148 2003.522230
1354.942288 2000.699407
1497.441539 1951.854646
1569.759156 1954.514510
1553.781932 2008.384629
1480.112739 2005.537289
1621.379477 1956.413122
1694.315935 1959.095748
1680.683150 2013.289405
1606.371324 2010.417227
1746.378930 1961.010641
1819.942203 1963.716321
1808.695201 2018.237115
1733.732295 2015.339773
1872.453591 1965.647707
1946.651796 1968.376741
1937.832732 2023.228327
1862.210152 2020.305488
1999.617394 1970.324832
2074.458787 1973.077522
2068.110651 2028.263614
1991.819652 2025.314940
1340.109820 2041.064317
1414.148203 2044.030778
1394.599673 2101.293465
1319.144535 2098.119013
1467.003407 2046.148502
1541.694057 2049.141097
1524.604144 2106.762848
1448.470971 2103.559871
1595.015936 2051.277519
1670.367513 2054.296595
1655.781000 2112.281554
1578.960615 2109.049664
1724.162275 2056.451964
1800.183588 2059.497874
1788.146174 2117.850253
1710.629228 2114.589059
1854.457552 2061.672442
1931.157573 2064.745546
1921.715886 2123.469628
1843.492862 2120.178729
1985.917170 2066.939573
2063.305026 2070.040235
2056.506653 2129.140375
1977.567860 2125.819361
1303.268457 2141.323990
1379.795121 2144.659815
1358.842658 2206.034987
1280.801580 2202.465098
1434.435038 2147.041589
1511.659569 2150.407833
1493.336546 2212.187236
1414.569061 2208.584119
1566.798900 2152.811377
1644.730888 2156.208460
1629.086945 2218.396963
1549.582862 2214.760151
1700.376511 2158.634073
1779.025721 2162.062421
1766.111545 2224.664977
1685.860483 2220.993995
1835.184642 2164.510408
1914.561022 2167.970453
1904.428370 2230.992101
1823.419753 2227.286467
1971.240376 2170.441127
2051.354057 2173.933311
2044.055787 2237.379177
1962.278836 2233.638396
