4368 2912
3502.074026 2368.416575
4003.983946 2430.837590
3456.931460 2691.576348
3985.291336 2783.043335
3526.055293 2398.806919
3573.252428 2404.856358
3567.874092 2447.742317
3520.374185 2441.354468
3601.161836 2408.433615
3649.400699 2414.616577
3644.520768 2458.049861
3595.964752 2451.519985
3677.929533 2418.273228
3727.244998 2424.594182
3722.887224 2468.588683
3673.239480 2461.911990
3756.414109 2428.332900
3806.842625 2434.796518
3803.031998 2479.366655
3752.255288 2472.538138
3836.673813 2438.620096
3888.253491 2445.231263
3885.016317 2490.392012
3833.071690 2483.406432
3918.769556 2449.142626
3971.540269 2455.906452
3968.904249 2501.673369
3915.750943 2494.525244
3516.748816 2468.505965
3564.441657 2475.111986
3558.934361 2519.026249
3510.932439 2512.066591
3592.647831 2479.018874
3641.406006 2485.772456
3636.407748 2530.258889
3587.325619 2523.142615
3670.245766 2489.767103
3720.105372 2496.673247
3715.640730 2541.746647
3665.441517 2534.468410
3749.600308 2500.758643
3800.599094 2507.822577
3796.693942 2553.498315
3745.339068 2546.052522
3830.771788 2512.001851
3882.949246 2519.229044
3879.630836 2565.523092
3827.079931 2557.903890
3913.823331 2523.505469
3967.220800 2530.901649
3964.517850 2577.830611
3910.728639 2570.031871
3507.220232 2539.868443
3555.419128 2547.056130
3549.778177 2592.036131
3501.263695 2584.478764
3583.928356 2551.307585
3633.217001 2558.657782
3628.096061 2604.236137
3578.476442 2596.506617
3662.374464 2563.005905
3712.790238 2570.524185
3708.214748 2616.716664
3657.451796 2608.809041
3742.618300 2574.972311
3794.200311 2582.664508
3790.197072 2629.487500
3738.250810 2621.395546
3824.722375 2587.216128
3877.511565 2595.088345
3874.108823 2642.558893
3820.937388 2634.276087
3908.752137 2599.747113
3962.791384 2607.805746
3960.018923 2655.941581
3905.578454 2647.461090
3497.461492 2612.954621
3546.177115 2620.750404
3540.397585 2666.835414
3491.359668 2658.653041
3574.995881 2625.362166
3624.826513 2633.336380
3619.578318 2680.047359
3569.409466 2671.676280
3654.308677 2638.054303
3705.293042 2646.213145
3700.602525 2693.566902
3649.263158 2685.000514
3735.461777 2651.040937
3787.640413 2659.390894
3783.535344 2707.404913
3730.984014 2698.636299
3818.519984 2664.332439
3871.935349 2672.880305
3868.445018 2721.572779
3814.638297 2712.594693
3903.551179 2677.939670
3958.247771 2686.692566
3955.403082 2736.082435
3900.295442 2726.887279
