4368 2912
3506.141647 369.113744
3910.142737 364.125170
3464.767319 605.209127
3875.924029 598.118077
3524.994238 387.326619
3566.980599 386.792574
3561.263817 420.388216
3519.172735 420.952531
3589.134568 386.510786
3631.010673 385.978143
3625.453257 419.527628
3583.472970 420.090458
3653.106501 385.697095
3694.872782 385.165850
3689.473918 418.669304
3647.603989 419.230653
3716.910702 384.885538
3758.567591 384.355684
3753.326465 417.813232
3711.566459 418.373109
3780.547826 384.076107
3822.095751 383.547638
3817.011558 416.959406
3775.361042 417.517815
3844.018530 383.268792
3885.457920 382.741703
3880.529854 416.107817
3838.988400 416.664763
3515.976078 439.416924
3558.124671 438.835929
3552.365704 472.679480
3510.111579 473.291183
3580.364134 438.529370
3622.401638 437.949906
3616.803267 471.746632
3574.660777 472.356719
3644.582522 437.644155
3686.509375 437.066217
3681.070777 470.816246
3639.039477 471.424724
3708.631913 436.761270
3750.448551 436.184850
3745.168903 469.888312
3703.248355 470.495186
3772.512972 435.880704
3814.219828 435.305798
3809.098316 468.962820
3767.288083 469.568097
3836.226362 435.002450
3877.823869 434.429053
3872.859679 468.039762
3831.159326 468.643449
3506.891269 491.892198
3549.203352 491.263573
3543.401729 525.357788
3500.983297 526.017566
3571.528968 490.931885
3613.729118 490.304922
3608.089338 524.351632
3565.783388 525.009661
3635.995714 489.974110
3678.084375 489.348805
3672.605602 523.348141
3630.411687 524.004429
3700.292183 489.018865
3742.269798 488.395210
3736.951201 522.347306
3694.868876 523.001857
3764.419051 488.066141
3806.286056 487.444129
3801.126811 521.349113
3759.155634 522.001936
3828.376985 487.115926
3870.133820 486.495550
3865.133105 520.353555
3823.272636 521.004656
3497.739072 544.756727
3540.215912 544.079780
3534.371160 578.427452
3491.787141 579.136007
3562.628351 543.722596
3604.992408 543.047446
3599.310758 577.346924
3556.840079 578.053593
3627.345377 542.691210
3669.597100 542.017851
3664.077705 576.269269
3621.719914 576.974059
3691.890836 541.662559
3734.030668 540.990983
3728.672691 575.194475
3686.427338 575.897394
3756.265407 540.636631
3798.293795 539.966831
3793.096399 574.122530
3750.963036 574.823586
3820.469769 539.613416
3862.387153 538.945385
3857.349508 573.053425
3815.327691 573.752625
