4368 2912
3467.117351 1845.004819
3933.788638 1824.502502
3575.954838 2192.041482
4082.510594 2149.945839
3504.499976 1872.087089
3552.221006 1869.843684
3567.003345 1913.498340
3518.740497 1916.003690
3581.009763 1868.490301
3627.935009 1866.284305
3643.563509 1909.524063
3596.115785 1911.987099
3656.245687 1864.953397
3702.394893 1862.783884
3718.839407 1905.616454
3672.186331 1908.038239
3730.239303 1861.474895
3775.631559 1859.340967
3792.863085 1901.773847
3746.984859 1904.155409
3803.021126 1858.053361
3847.674906 1855.954149
3865.665531 1897.994635
3820.543011 1900.336968
3874.620685 1854.687405
3918.553864 1852.622070
3937.276720 1894.277263
3892.891385 1896.581328
3527.876183 1944.177398
3576.485562 1941.500875
3591.906601 1987.041720
3542.735360 1990.001883
3605.804980 1939.886494
3653.586724 1937.255541
3669.884628 1982.347358
3621.561537 1985.256461
3682.409060 1935.668530
3729.384128 1933.081995
3746.526943 1977.733408
3699.030245 1980.592760
3757.721918 1931.521664
3803.910567 1928.978431
3821.867575 1973.197820
3775.176253 1976.008688
3831.775928 1927.444112
3877.197742 1924.943103
3895.939407 1968.738615
3850.033148 1971.502222
3904.602390 1923.434152
3949.276310 1920.974322
3968.774221 1964.353880
3923.633390 1967.071408
3552.272278 2019.412957
3601.802980 2016.267340
3617.905028 2063.819316
3567.791319 2067.272412
3631.672521 2014.370373
3680.341795 2011.279464
3697.353053 2058.344933
3648.122558 2061.737171
3709.694102 2009.415345
3757.524228 2006.377730
3775.410785 2052.966348
3727.040361 2056.299323
3786.372620 2004.545614
3833.385114 2001.559925
3852.114403 2047.681070
3804.581705 2050.956320
3861.742458 1999.758995
3907.958107 1996.823912
3927.498840 2042.486689
3880.782294 2045.705703
3935.836836 1995.053378
3981.275730 1992.167625
4001.597838 2037.380883
3955.676600 2040.545095
3577.756493 2098.004196
3628.243307 2094.349939
3645.072493 2144.049270
3593.980352 2148.037248
3658.683487 2092.146667
3708.272977 2088.557360
3726.045469 2137.728956
3675.873815 2141.645085
3738.174527 2086.393074
3786.890407 2082.867000
3805.570181 2131.521685
3756.294359 2135.367891
3816.267497 2080.740674
3864.132651 2077.276176
3883.685136 2125.424454
3835.281368 2129.202591
3892.998960 2075.186820
3940.035478 2071.782299
3960.427496 2119.434358
3912.872833 2123.146219
3968.404214 2069.728958
4014.633429 2066.382870
4035.833121 2113.548601
3989.105415 2117.195915
