4368 2912
3595.628317 1753.300915
4155.102057 1778.424630
3573.145097 2092.081253
4162.097700 2136.685966
3626.224880 1783.312197
3678.467145 1785.785359
3676.142421 1830.321901
3623.559189 1827.622772
3711.130700 1787.331659
3764.174341 1789.842757
3762.416195 1834.750385
3709.020848 1832.009570
3797.340869 1791.412868
3851.204467 1793.962783
3850.030796 1839.247693
3795.804374 1836.464220
3884.885675 1795.557260
3939.588391 1798.146898
3939.017726 1843.815445
3883.940675 1840.988308
3973.796354 1799.766311
4029.357950 1802.396610
4029.409484 1848.455307
3973.461630 1845.583470
4064.105121 1804.041549
4120.545985 1806.713472
4121.239602 1853.169001
4064.400128 1850.251398
3621.833164 1856.313721
3674.637093 1859.160664
3672.260061 1904.699326
3619.107779 1901.616583
3707.654611 1860.940815
3761.277644 1863.831920
3759.479629 1909.757913
3705.497143 1906.627021
3794.809329 1865.639793
3849.270677 1868.576095
3848.070181 1914.896016
3793.237887 1911.715835
3883.328633 1870.412342
3938.648108 1873.394911
3938.064296 1920.115522
3882.361969 1916.884882
3973.244822 1875.260205
4029.442867 1878.290142
4029.495599 1925.418383
3972.902364 1922.136071
4064.591227 1880.185179
4121.688939 1883.263622
4122.398793 1930.806612
4064.893104 1927.471380
3617.342884 1930.953647
3670.720669 1934.190657
3668.289542 1980.765646
3614.555775 1977.282504
3704.099897 1936.214888
3758.315113 1939.502684
3756.475856 1986.482080
3701.893184 1982.943910
3792.220080 1941.558796
3847.292589 1944.898581
3846.064338 1992.289405
3790.612484 1988.694892
3881.735814 1946.987335
3937.686113 1950.380352
3937.088697 1998.189807
3880.746733 1994.537595
3972.680517 1952.502532
4029.529762 1955.950064
4029.583733 2004.185541
3972.330053 2000.474230
4065.088680 1958.106478
4122.858709 1961.609849
4123.585377 2010.278937
4065.397671 2006.507080
3612.750683 2007.287757
3666.714919 2010.931950
3664.227830 2058.579049
3609.899731 2054.677862
3700.463864 2013.211010
3755.284476 2016.913034
3753.402543 2064.982497
3698.206199 2061.018964
3789.571126 2019.228405
3845.268665 2022.989648
3844.011684 2071.488949
3787.926114 2067.461562
3880.105974 2025.342204
3936.701649 2029.164099
3936.090145 2078.100909
3879.093685 2074.008113
3972.102989 2031.554744
4029.618702 2035.438768
4029.673956 2084.820965
3971.744236 2080.661154
4065.597884 2037.868435
4124.056252 2041.816116
4124.800338 2091.651791
4065.914245 2087.423304
