4368 2912
2798.070418 1015.672640
4258.942079 1002.439339
2703.001219 1934.839919
4239.878795 1972.321858
2881.091410 1098.195924
3009.424883 1097.388553
2999.204990 1210.921559
2870.089469 1211.204603
3101.369322 1096.810112
3231.767014 1095.989754
3222.920445 1210.431135
3091.714505 1210.718762
3325.196329 1095.401971
3457.708448 1094.568311
3450.281342 1209.932719
3316.933801 1210.225040
3552.658902 1093.970958
3687.337298 1093.123670
3681.377517 1209.426115
3545.835508 1209.723247
3783.846344 1092.516512
3920.744575 1091.655257
3916.301782 1208.911120
3778.510686 1209.213182
4018.850908 1091.038051
4158.024311 1090.162483
4155.150049 1208.387522
4015.053419 1208.694638
2861.948070 1294.830655
2991.641906 1294.940013
2981.188917 1411.062479
2850.696384 1410.404649
3084.569330 1295.018368
3216.373075 1295.129505
3207.323080 1412.202451
3074.693559 1411.533848
3310.818448 1295.209140
3444.784014 1295.322099
3437.184711 1413.361214
3302.365276 1412.681572
3540.784836 1295.403046
3676.965847 1295.517873
3670.866739 1414.539236
3533.802698 1413.848278
3774.560862 1295.600164
3913.012734 1295.716906
3908.465205 1415.737001
3769.100034 1415.034443
4012.241984 1295.800576
4153.021995 1295.919280
4150.079400 1416.955010
4008.354658 1416.240557
2842.369119 1495.939851
2973.452346 1497.008205
2962.758195 1615.809743
2830.859086 1614.167510
3067.383924 1497.773765
3200.624284 1498.859700
3191.363766 1618.656036
3057.279529 1616.986597
3296.108003 1499.637911
3431.559186 1500.741865
3423.781628 1621.549796
3287.457511 1619.852468
3528.633836 1501.533042
3666.351326 1502.655468
3660.107947 1624.492218
3521.487349 1622.766298
3765.057003 1503.459938
3905.098160 1504.601301
3900.442147 1627.484542
3759.466548 1625.729301
4005.476318 1505.419402
4147.900451 1506.580187
4144.887057 1630.528047
4001.495929 1628.742729
2822.339518 1701.677992
2954.842098 1703.749823
2943.898342 1825.324228
2810.562137 1822.651773
3049.799692 1705.234594
3184.508230 1707.340916
3175.029755 1829.956789
3039.458639 1827.239540
3281.053320 1708.850510
3418.023369 1710.992194
3410.061210 1834.667518
3272.198516 1831.904339
3516.196101 1712.527238
3655.485090 1714.705181
3649.092259 1839.458411
3508.879393 1836.648128
3755.326973 1716.266324
3896.994298 1718.481455
3892.225873 1844.331532
3749.602221 1841.472930
3998.548267 1720.069368
4142.655366 1722.322649
4139.568586 1849.289015
3994.471433 1846.380837
