4368 2912
3307.761776 1618.388540
3537.455067 1628.806503
3293.746087 1755.826699
3528.845074 1763.275063
3321.715598 1631.826150
3342.880834 1632.761566
3341.259434 1649.716070
3320.031520 1648.813949
3358.159225 1633.436807
3379.171271 1634.365452
3377.656756 1651.262846
3356.582914 1650.367272
3394.339279 1635.035815
3415.199790 1635.957763
3413.790661 1652.798426
3392.869220 1651.909329
3430.258607 1636.623300
3450.969217 1637.538623
3449.663999 1654.322934
3428.893312 1653.440243
3465.920018 1638.199386
3486.482339 1639.108155
3485.279578 1655.836488
3464.658020 1654.960134
3501.326281 1639.764196
3521.741897 1640.666482
3520.640166 1657.339205
3500.166137 1656.469120
3318.769629 1661.543023
3340.044520 1662.420067
3338.407215 1679.540892
3317.068996 1678.697824
3355.401795 1663.053160
3376.521952 1663.923824
3374.992635 1680.986372
3353.810044 1680.149454
3391.767734 1664.552321
3412.734840 1665.416676
3411.311989 1682.421341
3390.283330 1681.590504
3427.870340 1666.040628
3448.686052 1666.898741
3447.368169 1683.845912
3426.491769 1683.021091
3463.712462 1667.518195
3484.378413 1668.370134
3483.164024 1685.260197
3462.438238 1684.441326
3499.296909 1668.985140
3519.814710 1669.830972
3518.702366 1686.664308
3498.125567 1685.851324
3315.794669 1691.552343
3337.180354 1692.369818
3335.526907 1709.659423
3314.077234 1708.876621
3352.617327 1692.959901
3373.846712 1693.771403
3372.302374 1711.001539
3351.009909 1710.224474
3389.171068 1694.357181
3410.245860 1695.162772
3408.809085 1712.333846
3387.672106 1711.562454
3425.458827 1695.744293
3446.380709 1696.544039
3445.049976 1713.656452
3424.066787 1712.890673
3461.483497 1697.121349
3482.254127 1697.915313
3481.027940 1714.969462
3460.196866 1714.209235
3497.247928 1698.488457
3517.868940 1699.276702
3516.745827 1716.272981
3496.065223 1715.518246
3312.790287 1721.858447
3334.287922 1722.615132
3332.618094 1740.076026
3311.055802 1739.354727
3349.805423 1723.161325
3371.145168 1723.912452
3369.585587 1741.312658
3348.182105 1740.596671
3386.548910 1724.454641
3407.732497 1725.200271
3406.281593 1742.540208
3385.035176 1741.829476
3423.023727 1725.738500
3444.052864 1726.478694
3442.709093 1743.758777
3421.618017 1743.053240
3459.232808 1727.013005
3480.109180 1727.747822
3478.871023 1744.968461
3457.933591 1744.268065
3495.179050 1728.278259
3515.904314 1729.007758
3514.770277 1746.169359
3493.984816 1745.474045
