4368 2912
453.679786 1701.900134
685.906767 1679.176122
478.851251 1845.938926
714.789885 1810.233598
469.677228 1712.542238
494.663837 1709.990965
498.167335 1729.137070
473.121001 1731.872144
508.604189 1708.567578
532.898377 1706.087005
536.490066 1724.952206
512.140289 1727.611215
546.455081 1704.702790
570.085237 1702.290019
573.758989 1720.882418
550.077110 1723.468493
583.273915 1700.943381
606.266896 1698.595669
610.016980 1716.923025
586.975892 1719.439125
619.102334 1697.285099
641.483569 1694.999850
645.304623 1713.069594
622.878665 1715.518521
653.979771 1693.723918
675.773353 1691.498672
679.660356 1709.317928
657.825219 1711.702338
475.237816 1743.753834
500.320747 1740.905154
503.865563 1760.277057
478.722576 1763.313798
514.313676 1739.315970
538.697505 1736.546688
542.330958 1755.631251
517.891266 1758.583049
552.303132 1735.001490
576.016684 1732.308331
579.732564 1751.113929
555.967066 1753.984298
589.250870 1730.805319
612.321408 1728.185187
616.113908 1746.719832
592.995086 1749.512097
625.199157 1726.722655
647.652485 1724.172621
651.516175 1742.443987
629.017990 1745.161292
660.188007 1722.748956
682.048566 1720.266242
685.978364 1738.281684
664.076155 1740.927008
480.864660 1775.337322
506.044447 1772.184338
509.631316 1791.786059
484.391142 1795.131477
520.090229 1770.425541
544.564140 1767.360946
548.240089 1786.668722
523.710043 1789.920017
558.218916 1765.651111
582.016222 1762.671239
585.774957 1781.693724
561.925485 1784.854813
595.296095 1761.008349
618.444473 1758.109736
622.280111 1776.855207
599.083278 1779.929794
631.364673 1756.491883
653.890308 1753.671249
657.797351 1772.147632
635.226730 1775.139219
666.465253 1752.096629
688.392941 1749.350869
692.366244 1767.565755
670.396816 1770.477657
486.558950 1807.299390
511.836126 1803.835021
515.465802 1823.670673
490.127909 1827.331966
525.935035 1801.902692
550.499467 1798.536008
554.218663 1818.070935
529.597825 1821.628614
564.203615 1796.657783
588.085030 1793.384711
591.887366 1812.627856
567.953569 1816.086259
601.410768 1791.558349
624.637262 1788.375037
628.516779 1807.334953
605.241661 1810.698177
637.600050 1786.598419
660.198198 1783.501225
664.149328 1802.186096
641.506068 1805.458017
672.812665 1781.772347
694.807626 1778.757823
698.825162 1797.175482
676.788374 1800.359770
