4368 2912
606.018411 779.798634
1064.050930 716.774572
726.425063 1092.767780
1188.726523 1003.170334
646.870599 803.425490
692.466166 796.942314
707.931333 836.239998
662.268210 843.054290
722.665999 792.648238
767.112543 786.328440
782.682105 825.084966
738.174329 831.726846
796.556101 782.141898
839.896514 775.979379
855.560453 814.209355
812.164723 820.685285
868.611853 771.896382
910.886920 765.885344
926.635858 803.602796
884.311012 809.918919
938.900727 761.902096
980.149252 756.037021
995.974408 793.255428
954.681290 799.417586
1007.486923 752.149912
1047.745847 746.425546
1063.639000 783.157864
1023.340339 789.171620
672.988121 870.644106
718.697703 863.597828
734.377995 903.442156
688.601591 910.828463
748.970366 858.931200
793.520205 852.063701
809.303576 891.352447
764.693305 898.550593
823.029638 847.514728
866.463320 840.819287
882.339647 879.567624
838.851510 886.584705
895.238026 836.383574
937.596978 829.853806
953.556793 868.076294
911.148978 874.919060
965.664061 825.527176
1006.987683 819.157008
1023.022128 856.867631
981.654873 863.542495
1034.372927 814.935485
1074.698720 808.719135
1090.799504 845.931331
1050.434975 852.444399
699.472313 938.806420
745.294650 931.181870
761.194589 971.584326
715.306212 979.558098
775.639260 926.132716
820.291021 918.702942
836.292635 958.534949
791.581295 966.304195
849.865373 913.781954
893.390849 906.539588
909.483912 945.816901
865.904895 953.389388
922.223903 901.741947
964.665174 894.679985
980.840132 933.417721
938.350961 940.800832
992.784458 890.001112
1034.181537 883.112897
1050.429450 921.325565
1008.989749 928.526315
1061.613230 878.548434
1102.004184 871.827632
1118.316694 909.529170
1077.888053 916.554234
726.330950 1007.932444
772.264698 999.713974
788.388929 1040.686370
742.389982 1049.263543
802.680311 994.272011
847.432534 986.264940
863.656948 1026.651553
818.846053 1035.007197
877.070791 980.962060
920.686497 973.158334
937.000767 1012.975531
893.332484 1021.118117
949.576822 967.989276
992.098762 960.381246
1008.493241 999.644719
965.924419 1007.582295
1020.269113 955.341005
1061.737922 947.921403
1078.203594 986.646209
1036.693226 994.386421
1089.214882 943.005223
1129.669202 935.767132
1146.197642 973.967730
1105.706737 981.517848
