2912 4368
348.492236 1847.041079
665.247445 1841.427881
296.156952 2058.827954
617.936743 2047.107620
361.925529 1863.374225
395.358872 1862.733931
388.002211 1892.874019
354.493350 1893.604237
412.943948 1862.397154
446.078822 1861.762577
438.836119 1891.766258
405.626879 1892.489946
463.507259 1861.428799
496.347642 1860.799862
489.217167 1890.668366
456.303547 1891.385612
513.621525 1860.469045
546.171328 1859.845673
539.151379 1889.580211
506.529450 1890.291101
563.292703 1859.517775
595.555764 1858.899894
588.644673 1888.501665
556.310574 1889.206282
612.526644 1858.574880
644.506734 1857.962418
637.702864 1887.432600
605.652802 1888.131027
350.417085 1910.184236
383.967395 1909.404578
376.574091 1939.694790
342.947778 1940.565266
401.613793 1908.994502
434.863849 1908.221821
427.585235 1938.374277
394.260337 1939.236950
452.352677 1907.815407
485.306491 1907.049610
478.140817 1937.065557
445.113301 1937.920533
502.639848 1906.646810
535.301362 1905.887805
528.246914 1935.768473
495.512817 1936.615852
552.481313 1905.488569
584.854399 1904.736268
577.909495 1934.482870
545.464923 1935.322755
601.882971 1904.340550
633.971433 1903.594862
627.134421 1933.208597
594.975549 1934.041085
338.851124 1957.228197
372.519152 1956.307788
365.088930 1986.749250
331.344409 1987.761379
390.227269 1955.823688
423.593242 1954.911537
416.278446 1985.213878
382.837150 1986.216912
441.142846 1954.431770
474.210812 1953.527766
467.009678 1983.692250
433.867540 1984.686312
491.604020 1953.052275
524.377954 1952.156309
517.288752 1982.184186
484.441775 1983.169394
541.616848 1951.685035
574.100653 1950.797001
567.121686 1980.689501
534.565945 1981.665975
591.187280 1950.329891
623.384791 1949.449684
616.514394 1979.208022
584.246031 1980.175876
327.227212 2004.507866
361.013719 2003.445307
353.546303 2034.039153
319.682808 2035.194347
378.783951 2002.886447
412.266586 2001.833445
404.915339 2032.286790
371.356896 2033.431577
429.877353 2001.279599
463.060201 2000.236025
455.823343 2030.550153
422.565849 2031.684673
480.513641 1999.687128
513.400707 1998.652856
506.276494 2028.829032
473.315919 2029.953424
530.698919 1998.108841
563.294141 1997.083747
556.280861 2027.123221
523.613246 2028.237619
580.439187 1996.544549
612.746433 1995.528511
605.842405 2025.432516
573.463863 2026.537053
