4368 2912
3399.480103 827.087212
4215.261243 1334.769051
2922.798757 1045.405225
3723.081333 1659.060076
3403.905448 875.833855
3468.011310 916.398675
3410.712535 944.110261
3346.804703 902.658391
3514.829490 946.024219
3582.541254 988.870776
3524.944645 1018.203442
3457.400290 974.392852
3632.030384 1020.186440
3703.661082 1065.512816
3645.827640 1096.610517
3574.327297 1050.233995
3756.056425 1098.667469
3831.956402 1146.695353
3773.959785 1179.719532
3698.145439 1130.544864
3887.521681 1181.855874
3968.084322 1232.834193
3910.013314 1267.966512
3829.482412 1215.732594
4027.116166 1270.188282
4112.784715 1324.397510
4054.746231 1361.843112
3969.044530 1306.255312
3304.213838 922.666540
3367.960838 964.786398
3308.378956 993.602170
3244.874734 950.542603
3414.541671 995.563973
3481.947143 1040.101109
3421.989038 1070.636432
3354.797069 1025.076358
3531.240087 1072.670669
3602.628262 1119.839316
3542.352828 1152.250103
3471.142299 1103.965210
3654.877268 1154.362049
3730.611854 1204.402520
3670.091004 1238.864037
3594.490310 1187.602357
3786.091034 1241.059542
3866.581413 1294.242331
3805.902695 1330.952285
3725.492964 1276.429798
3925.599846 1333.237860
4011.308478 1389.868530
3950.578293 1429.050779
3864.885617 1370.946147
3200.597803 971.342825
3263.906678 1015.110436
3201.902461 1045.097729
3138.886097 1000.333478
3310.192932 1047.109721
3377.210384 1093.441199
3314.742511 1125.254691
3247.990024 1077.836451
3426.248237 1127.342760
3497.309948 1176.470173
3434.434524 1210.279006
3363.603520 1159.963555
3549.352264 1212.448824
3624.835689 1264.633120
3561.622147 1300.627896
3486.327079 1247.141357
3680.167290 1302.885767
3760.498358 1358.421407
3697.032250 1396.817701
3616.837394 1339.850552
3819.441245 1399.170658
3905.102403 1458.391174
3841.488823 1499.433748
3755.899848 1438.634837
3092.820958 1021.973756
3155.603603 1067.489390
3091.026268 1098.721129
3028.591452 1052.147211
3201.531521 1100.785826
3268.069694 1149.024113
3202.931107 1182.197740
3136.715395 1132.803422
3316.786522 1184.342431
3387.427568 1235.555182
3321.780223 1270.854508
3251.429469 1218.375612
3439.195273 1273.085298
3514.330727 1327.556369
3448.240708 1365.189058
3373.355113 1309.327348
3569.445142 1367.512755
3649.517995 1425.563300
3583.067923 1465.764860
3503.194434 1406.182378
3708.314475 1468.189079
3793.827909 1530.183890
3727.120599 1573.222493
3641.743741 1509.534714
