4368 2912
342.575264 1592.893221
1756.125483 1572.825380
230.133518 2618.096170
1737.548184 2576.176546
408.679078 1667.608242
560.814836 1665.295122
547.314445 1809.732378
393.766285 1812.357210
636.114421 1664.150244
787.347152 1661.850854
775.939535 1805.824143
623.311039 1808.433253
862.200445 1660.712761
1012.538165 1658.426980
1003.198706 1801.939258
851.481636 1804.532787
1086.949124 1657.295612
1236.399755 1655.023318
1229.104161 1798.077513
1078.290377 1800.655602
1310.372289 1653.898616
1458.943658 1651.639690
1453.667960 1794.238704
1303.749420 1796.801488
1532.481631 1650.521597
1680.181476 1648.275922
1676.902020 1790.422626
1527.870775 1792.970242
385.982916 1887.905397
540.268439 1885.115796
526.390313 2033.594347
370.652015 2036.712664
616.628902 1883.735141
769.986018 1880.962326
758.260193 2028.951662
603.467650 2032.051042
845.887675 1879.589966
998.324737 1876.833787
988.725551 2024.337099
834.870173 2027.417715
1073.771711 1875.469647
1225.296975 1872.729954
1217.799107 2019.750404
1064.872409 2022.812426
1300.293339 1871.373963
1450.914963 1868.650608
1445.493434 2015.191326
1293.487032 2018.234921
1525.464741 1867.302691
1675.190782 1864.595528
1671.820947 2010.659615
1520.726560 2013.684949
362.648889 2114.393899
519.145777 2111.101785
504.873838 2263.793645
346.882046 2267.432561
596.597428 2109.472490
752.139443 2106.200464
740.081908 2258.376260
583.063088 2261.992766
829.119238 2104.581096
983.715092 2101.328973
973.845191 2252.992151
817.790381 2256.586454
1060.227331 2099.719439
1213.885631 2096.487040
1206.176958 2247.641012
1051.077308 2251.213316
1289.934561 2094.887253
1442.663810 2091.674397
1437.090319 2242.322544
1282.937086 2245.873049
1518.253625 2090.084267
1670.062223 2086.890779
1666.598223 2237.036446
1513.382771 2240.565352
338.649723 2347.338473
497.422262 2343.516156
482.739504 2500.603243
322.428078 2504.791616
575.996726 2341.624541
733.786777 2337.825877
721.383253 2494.368324
562.073206 2498.530534
811.875771 2335.945949
968.692426 2332.170718
958.540195 2488.172249
800.222173 2492.308541
1046.300438 2330.302370
1202.152676 2326.550357
1194.224182 2482.014658
1036.888948 2486.125273
1279.284134 2324.693480
1434.180825 2320.964472
1428.448893 2475.895193
1272.087324 2479.980369
1510.840105 2319.118963
1664.790009 2315.412747
1661.227840 2469.813499
1505.830926 2473.873473
