2912 4368
2269.963615 2728.874092
2725.854985 2775.125748
2216.476154 3035.471069
2691.607907 3107.468833
2294.375456 2760.861469
2332.450168 2764.885195
2326.445198 2801.673121
2288.190853 2797.402996
2361.969184 2768.004756
2400.872743 2772.116075
2395.197218 2809.347536
2356.105297 2804.983916
2431.037870 2775.303917
2470.797639 2779.505720
2465.467604 2817.191437
2425.510295 2812.731220
2501.630326 2782.764110
2542.274883 2787.059417
2537.307217 2825.210504
2496.455462 2820.650444
2573.797537 2790.390723
2615.356750 2794.782690
2610.769214 2833.410667
2568.992640 2828.747375
2647.592792 2798.189387
2690.097886 2802.681314
2685.909180 2841.798134
2643.176024 2837.028063
2283.263311 2826.517211
2321.660480 2830.985469
2315.531277 2868.534470
2276.951547 2863.810063
2351.432770 2834.450056
2390.674497 2839.016596
2384.880257 2877.026827
2345.446992 2872.197897
2421.105256 2842.557808
2461.219715 2847.225907
2455.776945 2885.708712
2415.461502 2880.771752
2492.331032 2850.846315
2533.347664 2855.619400
2528.273738 2894.586544
2487.046181 2889.537889
2565.162627 2859.321690
2607.112213 2864.203343
2602.425427 2903.667032
2560.254446 2898.502846
2639.654967 2867.990326
2682.569705 2872.984292
2678.289328 2912.957194
2635.142166 2907.673467
2271.922169 2893.525982
2310.647059 2898.456389
2304.389729 2936.790327
2265.479281 2931.593572
2340.676830 2902.279743
2380.262437 2907.319734
2374.345718 2946.133427
2334.565319 2940.820484
2410.963390 2911.228542
2451.438732 2916.381813
2445.879612 2955.687265
2405.199757 2950.254194
2482.833622 2920.378973
2524.229036 2925.649387
2519.045405 2965.459056
2477.435240 2959.901734
2556.341660 2929.737927
2598.688878 2935.129523
2593.899585 2975.456341
2551.326827 2969.770459
2631.544134 2939.312615
2674.876365 2944.829622
2670.501274 2985.687018
2626.932132 2979.868062
2260.344875 2961.930044
2299.402873 2967.341029
2293.013355 3006.484780
2253.766735 3000.796767
2329.694432 2971.537537
2369.629769 2977.070067
2363.586645 3016.712969
2323.453185 3010.896426
2400.605590 2981.361370
2441.448162 2987.019586
2435.768921 3027.174348
2394.718217 3021.224868
2473.131696 2991.408934
2514.912774 2997.197168
2509.615841 3037.876984
2467.616085 3031.789958
2547.328556 3001.687959
2590.080863 3007.610744
2585.185662 3048.829320
2542.203557 3042.599922
2623.254572 3012.206536
2667.012373 3018.268620
2662.539389 3060.040197
2618.540064 3053.663374
