2912 4368
2021.724061 3129.738564
2493.071412 3208.932090
1958.845083 3454.352683
2439.541730 3558.763800
2046.245445 3165.841782
2085.660095 3172.627858
2078.273101 3212.068036
2038.770318 3205.033216
2116.200253 3177.886001
2156.426002 3184.811724
2149.201020 3224.699176
2108.882583 3217.519100
2187.597881 3190.178632
2228.660027 3197.248359
2221.605423 3237.593253
2180.445805 3230.263378
2260.483435 3202.727441
2302.408335 3209.945711
2295.532895 3250.758566
2253.505496 3243.274152
2334.903913 3215.540520
2377.719051 3222.912063
2371.032007 3264.203763
2328.109089 3256.559870
2410.908322 3228.626307
2454.642354 3236.156058
2448.153414 3277.937865
2404.306047 3270.129343
2032.839677 3236.127035
2072.412184 3243.360273
2064.936537 3283.273789
2025.275356 3275.786103
2103.076516 3248.965236
2143.468296 3256.348225
2136.155705 3296.719349
2095.670631 3289.076118
2174.770774 3262.069830
2216.007535 3269.607268
2208.866490 3310.446512
2167.531579 3302.642840
2247.968289 3275.449197
2290.076825 3283.145982
2283.116247 3324.464221
2240.904458 3316.495002
2322.716842 3289.112069
2365.725095 3296.973308
2358.954359 3338.781797
2315.837489 3330.641706
2399.066260 3303.067555
2443.003377 3311.098576
2436.432344 3353.408967
2392.380969 3345.092450
2019.273740 3307.252044
2059.005070 3314.942706
2051.439161 3355.338131
2011.618619 3347.387166
2089.794359 3320.902487
2130.353254 3328.753338
2122.951451 3369.616985
2082.298654 3361.499843
2161.787211 3334.837905
2203.199800 3342.854002
2195.970715 3384.196738
2154.459297 3375.908155
2235.298883 3349.067316
2277.592406 3357.253933
2270.545097 3399.087000
2228.147564 3390.621487
2310.377953 3363.600123
2353.580820 3371.962759
2346.724810 3414.297799
2303.412483 3405.649629
2387.075089 3378.446133
2431.216947 3386.990527
2424.562255 3429.839597
2380.305206 3421.002794
2005.544745 3379.231950
2045.435863 3387.390570
2037.778051 3428.276686
1997.797181 3419.851748
2076.350897 3393.713384
2117.077995 3402.042982
2109.585336 3443.408221
2068.763727 3434.806119
2148.644312 3408.498996
2190.233948 3417.005002
2182.915186 3458.860597
2141.226037 3450.075684
2222.472347 3423.598472
2264.952213 3432.286551
2257.816544 3474.644129
2215.231904 3465.670514
2297.884390 3439.021914
2341.283381 3447.897973
2334.340477 3490.769576
2290.831178 3481.601113
2374.931973 3454.779860
2419.280245 3463.850069
2412.540286 3507.248171
2368.075881 3497.878443
