4368 2912
1202.410428 977.412746
1580.068763 984.544794
1283.451727 1238.958520
1677.809663 1209.536480
1235.030379 1000.804393
1274.947199 1001.251950
1285.291079 1032.359723
1245.109212 1032.356479
1300.593876 1001.539507
1338.697813 1001.966737
1349.440642 1032.364902
1311.101852 1032.361806
1363.192815 1002.241381
1399.604627 1002.649639
1410.700645 1032.369847
1374.080970 1032.366891
1423.023821 1002.912220
1457.853773 1003.302742
1469.262026 1032.374575
1434.248375 1032.371748
1480.266508 1003.554039
1513.615488 1003.927955
1525.299260 1032.379099
1491.788250 1032.376393
1535.085277 1004.168680
1567.045774 1004.527029
1578.972099 1032.383432
1546.869035 1032.380840
1252.347533 1055.016256
1292.717882 1054.694797
1303.430553 1086.911658
1262.791007 1087.709858
1318.645258 1054.488345
1357.150795 1054.181735
1368.267628 1085.638194
1329.524328 1086.399150
1381.894221 1053.984710
1418.661235 1053.691944
1430.134677 1084.423065
1393.157935 1085.149324
1442.299994 1053.503715
1477.443626 1053.223876
1489.231205 1083.262351
1453.902894 1083.956233
1500.050077 1053.043867
1533.675517 1052.776116
1545.739240 1082.152478
1511.951535 1082.816101
1555.315835 1052.603800
1587.519379 1052.347372
1599.825205 1081.090176
1567.479484 1081.725478
1270.293587 1111.196909
1311.124523 1110.050196
1322.226065 1143.436533
1281.121854 1145.095116
1337.336503 1109.314048
1376.248558 1108.221226
1387.759274 1140.792223
1348.606680 1142.372057
1401.243025 1107.519272
1438.368359 1106.476629
1450.238813 1138.271130
1412.902071 1139.777694
1462.228212 1105.806539
1497.687121 1104.810696
1509.873264 1135.864839
1474.228913 1137.303113
1520.487900 1104.170350
1554.390118 1103.218226
1566.852632 1133.565683
1532.788158 1134.940208
1576.200806 1102.605686
1608.646640 1101.694464
1621.350372 1131.366661
1588.763017 1132.681584
1288.903435 1169.455586
1330.201881 1167.422683
1341.713860 1202.043350
1300.138159 1204.626222
1356.702247 1166.118212
1396.025501 1164.182537
1407.951408 1197.928373
1368.385006 1200.386418
1421.273437 1162.939716
1458.759886 1161.094457
1471.048322 1194.008506
1433.348998 1196.350559
1482.842126 1159.909017
1518.617527 1158.147985
1531.222797 1190.270194
1495.261445 1192.504276
1541.612977 1157.016041
1575.791863 1155.333596
1588.673273 1186.701109
1554.332421 1188.834519
1597.772464 1154.251609
1630.459368 1152.642606
1643.580623 1183.290015
1610.753152 1185.329406
