4368 2912
3549.847777 2231.725571
3933.012985 2210.162199
3631.287608 2525.423090
4032.921385 2492.976083
3580.112651 2255.142601
3618.231994 2252.922915
3629.237528 2290.825734
3590.874024 2293.180387
3641.766530 2251.552499
3679.505112 2249.354985
3690.899467 2287.041081
3652.921940 2289.372045
3702.805156 2247.998225
3740.168652 2245.822551
3751.943534 2283.294351
3714.346187 2285.601981
3763.237690 2244.479242
3800.231666 2242.325085
3812.378971 2279.584979
3775.156123 2281.869621
3823.073116 2240.995029
3859.703025 2238.862072
3872.214834 2275.912406
3835.360919 2278.174405
3882.320240 2237.545073
3918.591431 2235.433004
3931.460001 2272.276088
3894.969560 2274.515778
3597.848523 2317.832866
3636.370003 2315.389822
3647.642447 2354.211876
3608.871715 2356.796092
3660.151378 2313.881599
3698.283487 2311.463248
3709.952771 2350.058654
3671.576802 2352.616559
3721.825088 2309.970233
3759.573698 2307.576204
3771.631248 2345.947549
3733.644044 2348.479541
3782.879134 2306.098165
3820.250003 2303.728092
3832.687441 2341.877921
3795.083126 2344.384392
3843.322809 2302.264808
3880.321578 2299.918334
3893.130722 2337.849145
3855.903533 2340.330480
3903.165221 2298.469584
3939.797420 2296.146357
3952.970272 2333.860612
3916.114566 2336.317185
3616.016937 2382.052018
3654.948956 2379.375331
3666.498140 2419.150469
3627.311621 2421.974873
3678.982292 2377.722970
3717.516035 2375.073665
3729.470320 2414.611692
3690.687653 2417.406989
3741.304137 2373.438164
3779.445685 2370.815824
3791.796203 2410.119499
3753.411179 2412.886134
3802.992287 2369.196928
3840.747596 2366.601142
3853.485688 2405.673174
3815.492222 2408.411587
3864.056359 2364.998597
3901.431268 2362.428965
3914.548473 2401.272018
3876.940604 2403.982640
3924.505774 2360.842527
3961.506004 2358.298655
3974.994060 2396.915348
3937.765947 2399.598597
3634.633912 2447.856678
3673.985130 2444.935500
3685.821372 2485.699257
3646.210241 2488.775055
3698.275705 2443.132326
3737.219437 2440.241397
3749.469292 2480.757007
3710.271420 2483.800714
3761.259128 2438.456846
3799.801670 2435.595700
3812.455966 2475.866101
3773.664920 2478.878220
3823.594347 2433.829486
3861.741866 2430.997663
3874.791646 2471.025746
3836.401124 2474.006764
3885.291316 2429.249505
3923.049854 2426.446557
3936.486371 2466.235161
3898.490201 2469.185557
3946.359788 2424.716180
3983.735265 2421.941667
3997.549976 2461.493582
3959.942115 2464.413826
