4368 2912
3691.862343 2140.099031
4127.743085 2233.759501
3596.137811 2411.915573
4023.668390 2533.367332
3708.036673 2168.461496
3747.385820 2177.125055
3734.210432 2214.619470
3694.964033 2205.617918
3771.673615 2182.472535
3812.182409 2191.391414
3798.838408 2229.442539
3758.434941 2220.175602
3837.191287 2196.897656
3878.911757 2206.083313
3865.394870 2244.707925
3823.782401 2235.163692
3904.674311 2211.755492
3947.661649 2221.220076
3933.967443 2260.435727
3891.090883 2250.601561
3974.212470 2227.065809
4018.525266 2236.822222
4004.649144 2276.647278
3960.450004 2266.509766
4045.901095 2242.849599
4091.601611 2252.911547
4077.538800 2293.365246
4031.954928 2282.910130
3686.747820 2228.970896
3725.929596 2238.185008
3712.737836 2275.726015
3673.659080 2266.173076
3750.114300 2243.872361
3790.451520 2253.358192
3777.090693 2291.457295
3736.859084 2281.622537
3815.354702 2259.214504
3856.899240 2268.984251
3843.365054 2307.658293
3801.928814 2297.529060
3882.553400 2275.017166
3925.360283 2285.083770
3911.648287 2324.350368
3868.952488 2313.913230
3951.799908 2291.301398
3995.927559 2301.678598
3982.033133 2341.556188
3938.019459 2330.796892
4023.189283 2308.089553
4068.699784 2318.791949
4054.618133 2359.299845
4009.224612 2348.203239
3665.432747 2289.554822
3704.446706 2299.320845
3691.238544 2336.908529
3652.327878 2326.802846
3728.528043 2305.348914
3768.693226 2315.403112
3755.315542 2353.550284
3715.256255 2343.146287
3793.490427 2321.610378
3834.858550 2331.965696
3821.307033 2370.689262
3780.047505 2359.973544
3860.404014 2338.360268
3903.029942 2349.030442
3889.300121 2388.348083
3846.785588 2377.306423
3929.358057 2355.620928
3973.300039 2366.620538
3959.387272 2406.550766
3915.559591 2395.168062
4000.447332 2373.416082
4045.767270 2384.760625
4031.666742 2425.322826
3986.464120 2413.583028
3644.091403 2350.213414
3682.937102 2360.532705
3669.712506 2398.167154
3630.970376 2387.507365
3706.914796 2366.902337
3746.907478 2377.526322
3733.512904 2415.721656
3693.626404 2404.746997
3771.598407 2384.085425
3812.789632 2395.027802
3799.220751 2433.800985
3758.138418 2422.497297
3838.226102 2401.784955
3880.670568 2413.060252
3866.922887 2452.429039
3824.590126 2440.781298
3906.886861 2420.024564
3950.642647 2431.648212
3936.711504 2471.631181
3893.070343 2459.623439
3977.675183 2438.829358
4022.804009 2450.817751
4008.684564 2491.434368
3963.673393 2479.049670
