2912 4368
2169.648953 2140.406253
2469.937839 2185.070002
2136.734857 2328.685061
2450.808831 2369.514614
2183.896416 2158.129306
2215.349659 2162.761351
2211.213775 2188.261090
2179.563809 2183.679804
2232.365616 2165.267252
2263.526566 2169.856252
2259.689828 2195.277927
2228.335689 2190.739462
2280.384762 2172.338919
2311.257475 2176.885472
2307.714519 2202.229430
2276.652080 2197.733188
2327.960093 2179.345228
2358.548551 2183.849918
2355.294124 2209.116507
2324.519332 2204.661901
2375.097736 2186.287078
2405.405845 2190.750483
2402.434801 2215.940050
2371.943679 2211.526505
2421.803701 2193.165357
2451.835298 2197.588040
2449.142596 2222.700934
2418.931239 2218.327885
2176.992038 2198.846197
2208.758845 2203.396925
2204.545458 2229.374502
2172.577992 2224.876964
2225.943689 2205.858726
2257.412560 2210.366774
2253.504265 2236.262571
2221.838373 2231.807461
2274.436608 2212.805540
2305.611714 2217.271504
2302.002992 2243.085910
2270.634426 2238.672632
2322.477211 2219.687557
2353.362647 2224.112025
2350.048093 2249.845429
2318.972686 2245.473395
2370.071799 2226.505681
2400.671584 2230.889228
2397.645904 2256.542018
2366.859565 2252.210653
2417.226554 2233.260797
2447.544632 2237.603988
2444.802642 2263.176551
2414.301356 2258.885292
2169.957652 2240.329781
2202.044309 2244.795300
2197.751222 2271.264273
2165.459848 2266.854484
2219.401414 2247.210899
2251.184327 2251.634146
2247.202455 2278.017454
2215.218571 2273.649657
2268.377511 2254.026932
2299.860971 2258.408504
2296.184634 2284.706580
2264.503869 2280.380178
2316.892545 2260.778798
2348.080766 2265.119282
2344.704402 2291.332558
2313.322467 2287.046965
2364.952998 2267.467401
2395.850113 2271.767371
2392.768276 2297.896278
2361.680963 2293.650919
2412.565229 2274.093623
2443.175294 2278.353645
2440.382651 2304.398614
2409.585830 2300.192925
2162.789550 2282.601917
2195.202536 2286.978158
2190.827464 2313.952604
2158.205583 2309.634751
2212.735374 2289.345356
2244.838635 2293.679780
2240.781089 2320.564497
2208.472789 2316.288150
2262.204337 2296.024411
2294.002292 2300.317614
2290.256422 2327.113083
2258.257203 2322.877646
2311.203235 2302.640001
2342.700218 2306.892568
2339.260299 2333.599267
2307.565748 2329.404156
2359.738736 2309.193025
2390.939000 2313.405531
2387.799428 2340.023937
2356.405213 2335.868579
2407.817384 2315.684367
2438.725102 2319.857375
2435.880389 2346.387963
2404.782261 2342.271795
