4368 2912
3334.527445 2230.075495
3698.795784 2283.902313
3273.752268 2471.607571
3646.836548 2543.109240
3350.812216 2254.948925
3383.613658 2259.912942
3376.110729 2290.747514
3343.215212 2285.588483
3405.391007 2263.208624
3438.815309 2268.266902
3431.474199 2299.430214
3397.951392 2294.172804
3461.008154 2271.625463
3495.073228 2276.780712
3487.901553 2308.279762
3453.733339 2302.921133
3517.693575 2280.203970
3552.418025 2285.459006
3545.423754 2317.301017
3510.591313 2311.838217
3575.478348 2288.948848
3610.881505 2294.306596
3604.072978 2326.499024
3568.556753 2320.928985
3634.394765 2297.864983
3670.496725 2303.328485
3663.882676 2335.879029
3627.662331 2330.198562
3337.816709 2307.361245
3370.778861 2312.659738
3363.167890 2343.938329
3330.110932 2338.439497
3392.664376 2316.177720
3426.256973 2321.577555
3418.809136 2353.193927
3385.117225 2347.589474
3448.563086 2325.163146
3482.804389 2330.667256
3475.527440 2362.628687
3441.182104 2356.915540
3505.543343 2334.322424
3540.452326 2339.933861
3533.354380 2372.247862
3498.336423 2366.422829
3563.636843 2343.660651
3599.233227 2349.382584
3592.322781 2382.056912
3556.612250 2376.116673
3622.876532 2353.183121
3659.180823 2359.018846
3652.466777 2392.061516
3616.042921 2386.002620
3324.634856 2360.525118
3357.758966 2366.167229
3350.037602 2397.899499
3316.817953 2392.051554
3379.753511 2369.913615
3413.515784 2375.664426
3405.958876 2407.743811
3372.096475 2401.782716
3435.936121 2379.483338
3470.355178 2385.346021
3462.970620 2417.780088
3428.446629 2411.702528
3493.213792 2389.239585
3528.308987 2395.217436
3521.105043 2428.014000
3485.899883 2421.816527
3551.618856 2399.187864
3587.410309 2405.284311
3580.395638 2438.451443
3544.488949 2432.130474
3611.184928 2409.333901
3647.693568 2415.552508
3640.877240 2449.098549
3604.247842 2442.650355
3311.262620 2414.456826
3344.549939 2420.451990
3336.715762 2452.647882
3303.332170 2446.441211
3366.654381 2424.433078
3400.587719 2430.544593
3392.919326 2463.097237
3358.885043 2456.769590
3423.123240 2434.603320
3457.721588 2440.834605
3450.227016 2473.751871
3415.522830 2467.299676
3480.700922 2444.973265
3515.984023 2451.327876
3508.671689 2484.617893
3473.277625 2478.037436
3539.420411 2455.548853
3575.408795 2462.030488
3568.287522 2495.701657
3532.182803 2488.989075
3599.316010 2466.336262
3636.031038 2472.948769
3629.110074 2507.009773
3592.273080 2500.161047
