2912 4368
2377.161887 3090.931528
2754.634068 3126.918211
2293.086212 3374.639448
2670.552955 3427.632937
2392.891759 3119.986154
2425.725339 3123.240140
2415.364512 3158.519908
2382.532765 3155.084771
2449.389830 3125.585420
2482.793621 3128.895917
2472.430798 3164.490670
2439.027991 3160.995784
2506.870877 3131.282104
2540.859864 3134.650598
2530.496560 3170.566005
2496.507665 3167.009797
2565.360779 3137.078772
2599.950475 3140.506799
2589.588290 3176.748686
2554.997743 3173.129528
2624.886330 3142.978077
2660.092802 3146.467230
2649.733420 3183.041583
2614.525104 3179.357788
2685.475284 3148.982772
2721.315177 3152.534701
2710.960372 3189.447669
2675.117588 3185.697491
2374.596313 3181.975268
2407.426548 3185.549556
2397.009687 3221.020124
2364.181576 3217.262754
2431.089176 3188.125750
2464.491119 3191.762282
2454.071763 3227.551214
2420.671096 3223.728312
2488.567610 3194.383534
2522.556325 3198.083948
2512.135990 3234.197006
2478.147657 3230.306842
2547.057632 3200.751451
2581.648719 3204.517446
2571.229004 3240.960549
2536.637356 3237.001332
2606.586186 3207.232434
2641.795801 3211.065770
2631.378389 3247.845000
2596.167221 3243.814875
2667.181179 3213.829523
2703.026061 3217.732022
2692.612728 3254.853630
2656.765246 3250.750675
2356.202359 3244.298146
2389.028735 3248.196152
2378.555386 3283.859071
2345.731429 3279.776029
2412.689132 3251.005732
2446.088712 3254.971804
2435.612360 3290.956510
2402.214352 3286.802060
2470.164069 3257.830660
2504.151998 3261.866595
2493.674160 3298.178940
2459.686909 3293.951194
2528.653329 3264.776034
2563.245291 3268.883696
2552.767564 3305.529694
2518.175337 3301.226694
2588.184001 3271.845071
2623.396244 3276.026389
2612.920313 3313.012223
2577.706813 3308.631941
2648.784150 3279.041105
2684.633507 3283.298078
2674.161150 3320.630101
2638.309487 3316.170436
2337.709101 3306.957491
2370.531095 3311.182670
2360.000796 3347.039510
2327.181521 3342.627317
2394.188888 3314.228141
2427.585580 3318.527301
2417.051763 3354.709391
2383.656943 3350.219821
2451.659429 3321.626331
2485.646048 3326.001432
2475.110228 3362.514718
2441.124589 3357.945720
2510.147027 3329.155446
2544.739341 3333.608519
2534.203116 3370.459113
2499.610840 3365.808558
2569.678919 3336.818994
2604.893266 3341.352141
2594.358322 3378.546324
2559.143018 3373.812010
2630.283327 3344.620607
2666.136637 3349.236008
2655.604750 3386.780238
2619.749436 3381.959882
