2912 4368
1334.593387 3541.145068
1885.374266 3528.614264
1330.621578 3964.843635
1914.459262 3954.814738
1367.099788 3576.014852
1420.295191 3574.828211
1420.498425 3629.813115
1366.896287 3630.970319
1453.340289 3574.091067
1506.655761 3572.901747
1507.520528 3627.934415
1453.796476 3629.094252
1539.775488 3572.162938
1593.211434 3570.970931
1594.740736 3626.051438
1540.894355 3627.213915
1626.406044 3570.230452
1679.962875 3569.035748
1682.159728 3624.164170
1628.190599 3625.329297
1713.232621 3568.293592
1766.910747 3567.096183
1769.778184 3622.272595
1715.685887 3623.440381
1800.255884 3566.352346
1854.055718 3565.152222
1857.596787 3620.376699
1803.380899 3621.547154
1366.764325 3666.606684
1420.630216 3665.468881
1420.838628 3721.854540
1366.555644 3722.961161
1454.092299 3664.762064
1508.081307 3663.621662
1508.968130 3720.057920
1454.560113 3721.167089
1541.619915 3662.913229
1595.732462 3661.770216
1597.300814 3718.257157
1542.767331 3719.368884
1629.347859 3661.060162
1683.584371 3659.914530
1685.837383 3716.452237
1631.178001 3717.566531
1717.276819 3659.202848
1771.637722 3658.054590
1774.578546 3714.643148
1719.792827 3715.760017
1805.407488 3657.341275
1859.893208 3656.190379
1863.525010 3712.829872
1808.612517 3713.949326
1366.420301 3759.510528
1420.973798 3758.424460
1421.187588 3816.265091
1366.206239 3817.318125
1454.863523 3757.749773
1509.543303 3756.661190
1510.453037 3814.555428
1455.343414 3815.610920
1543.511523 3755.984940
1598.318026 3754.893835
1599.926941 3812.841773
1544.688595 3813.899730
1632.365013 3754.216016
1687.298679 3753.122380
1689.610033 3811.124111
1634.242512 3812.184542
1721.424710 3752.442987
1776.485981 3751.346810
1779.503046 3809.402428
1724.005898 3810.465342
1810.691329 3750.665839
1865.880652 3749.567113
1869.606719 3807.676712
1813.979487 3808.742116
1366.067383 3854.816038
1421.326269 3853.784777
1421.545647 3913.137433
1365.847729 3914.133693
1455.654708 3853.144128
1511.043166 3852.110450
1511.976709 3911.519906
1456.147148 3912.518521
1545.452147 3851.468298
1600.970634 3850.432192
1602.621708 3909.898553
1546.660039 3910.899531
1635.460440 3849.788532
1691.109414 3848.749992
1693.481406 3908.273360
1637.387157 3909.276709
1725.680332 3848.104818
1781.460254 3847.063834
1784.556563 3906.644312
1728.329266 3907.650041
1816.112568 3846.417140
1872.023901 3845.373704
1875.847951 3905.011397
1819.487129 3906.019514
