4368 2912
680.099689 1236.791538
923.795519 1204.748840
703.684596 1391.322844
948.678525 1346.325027
696.635238 1247.830019
722.744420 1244.288442
725.997233 1265.034539
699.866016 1268.761786
737.321697 1242.311109
762.744084 1238.862692
766.028996 1259.324577
740.586441 1262.953596
776.940419 1236.937032
801.702758 1233.578148
805.017004 1253.763491
780.236241 1257.298115
815.532891 1231.702161
839.660557 1228.429366
843.001553 1248.345534
818.857093 1251.789399
853.138477 1226.601156
876.655563 1223.411183
880.020890 1243.065252
856.488536 1246.421808
889.794555 1221.628946
912.723947 1218.518692
916.111343 1237.917461
893.168110 1241.189987
701.846323 1281.591930
727.990995 1277.750540
731.263813 1298.624228
705.097142 1302.653544
742.587485 1275.605904
768.042351 1271.865867
771.347198 1292.451925
745.872210 1296.374731
782.256254 1269.777444
807.048258 1266.134799
810.382354 1286.441036
785.571981 1290.261500
820.894420 1264.100407
845.049123 1260.551400
848.409869 1280.585309
824.238437 1284.307385
858.541632 1258.568970
882.083294 1255.110036
885.468263 1274.878815
861.911404 1278.506255
895.235530 1253.177602
918.187197 1249.805355
921.594115 1269.315919
898.628685 1272.852287
707.089754 1315.563400
733.269855 1311.418554
736.562863 1332.421014
710.360802 1336.756073
747.885521 1309.104595
773.372789 1305.069439
776.697753 1325.780806
751.190411 1330.000926
787.604212 1302.816313
812.425792 1298.886549
815.779916 1319.314769
790.940026 1323.424461
826.287927 1296.691889
850.469562 1292.863441
853.850236 1313.016139
829.651938 1317.019681
863.976599 1290.725001
887.542722 1286.994001
890.947505 1306.878497
867.366258 1310.779950
900.708133 1284.909647
923.681949 1281.272421
927.108558 1300.895750
904.121058 1304.698969
712.365831 1349.746388
738.581300 1345.294391
741.894685 1366.426817
715.657297 1371.071347
753.216101 1342.809061
778.735693 1338.475240
782.080958 1359.313063
756.541343 1363.834073
792.984587 1336.055446
817.835648 1331.835157
821.209982 1352.386462
796.340670 1356.788816
831.713699 1329.478340
855.922159 1325.367180
859.322938 1345.639726
835.097883 1349.928033
869.443660 1323.070914
893.034125 1319.064704
896.458896 1339.065937
872.853383 1343.244573
906.212641 1316.826685
929.208477 1312.921457
932.654948 1332.658529
909.645510 1336.731649
