4368 2912
506.458923 341.208321
1605.685366 368.431000
480.833563 1057.287197
1616.263402 1047.411363
577.694189 408.457956
682.344849 410.753459
679.966122 498.797745
574.871786 496.929528
756.103929 412.371357
859.012055 414.628637
857.372651 501.951424
754.035350 500.114442
931.548072 416.219708
1032.756828 418.439713
1031.832662 505.052725
930.208699 503.246200
1104.099949 420.004618
1203.651083 422.188264
1203.418960 508.102942
1103.466073 506.326122
1273.830498 423.727642
1371.764401 425.875813
1372.201968 511.103325
1273.879276 509.355485
1440.808350 427.390287
1537.164116 429.503841
1538.249827 514.055086
1441.517772 512.335522
572.791648 562.133979
678.213038 563.684996
675.800185 652.992392
569.928551 651.881143
752.510876 564.778105
856.164506 566.303114
854.501780 654.868078
750.412724 653.775539
929.221683 567.377970
1031.151648 568.877619
1030.214446 656.712394
927.863324 655.638096
1102.998983 569.934676
1203.247919 571.409593
1203.012549 658.526116
1102.356195 657.469608
1273.915218 572.449288
1372.524373 573.900079
1372.968010 660.310002
1273.964677 659.270844
1442.040471 574.922837
1539.049750 576.350090
1540.150402 662.064781
1442.759701 661.042550
567.818312 718.029116
674.021861 718.813884
671.574143 809.411767
564.913636 809.079658
748.866379 719.366930
853.276389 720.138445
851.589840 809.972283
746.738016 809.645805
926.862268 720.682190
1029.523791 721.440785
1028.573275 810.523357
925.484516 810.202370
1101.882516 721.975464
1202.839107 722.721459
1202.600422 811.065227
1101.230629 810.749591
1274.001122 723.247296
1373.294904 723.981004
1373.744739 811.598119
1274.051275 811.287703
1443.289651 724.498215
1540.961369 725.219938
1542.077271 812.122257
1444.018895 811.816932
562.772639 876.191783
669.770029 876.187823
667.286684 968.104369
559.825470 968.574304
745.169326 876.185032
850.346830 876.181140
848.635944 967.311317
743.010096 967.773225
924.469117 876.178395
1027.872774 876.174568
1026.908658 966.531717
923.071554 966.985804
1100.750220 876.171871
1202.424528 876.168107
1202.182456 965.765234
1100.089040 966.211694
1274.088233 876.165455
1374.076215 876.161754
1374.532380 965.011535
1274.139095 965.450562
1444.556249 876.159145
1542.899514 876.155505
1544.030986 964.270306
1445.295717 964.702082
