4368 2912
3447.017532 1920.133239
4150.259297 1873.306399
3463.610534 2318.186487
4248.223094 2284.604681
3489.386950 1950.126768
3555.776847 1945.830653
3559.485418 1996.090820
3492.178746 2000.245836
3597.235002 1943.147881
3664.477183 1938.796615
3669.702318 1989.286843
3601.519715 1993.495933
3706.469273 1936.079292
3774.580255 1931.671805
3781.361180 1982.393850
3712.285434 1986.658076
3817.116661 1928.919259
3886.113393 1924.454456
3894.490489 1975.410082
3824.503936 1979.730535
3929.204765 1921.665997
3999.104637 1917.142751
4009.119482 1968.333734
3938.203989 1972.711533
4042.761911 1914.317673
4113.582773 1909.734829
4125.278183 1961.162954
4053.415129 1965.599249
3494.006784 2033.063236
3561.913963 2029.003518
3565.793058 2081.574674
3496.926426 2085.477412
3604.325700 2026.468003
3673.124475 2022.354982
3678.591468 2075.182280
3608.807927 2079.136980
3716.094893 2019.786066
3785.802939 2015.618686
3792.899846 2068.704314
3722.180960 2072.712021
3829.343151 2013.015706
3899.978615 2008.792882
3908.748715 2062.139048
3837.075553 2066.200835
3944.100031 2006.155156
4015.681543 2001.875773
4026.169428 2055.484704
3953.522543 2059.601671
4060.395879 1999.202601
4132.942573 1994.865516
4145.194192 2048.739455
4071.553606 2052.912738
3498.839140 2119.814981
3568.334564 2116.018269
3572.396217 2171.063551
3501.895615 2174.685604
3611.744764 2113.646658
3682.173878 2109.798935
3687.899920 2165.129410
3616.438486 2168.800827
3726.169271 2107.395355
3797.551019 2103.495587
3804.986521 2159.113947
3732.544479 2162.835743
3842.143518 2101.059385
3914.497360 2097.106510
3923.688784 2153.015476
3850.245809 2156.788696
3959.699203 2094.637018
4033.045133 2090.629942
4044.040381 2146.832269
3969.575585 2150.657987
4078.868896 2088.126473
4153.227459 2084.064074
4166.075930 2140.562547
4090.567838 2144.441866
3503.899032 2210.651468
3575.058753 2207.147393
3579.316164 2264.845663
3507.102187 2268.155362
3619.515548 2204.958234
3691.654109 2201.405958
3697.658059 2259.421838
3624.436096 2262.777734
3736.724539 2199.186582
3809.862275 2195.585105
3817.661196 2253.921874
3743.409992 2257.324943
3855.559132 2193.334882
3929.716947 2189.683174
3939.360803 2248.344158
3864.058505 2251.795400
3976.053384 2187.401456
4051.252769 2183.698458
4062.793109 2242.687030
3986.417238 2246.187476
4098.242306 2181.384581
4174.505360 2177.629205
4187.995384 2236.948780
4110.522818 2240.499489
