4368 2912
348.108109 1606.498685
895.812155 1474.444488
504.786433 1987.611023
1049.443682 1794.132502
394.080419 1629.461544
456.991050 1613.740923
478.291617 1663.963870
415.379161 1680.618020
490.325299 1605.411089
550.138067 1590.464587
571.419640 1639.311073
511.622044 1655.140659
581.850894 1582.539928
638.789113 1568.311742
660.028563 1615.854569
603.120092 1630.919347
668.996006 1560.763397
723.262030 1547.202961
744.439532 1593.509345
690.215748 1607.863434
752.067765 1540.004749
803.845392 1527.066134
824.943968 1572.198256
773.219277 1585.890787
831.345245 1520.194247
880.801794 1507.835641
901.806930 1551.851136
852.412457 1564.926813
428.019047 1710.977184
490.930694 1693.764565
512.615694 1744.893936
449.708716 1763.072610
524.257852 1684.646259
584.044650 1668.288599
605.700663 1717.994516
545.935504 1735.265276
615.736809 1659.617629
672.625928 1644.052773
694.229917 1692.411593
637.376947 1708.840797
702.800520 1635.797008
756.997632 1620.968686
778.529915 1668.050827
724.381347 1683.698521
785.761107 1613.099003
837.452871 1598.956143
858.896648 1644.826685
807.264004 1659.747335
864.901949 1591.446079
914.258157 1577.942227
935.599118 1622.661431
886.311036 1636.904556
462.581668 1793.991566
525.483914 1775.234909
547.563849 1827.295466
484.673127 1847.052032
558.798325 1765.300972
618.548784 1747.484139
640.589206 1798.072371
580.867195 1816.833514
650.214665 1738.041773
707.044426 1721.095855
729.022421 1770.291857
672.235532 1788.130957
737.181181 1712.109455
791.299282 1695.972120
813.195336 1743.849679
759.132389 1760.833076
820.015057 1687.409438
871.611053 1672.024163
893.408572 1718.651398
841.878169 1734.839220
899.004030 1663.855923
948.250210 1649.171333
969.935115 1694.611260
920.763381 1710.058126
497.785652 1878.546406
560.667500 1858.191544
583.153257 1911.208959
520.290169 1932.598978
593.963204 1847.413720
653.666406 1828.087786
676.101565 1879.582037
616.433979 1899.884742
685.300110 1817.847952
742.059736 1799.474854
764.421534 1849.529968
707.711843 1868.826210
772.152846 1789.733711
826.181346 1772.244678
848.450469 1820.937983
794.484051 1839.300789
854.843724 1762.966663
906.333584 1746.299389
928.493672 1793.702197
877.076180 1811.197696
933.664891 1737.452241
982.790924 1721.550138
1004.828156 1767.728353
955.783174 1784.416573
