4368 2912
1055.100270 1526.832230
1283.906930 1526.310483
1059.521058 1674.858682
1293.484705 1665.742715
1068.923626 1539.136848
1093.000911 1539.011552
1093.730118 1558.842050
1069.576781 1559.086219
1106.499050 1538.941308
1130.134919 1538.818309
1130.979549 1558.465489
1107.270476 1558.705168
1143.386723 1538.749347
1166.593205 1538.628582
1167.548948 1558.095803
1144.271994 1558.331114
1179.605357 1538.560868
1202.394047 1538.442277
1203.456770 1557.732806
1180.600227 1557.963866
1215.172990 1538.375776
1237.555070 1538.259301
1238.720807 1557.376316
1216.273387 1557.603240
1250.107016 1538.193982
1272.093273 1538.079567
1273.358217 1557.026161
1251.309034 1557.249060
1069.978050 1571.342208
1094.178096 1571.024619
1094.915153 1591.068594
1070.638279 1591.507627
1107.744381 1570.846582
1131.498409 1570.534847
1132.352047 1590.391570
1108.524084 1590.822485
1144.815810 1570.360076
1168.136038 1570.054033
1169.101881 1589.726971
1145.710491 1590.149991
1181.211341 1569.882440
1204.109544 1569.581935
1205.183395 1589.074458
1182.216689 1589.489798
1216.949291 1569.413433
1239.436823 1569.118318
1240.614656 1588.433705
1218.061173 1588.841571
1252.047323 1568.952825
1274.135133 1568.662956
1275.413086 1587.804396
1253.261773 1588.204989
1071.043905 1603.896706
1095.367966 1603.382664
1096.113001 1623.643583
1071.711322 1624.281702
1109.003088 1603.094512
1132.876456 1602.589995
1133.739248 1622.659632
1109.791200 1623.285889
1146.260103 1602.307157
1169.695190 1601.811902
1170.671294 1621.693835
1147.164345 1622.308557
1182.834256 1601.534233
1205.843021 1601.047988
1206.928176 1620.745694
1183.850249 1621.349197
1218.744150 1600.775347
1241.338121 1600.297867
1242.528240 1619.814729
1219.867698 1620.407317
1254.007717 1600.030120
1276.198011 1599.561171
1277.489175 1618.900478
1255.234794 1619.482445
1072.121378 1636.806051
1096.570728 1636.091294
1097.323871 1656.572696
1072.796102 1657.414230
1110.275385 1635.690649
1134.269295 1634.989205
1135.141387 1655.275199
1111.072045 1656.101004
1147.719846 1634.595989
1171.270923 1633.907492
1172.257452 1654.001767
1148.633803 1654.812281
1184.474372 1633.521499
1207.594764 1632.845592
1208.691402 1652.751739
1185.501180 1653.547383
1220.557858 1632.466626
1243.259271 1631.802968
1244.461869 1651.524475
1221.693256 1652.305653
1255.988514 1631.430839
1278.282235 1630.779099
1279.586815 1650.319357
1257.228415 1651.086462
