2912 4368
568.864787 3510.973002
1191.412131 3480.604188
541.186095 4000.106968
1213.905304 3948.795306
604.659996 3549.860542
666.944216 3546.685030
664.550316 3608.759700
601.615538 3612.188416
705.372810 3544.725779
766.954626 3541.586080
765.595824 3603.254692
703.378028 3606.644347
804.951066 3539.648861
865.842296 3536.544370
865.495452 3597.812114
803.982452 3601.163371
903.413830 3534.628816
963.626025 3531.558945
964.268579 3592.430908
903.448468 3595.744415
1000.779741 3529.664692
1060.324195 3526.628866
1061.934154 3587.110040
1001.795290 3590.386434
1097.067025 3524.755562
1155.954785 3521.753216
1158.510700 3581.848504
1099.041701 3585.088403
599.632711 3652.782003
662.991283 3649.185966
660.515053 3713.395456
596.483172 3717.261177
702.078970 3646.967469
764.710986 3643.412669
763.305726 3707.189799
700.015739 3711.010729
803.351723 3641.219539
865.269612 3637.705271
864.910977 3701.055707
802.350066 3704.832621
903.471021 3635.537076
964.686925 3632.062650
965.351197 3694.991950
903.506834 3698.725605
1002.456458 3629.918968
1062.982248 3626.483711
1064.646308 3688.997325
1003.506255 3692.688460
1100.327185 3624.364127
1160.174467 3620.967380
1162.815783 3683.070657
1102.368076 3686.719994
594.431311 3759.268056
658.901939 3755.224063
656.339060 3821.680430
591.171154 3826.011864
698.671719 3752.729458
762.390374 3748.732634
760.936230 3814.728299
696.536454 3819.008679
801.697634 3746.267041
864.677394 3742.316564
864.306358 3807.857723
800.661212 3812.087947
903.530159 3739.879480
965.783803 3735.974550
966.470911 3801.067278
903.567208 3805.248221
1004.189908 3733.565483
1065.729921 3729.705317
1067.450858 3794.355568
1005.275716 3798.488087
1103.697026 3727.323787
1164.535609 3723.507617
1167.266681 3787.721233
1105.807517 3791.806163
589.046589 3869.507152
654.669001 3864.985632
652.014842 3933.808909
585.669882 3938.637031
695.145098 3862.196746
759.988758 3857.728884
758.483135 3926.060891
692.933959 3930.831101
799.985940 3854.972996
864.064628 3850.557843
863.680535 3918.405360
798.912910 3923.118695
903.591345 3847.834371
966.918519 3843.470998
967.629662 3910.840668
903.629694 3915.498139
1005.983022 3840.779374
1068.571826 3836.466876
1070.352604 3903.365211
1007.106725 3907.967804
1107.182177 3833.806544
1169.045449 3829.544038
1171.870929 3895.977417
1109.365889 3900.526097
