2912 4368
1923.301946 3203.195949
2247.059948 3280.282549
1890.263731 3429.336143
2214.019969 3518.330389
1940.567174 3228.984759
1968.945950 3235.828249
1964.768624 3264.652757
1936.390497 3257.677655
1989.270194 3240.729403
2018.083466 3247.677670
2013.905390 3276.730153
1985.092501 3269.648191
2038.720082 3252.654152
2067.977903 3259.709622
2063.799550 3288.993710
2034.541831 3281.802413
2088.934146 3264.763182
2118.646887 3271.928355
2114.468751 3301.447767
2084.755821 3294.144583
2139.930242 3277.060797
2170.108595 3284.338252
2165.931194 3314.096795
2135.752347 3306.679092
2191.726780 3289.551437
2222.381776 3296.943833
2218.205655 3326.945410
2187.549844 3319.410474
1933.330832 3278.696923
1961.708469 3285.768539
1957.522015 3314.656035
1929.145068 3307.452243
1982.032065 3290.833114
2010.844659 3298.013119
2006.657383 3327.129574
1977.845214 3319.815297
2031.480961 3303.155619
2060.738589 3310.446525
2056.550963 3339.795594
2027.293481 3332.368269
2081.694871 3315.668763
2111.407923 3323.073160
2107.220443 3352.658584
2077.507245 3345.115570
2132.691684 3328.377005
2162.870879 3335.897563
2158.684063 3365.723174
2128.504417 3358.061748
2184.489857 3341.284943
2215.146249 3348.924416
2210.960641 3378.994144
2180.303475 3371.211494
1926.078743 3328.517264
1954.455168 3335.817985
1950.259556 3364.768676
1921.883863 3357.335211
1974.778066 3341.046685
2003.589908 3348.459431
1999.393402 3377.640069
1970.582025 3370.092470
2024.225847 3353.768670
2053.483206 3361.296038
2049.286279 3390.710302
2020.029106 3383.045921
2074.439476 3366.687692
2104.152767 3374.332364
2099.955913 3403.984020
2070.242517 3396.200123
2125.436884 3379.808366
2155.616846 3387.573104
2151.420585 3417.466010
2121.240211 3409.559781
2177.236565 3393.135450
2207.894281 3401.023105
2203.699154 3431.161214
2173.040707 3423.129746
1918.810856 3378.446135
1947.185996 3385.976945
1942.981195 3414.991038
1914.606830 3407.326914
1967.508142 3391.370478
1996.319161 3399.016970
1992.113394 3428.262006
1963.302884 3420.480076
2016.954685 3404.493673
2046.211703 3412.258535
2042.005442 3441.738214
2012.748653 3433.835741
2067.167908 3417.820347
2096.881365 3425.706348
2092.675104 3455.424461
2062.961586 3447.398622
2118.165785 3431.355269
2148.346443 3439.365267
2144.140702 3469.325697
2113.959676 3461.173580
2169.966851 3445.103359
2200.625817 3453.240300
2196.421140 3483.447026
2165.761484 3475.165628
