4368 2912
3445.552334 1361.886242
3627.308519 1371.934169
3374.006408 1503.916622
3545.162583 1516.537601
3449.733307 1374.254139
3467.682925 1375.271789
3456.986369 1396.054869
3439.187053 1394.998732
3477.731205 1375.841474
3495.805391 1376.866187
3484.872230 1397.709500
3466.950266 1396.646085
3505.923526 1377.439833
3524.123583 1378.471680
3512.950786 1399.375564
3494.904903 1398.304797
3534.312305 1379.049329
3552.639550 1380.088388
3541.224041 1401.053182
3523.052948 1399.974985
3562.899599 1380.670080
3581.355371 1381.716426
3569.694026 1402.742472
3551.396418 1401.656769
3591.687500 1382.302203
3610.273155 1383.355914
3598.362803 1404.443558
3579.937352 1403.350268
3433.169444 1406.835431
3450.883150 1407.913236
3440.422314 1428.238322
3422.855093 1427.123868
3460.798985 1408.516574
3478.634250 1409.601777
3467.942840 1429.984207
3450.255914 1428.862159
3488.618248 1410.209262
3506.576327 1411.301937
3495.651423 1431.742022
3477.843562 1430.612303
3516.629194 1411.913613
3534.711361 1413.013838
3523.549996 1433.511891
3505.619957 1432.374420
3544.833812 1413.629748
3563.041356 1414.737601
3551.640521 1435.293937
3533.587041 1434.148635
3573.234117 1415.357790
3591.568347 1416.473352
3579.924984 1437.088286
3561.746785 1435.935072
3416.969082 1438.701713
3434.452853 1439.836801
3424.220029 1459.718865
3406.879069 1458.548877
3444.239606 1440.472180
3461.842034 1441.614972
3451.384445 1461.551639
3433.926615 1460.373765
3471.695319 1442.254671
3489.417614 1443.405245
3478.732443 1463.396797
3461.156559 1462.210959
3499.338113 1444.049307
3517.181505 1445.207742
3506.265891 1465.254469
3488.570751 1464.060585
3527.169906 1445.856213
3545.135641 1447.022591
3533.986681 1467.124780
3516.171067 1465.922767
3555.192646 1447.675515
3573.281985 1448.849919
3561.896731 1469.007860
3543.959410 1467.797636
3401.120384 1469.876270
3418.379976 1471.065909
3408.367790 1490.519281
3391.247467 1489.296402
3428.040889 1471.731799
3445.416336 1472.929424
3435.184981 1492.434792
3417.950528 1491.203761
3455.142206 1473.599792
3472.634680 1474.805484
3462.181437 1494.363108
3444.831708 1493.123843
3482.426166 1475.480374
3500.036852 1476.694213
3489.358961 1496.304357
3471.892795 1495.056776
3509.894621 1477.373673
3527.624721 1478.595743
3516.719382 1498.258671
3499.135604 1497.002689
3537.549446 1479.279817
3555.400182 1480.510201
3544.264550 1500.226180
3526.561968 1498.961711
