4368 2912
2063.344519 2122.925314
2829.828972 2058.816051
2106.720480 2691.295052
2904.399609 2606.682017
2107.312575 2161.981336
2190.390676 2154.894398
2197.438492 2235.909164
2113.874001 2243.300947
2231.435898 2151.393055
2313.723544 2144.373547
2321.487390 2224.936290
2238.722809 2232.257316
2354.379165 2140.905439
2435.887586 2133.952402
2444.353561 2214.068037
2362.377462 2221.319317
2476.159125 2130.517057
2556.899336 2123.629553
2566.053841 2203.302913
2484.855008 2210.485439
2596.792214 2120.226510
2676.775023 2113.403614
2686.604746 2192.639458
2606.172177 2199.754204
2716.294554 2110.032420
2795.530570 2103.273228
2806.022482 2182.076239
2726.345382 2189.124159
2117.283225 2285.553467
2201.100329 2278.002037
2208.280003 2360.532505
2123.967808 2368.399448
2242.508818 2274.271376
2325.521076 2266.792457
2333.429471 2348.855148
2249.931841 2356.646085
2366.532896 2263.097533
2448.751844 2255.690087
2457.374683 2337.290156
2374.679869 2345.006186
2489.372669 2252.030388
2570.809626 2244.693396
2580.132938 2325.835917
2498.229418 2333.478112
2611.045019 2241.068422
2691.711088 2233.800883
2701.721204 2314.490846
2620.597673 2322.060262
2731.566511 2230.210142
2811.472587 2223.011073
2822.156128 2303.253390
2741.801498 2310.751062
2127.441324 2411.448782
2212.010670 2403.416588
2219.325937 2487.505697
2134.252566 2495.864512
2253.788899 2399.448593
2337.538609 2391.494247
2345.595629 2475.099170
2261.351882 2483.376472
2378.912907 2387.564616
2461.854840 2379.686992
2470.638942 2462.813140
2387.212742 2471.010114
2502.831038 2375.795171
2584.976825 2367.993162
2594.473656 2450.645859
2511.853158 2458.763670
2625.560641 2364.138609
2706.921688 2356.411133
2717.117209 2438.595616
2635.290798 2446.635404
2747.118732 2352.593314
2827.706233 2344.939308
2838.586704 2426.660728
2757.542987 2434.623613
2137.792211 2539.733414
2223.127394 2531.203509
2230.582130 2616.895832
2144.733745 2625.763938
2265.282008 2526.989833
2349.782355 2518.543377
2357.992230 2603.734418
2272.988948 2612.515224
2391.525577 2514.370822
2475.203279 2506.006595
2484.153212 2590.702036
2399.982615 2599.396826
2516.541102 2501.874564
2599.408115 2493.591372
2609.083356 2577.796800
2525.733268 2586.406832
2640.346415 2489.499276
2722.414463 2481.295946
2732.800586 2565.016858
2650.259069 2573.543365
2762.959005 2477.243209
2844.239587 2469.118593
2855.322483 2552.360393
2773.577826 2560.804585
