4368 2912
617.301921 1439.288497
1065.081382 1295.487728
756.645859 1756.991646
1194.668618 1579.718508
656.122355 1457.278311
704.805946 1441.325314
723.611528 1483.895297
675.064684 1500.338965
731.887934 1432.450890
778.949415 1417.029439
797.543829 1458.853129
750.616790 1474.748141
805.136517 1408.448257
850.655631 1393.532220
869.042482 1434.635281
823.655509 1450.008645
875.991482 1385.229983
920.042828 1370.794914
938.225703 1411.201709
894.304209 1426.078690
944.568269 1362.758238
987.221712 1348.781245
1005.204176 1388.514925
962.678312 1402.919181
1010.975014 1340.997588
1052.296055 1327.457207
1070.081641 1366.539789
1028.885927 1380.493500
686.666383 1526.712532
735.129184 1509.967685
754.021047 1552.732981
705.696579 1569.972929
762.087294 1500.653129
808.931718 1484.467463
827.610013 1526.479823
780.901553 1543.143253
834.997054 1475.461378
880.302834 1459.807343
898.771260 1501.092763
853.599083 1517.208118
905.519021 1451.094656
949.360739 1435.946483
967.622976 1476.529638
923.912514 1492.123521
973.768607 1427.513087
1016.216101 1412.846645
1034.275798 1452.750977
991.957233 1467.848295
1039.853902 1404.679322
1080.972638 1390.471993
1098.833409 1429.719791
1057.841299 1444.343890
717.352157 1596.468974
765.591608 1578.925128
784.570347 1621.887085
736.470831 1639.930506
792.424422 1569.166501
839.049331 1552.209835
857.812076 1594.412146
811.324669 1611.850820
864.991538 1542.775107
910.081626 1526.376629
928.632172 1567.845625
883.677165 1584.709456
935.176841 1517.249937
978.806665 1501.382532
997.148784 1542.143204
953.651635 1558.460153
1003.095702 1492.549033
1045.335069 1477.187312
1063.472497 1517.263398
1021.363423 1533.059642
1068.856160 1468.633102
1109.770495 1453.753272
1127.706930 1493.167336
1086.920531 1508.467410
748.180663 1666.549885
796.194177 1648.199818
815.260394 1691.359796
767.388435 1710.213958
822.900262 1637.993140
869.303173 1620.258622
888.150942 1662.652173
841.887088 1680.872989
895.120875 1610.391472
939.992885 1593.242041
958.626100 1634.895840
913.890663 1652.514696
964.965807 1583.697753
1008.381446 1567.104927
1026.803972 1608.044284
983.522442 1625.090525
1032.550382 1557.867911
1074.579419 1541.805023
1092.795082 1582.053974
1050.897715 1598.555068
1097.982579 1532.860676
1138.690398 1517.302739
1156.702979 1556.884128
1116.124421 1572.865815
