2912 4368
2318.833263 3018.683759
2751.106055 3077.612984
2237.678349 3320.668763
2680.598033 3403.322995
2338.117889 3050.487356
2375.591648 3055.752774
2365.908164 3092.938165
2328.329335 3087.429181
2402.472159 3059.529740
2440.717362 3064.903554
2431.221092 3102.512916
2392.865237 3096.890021
2468.154103 3068.758676
2507.194821 3074.244267
2497.895689 3112.287285
2458.738456 3106.546910
2535.205236 3078.179995
2575.066550 3083.780888
2565.974985 3122.267580
2525.990996 3116.406004
2603.668823 3087.799778
2644.376878 3093.519645
2635.503846 3132.460379
2594.666636 3126.473722
2673.589967 3097.624361
2715.172035 3103.467036
2706.529066 3142.872541
2664.811030 3136.756756
2320.838520 3115.699378
2358.497418 3121.396050
2348.663844 3159.157801
2310.899156 3153.210356
2385.512845 3125.482682
2423.953045 3131.297543
2414.308054 3169.495906
2375.756380 3163.424521
2451.531876 3135.469400
2490.777948 3141.406165
2481.331650 3180.051247
2441.968130 3173.852007
2518.937993 3145.665944
2559.015548 3151.728487
2549.778571 3190.830742
2509.577290 3184.499566
2587.775376 3156.078995
2628.711119 3162.271357
2619.694644 3201.841610
2578.628568 3195.374240
2658.090099 3166.715524
2699.911894 3173.041919
2691.127683 3213.091381
2649.168603 3206.483374
2303.292486 3181.917787
2341.137788 3188.058486
2331.150607 3226.410099
2293.198801 3220.011173
2368.289091 3192.463999
2406.925735 3198.733100
2397.128501 3237.534409
2358.379564 3231.001082
2434.647750 3203.231215
2474.100818 3209.632787
2464.503831 3248.894337
2424.932383 3242.222328
2502.411730 3214.226456
2542.707377 3220.764743
2533.321471 3260.497447
2492.901043 3253.682295
2571.626153 3225.457042
2612.791660 3232.136471
2603.628236 3272.351634
2562.331210 3265.388682
2642.338089 3236.930612
2684.401931 3243.755802
2675.472988 3284.465135
2633.270535 3277.349522
2285.473567 3249.166061
2323.506529 3255.764001
2313.362114 3294.719407
2275.221937 3287.855525
2350.794665 3260.497933
2389.629194 3267.234928
2379.676084 3306.653574
2340.728445 3299.644378
2417.495486 3272.069159
2457.157191 3278.949652
2447.405882 3318.842540
2407.624865 3311.683365
2485.620212 3283.887403
2526.135806 3290.916028
2516.597341 3331.294554
2475.955908 3323.980534
2555.214929 3295.960660
2596.612288 3303.142254
2587.298293 3344.018222
2545.768224 3336.544280
2626.327735 3308.297275
2668.635961 3315.636885
2659.558679 3357.022534
2617.110507 3349.383365
