4368 2912
884.600155 2154.083738
1585.384833 2216.045684
751.050863 2670.446502
1500.775781 2733.932787
915.132894 2200.530136
984.080074 2206.605882
967.811816 2273.751054
898.245393 2267.654327
1025.993368 2210.299355
1094.833032 2216.365626
1079.558238 2283.544392
1010.101258 2277.457256
1136.680992 2220.053342
1205.413392 2226.110160
1191.128974 2293.322333
1121.781177 2287.244765
1247.196171 2229.792133
1315.821557 2235.839521
1302.524436 2303.084913
1233.285565 2297.016892
1357.539308 2239.515763
1426.057930 2245.553742
1413.745037 2312.832169
1344.614837 2306.773672
1467.710802 2249.224266
1536.122909 2255.252861
1524.791191 2322.564136
1455.769405 2316.515140
887.484081 2310.428233
957.445180 2316.538029
940.699294 2385.654549
870.100525 2379.524137
999.974358 2320.252159
1069.824778 2326.352289
1054.101883 2395.501811
983.615804 2389.381184
1112.286702 2330.060546
1182.026707 2336.151034
1167.323576 2405.333365
1096.949918 2399.222500
1224.421536 2339.853431
1294.051387 2345.934299
1280.364805 2415.149249
1210.103298 2409.048122
1336.379280 2349.630851
1405.899238 2355.702122
1393.226001 2424.949499
1323.076378 2418.858088
1448.160353 2359.392841
1517.570677 2365.454537
1505.907593 2434.734154
1435.869587 2428.652436
859.020774 2423.563768
930.026052 2429.707001
912.781191 2500.882977
841.118980 2494.719557
973.189480 2433.441412
1044.080777 2439.574783
1027.889769 2510.783071
956.343643 2504.629634
1087.174945 2443.303203
1157.952533 2449.426736
1142.812006 2520.667138
1071.381683 2514.523662
1200.977607 2453.149177
1271.641761 2459.262896
1257.548353 2530.535218
1186.233553 2524.401676
1314.597907 2462.979374
1385.148898 2469.083303
1372.099262 2540.387348
1300.899705 2534.263718
1428.036281 2472.793832
1498.474382 2478.887993
1486.465181 2550.223568
1415.380587 2544.109827
829.706444 2540.081937
901.787537 2546.257889
884.021061 2619.586764
811.262886 2613.391117
945.604417 2550.012147
1017.568073 2556.178037
1000.887732 2629.538423
928.249193 2623.352963
1061.313595 2559.926180
1133.160103 2566.082033
1117.562367 2639.473730
1045.043170 2633.298433
1176.834441 2569.824077
1248.564084 2575.969916
1234.045438 2649.392724
1161.645290 2643.227565
1292.167411 2579.705876
1363.780476 2585.841728
1350.337419 2659.295447
1278.056025 2653.140400
1407.312965 2589.571619
1478.809735 2595.697506
1466.438778 2669.181937
1394.275846 2663.036978
