4368 2912
3242.452769 434.848476
3702.198521 443.503828
3245.256116 718.696135
3722.134281 725.098306
3267.773160 457.340315
3315.635266 458.221834
3316.454468 498.072943
3268.344688 497.222821
3340.888131 458.686939
3388.619185 459.566044
3389.815198 499.369260
3341.837829 498.521478
3413.802952 460.029876
3461.403494 460.906577
3462.974249 500.662014
3415.128745 499.816562
3486.518446 461.369142
3533.989009 462.243451
3535.932451 501.951218
3488.218270 501.108087
3559.035429 462.704752
3606.376544 463.576676
3608.690631 503.236888
3561.107232 502.396068
3631.354712 464.036722
3678.566909 464.906271
3681.249610 504.519039
3633.796457 503.680520
3268.659888 519.218158
3316.906257 520.050805
3317.738728 560.547413
3269.240682 559.747261
3342.361586 520.490120
3390.474791 521.320468
3391.690150 561.767512
3343.326660 560.969580
3415.859908 521.758571
3463.840501 522.586630
3465.436627 562.984229
3417.207136 562.188508
3489.155698 523.023526
3537.004223 523.849307
3538.979014 564.197578
3490.882965 563.404059
3562.249789 524.285000
3609.966793 525.108512
3612.318155 565.407575
3564.354995 564.616248
3635.143013 525.543009
3682.729037 526.364259
3685.454891 566.614232
3637.624070 565.825089
3269.561012 582.100647
3318.197866 582.882713
3319.043931 624.040633
3270.151299 623.292199
3343.858930 583.295336
3392.360455 584.075226
3393.595633 625.181845
3344.839757 624.435507
3417.950169 584.486701
3466.316928 585.264424
3467.939048 626.319871
3419.319355 625.575615
3491.835588 585.674756
3540.068144 586.450321
3542.075048 627.454720
3493.590969 626.712541
3565.516046 586.859516
3613.614956 587.632932
3616.004502 628.586408
3567.655469 627.846296
3638.992394 588.040993
3686.958212 588.812269
3689.728270 629.714948
3641.513721 628.976895
3270.476887 646.012450
3319.510597 646.742162
3320.370593 688.577723
3271.076902 687.882827
3345.380750 647.127157
3394.276913 647.854822
3395.532399 689.637284
3346.377717 688.944347
3420.074548 648.238738
3468.833742 648.964364
3470.482493 690.693859
3421.466234 690.002874
3494.559161 649.347206
3543.181962 650.070803
3545.221768 691.747464
3496.343348 691.058421
3568.835469 650.452574
3617.322446 651.174149
3619.751114 692.798108
3571.009951 692.111001
3642.904344 651.554855
3691.256068 652.274417
3694.071412 693.845806
3645.466930 693.160626
