446.600154 1492.112645
2095.820338 1427.971793
537.300194 2643.215519
2303.151898 2442.858845
562.516268 1585.685626
734.600843 1577.946457
748.897143 1719.155545
575.141225 1728.577598
843.636266 1573.042801
1009.575460 1565.580009
1026.457210 1704.104630
858.970309 1713.186740
1114.751596 1560.849916
1274.868821 1553.648956
1294.145708 1689.589009
1132.594566 1698.349248
1376.387001 1549.083373
1530.983363 1542.130702
1552.480066 1675.580624
1396.554637 1684.035804
1629.031154 1537.721193
1778.387351 1531.004189
1801.942172 1662.053343
1651.353632 1670.219126
1873.139710 1526.742886
2017.517728 1520.249765
2042.981375 1648.982801
1897.460338 1656.873795
583.693259 1825.371351
758.579411 1814.790375
773.388136 1961.060847
596.775975 1973.444331
869.354092 1808.088276
1037.886873 1797.891692
1055.362534 1941.289696
885.233726 1953.218589
1144.673554 1791.430876
1307.192996 1781.598111
1327.135748 1922.233821
1163.139733 1933.732701
1410.203221 1775.365778
1567.025517 1765.877703
1589.251525 1903.855094
1431.062566 1914.946802
1666.456131 1759.861943
1817.875688 1750.700745
1842.215642 1886.118053
1689.530672 1896.823839
1913.910087 1744.890464
2060.201369 1736.039537
2086.499166 1868.989667
1939.035844 1879.329327
605.640922 2073.779698
783.420580 2060.154470
798.769783 2211.763411
619.206752 2227.320665
895.990278 2051.527006
1067.197862 2038.405470
1085.299335 2186.938630
912.445149 2201.914632
1175.644317 2030.094015
1340.637636 2017.448747
1361.281358 2163.027682
1194.766935 2177.454410
1445.183311 2009.436252
1604.294665 1997.241784
1627.287730 2139.981019
1466.770571 2153.888147
1705.146301 1989.512404
1858.684711 1977.745053
1883.849720 2117.752613
1729.011561 2131.167716
1956.034695 1970.284044
2104.287910 1958.921755
2131.461528 2096.299646
1982.006234 2109.248380
628.402105 2331.395639
809.171749 2314.506919
825.091568 2471.752014
642.478312 2490.713165
923.594909 2303.816735
1097.562313 2287.563527
1116.323827 2441.512706
940.656848 2459.752608
1207.720013 2277.271851
1375.262026 2261.618946
1396.644337 2412.406389
1227.534705 2429.965427
1481.388408 2251.703903
1642.854546 2236.618647
1666.655076 2384.370559
1503.742362 2401.286157
1745.166923 2227.059935
1900.881805 2212.512000
1926.914540 2357.347226
1769.864255 2373.654115
1999.582146 2203.290748
2149.847672 2189.251929
2177.941601 2331.282515
2026.442904 2347.012970
