4368 2912
3159.935921 1386.716651
4290.479394 1523.699691
3041.406536 2125.158350
4148.558672 2276.604979
3209.373343 1450.303858
3326.393111 1464.617414
3308.076710 1575.384062
3191.407816 1560.846615
3384.691386 1471.748310
3502.545626 1486.163936
3483.698303 1597.267269
3366.199640 1582.626429
3561.260370 1493.345772
3679.958039 1507.864565
3660.572662 1619.306575
3542.235348 1604.561237
3739.093731 1515.097891
3858.643916 1529.720961
3838.713242 1641.503660
3719.528265 1626.652697
3918.205099 1537.006331
4038.617018 1551.734807
4018.133689 1663.860220
3898.091908 1648.902497
4098.608301 1559.072786
4219.891304 1573.907812
4198.847844 1686.377982
4077.939987 1671.312342
3182.196089 1617.526817
3298.685163 1632.178527
3280.514305 1742.065014
3164.372981 1727.193258
3356.718231 1639.477784
3474.034667 1654.233556
3455.337635 1764.450930
3338.373593 1749.473826
3532.480647 1661.584748
3650.633292 1676.445697
3631.403047 1786.995893
3513.607513 1771.912318
3709.496606 1683.849380
3828.494432 1698.816634
3808.723822 1809.701605
3690.087898 1794.510417
3887.779567 1706.273373
4007.631674 1721.348076
3987.313435 1832.569789
3867.828096 1817.269836
4067.343180 1728.858442
4188.058802 1744.041756
4167.185555 1855.602196
4046.841646 1840.192304
3155.234135 1783.425022
3271.197236 1798.409082
3253.170194 1907.425856
3137.551760 1892.225524
3328.967463 1805.873804
3445.750908 1820.963863
3427.202378 1930.305832
3310.768185 1914.998253
3503.930534 1828.481486
3621.543057 1843.678673
3602.466089 1953.347717
3485.207475 1937.931751
3680.136451 1851.249761
3798.586913 1866.555221
3778.974446 1976.553235
3660.882623 1961.027727
3857.598505 1874.180346
3976.895894 1889.595242
3956.740756 1999.924136
3837.806812 1984.287914
4036.330176 1897.274984
4156.483606 1912.800491
4135.778515 2023.462193
4015.993409 2007.714070
3128.484933 1948.014153
3243.926721 1963.324862
3226.041794 2071.482210
3110.941632 2055.958932
3301.436440 1970.952209
3417.691641 1986.370800
3399.289850 2094.847754
3283.380803 2079.215383
3475.607292 1994.051984
3592.684533 2009.579600
3573.759015 2118.377985
3457.032526 2102.635368
3651.010431 2017.315194
3768.918460 2032.952994
3749.462246 2142.074652
3631.909637 2126.220618
3827.658979 2040.743579
3946.406673 2056.492741
3926.412681 2165.939526
3808.025151 2149.972888
4005.566248 2064.338904
4125.162608 2080.200623
4104.623649 2189.974405
3985.392271 2173.893960
