4368 2912
3113.522642 1111.258803
3798.987300 1117.521548
2995.945054 1537.924411
3680.724757 1549.658462
3144.883716 1149.248943
3209.411775 1149.880258
3193.824881 1206.507348
3129.305410 1205.808148
3251.134290 1150.288452
3315.917404 1150.922262
3300.316386 1207.661403
3235.541856 1206.959437
3357.804995 1151.332071
3422.844676 1151.968391
3407.229545 1208.820025
3342.198439 1208.115280
3464.898325 1152.379826
3530.196103 1153.018670
3514.566867 1209.983245
3449.277660 1209.275703
3572.416797 1153.431738
3637.974210 1154.073124
3622.330884 1211.151089
3556.782034 1210.440733
3680.362948 1154.487836
3746.181548 1155.131776
3730.524142 1212.323584
3664.714098 1211.610397
3118.935381 1243.457979
3183.449131 1244.202381
3167.854122 1300.858953
3103.348976 1300.046593
3225.162415 1244.683697
3289.931230 1245.431042
3274.322072 1302.199780
3209.561857 1301.384209
3331.809595 1245.914262
3396.834989 1246.664569
3381.211694 1303.545918
3316.194894 1302.727114
3438.879419 1247.149705
3504.162918 1247.902989
3488.525498 1304.897397
3423.250583 1304.075343
3546.374402 1248.390054
3611.917549 1249.146334
3596.266014 1306.254251
3530.731445 1305.428927
3654.297084 1249.635337
3720.101428 1250.394631
3704.435790 1307.616511
3638.640016 1306.787897
3092.973553 1337.716004
3157.472970 1338.573612
3141.869840 1395.259687
3077.379041 1394.334051
3199.177008 1339.128124
3263.931499 1339.989124
3248.314198 1396.787483
3183.568320 1395.858185
3305.800625 1340.545832
3370.811704 1341.410244
3355.180243 1398.321331
3290.177769 1397.388350
3412.846902 1341.969159
3478.116100 1342.837004
3462.470488 1399.861267
3397.209890 1398.924582
3520.318357 1343.398140
3585.847213 1344.269437
3570.187463 1401.407329
3504.667200 1400.466917
3628.217530 1344.832808
3694.007595 1345.707577
3678.333718 1402.959552
3612.552237 1402.015391
3066.998222 1432.023057
3131.483281 1432.993988
3115.872024 1489.709591
3051.395596 1488.670560
3173.178058 1433.621775
3237.918201 1434.596547
3222.292750 1491.424549
3157.561233 1490.381408
3279.778072 1435.226819
3344.774815 1436.205456
3329.135180 1493.146303
3264.147057 1492.099027
3386.800764 1436.838228
3452.055636 1437.820751
3436.401826 1494.874895
3371.155568 1493.823458
3494.248653 1438.456038
3559.763192 1439.442471
3544.095221 1496.610362
3478.589287 1495.554741
3602.124275 1440.080289
3667.900038 1441.070655
3652.217915 1498.352748
3586.450752 1497.292917
