4368 2912
1679.961015 1186.354666
2441.444783 1142.120515
1680.460023 1680.000721
2472.468581 1627.778332
1729.721232 1228.443934
1799.999208 1224.315257
1800.694799 1285.095718
1730.066449 1289.313524
1849.854987 1221.386339
1919.864240 1217.273450
1921.155598 1277.902002
1850.798656 1282.103600
1969.529564 1214.355721
2039.271631 1210.258528
2041.154195 1270.735889
1971.067101 1274.921372
2088.747591 1207.351923
2158.223997 1203.270338
2160.693245 1263.597218
2090.874450 1267.766679
2207.511674 1200.374794
2276.723936 1196.308726
2279.775384 1256.485833
2210.223350 1260.639363
2325.824403 1193.424182
2394.774024 1189.373543
2398.403228 1249.401579
2329.116428 1253.539270
1730.321261 1334.242581
1801.208224 1329.958551
1801.915967 1391.800808
1730.672516 1396.176736
1851.495186 1326.919475
1922.108749 1322.651967
1923.422623 1384.337605
1852.455327 1388.696571
1972.201950 1319.624601
2042.543693 1315.373521
2044.459017 1376.903287
1973.766272 1381.245389
2092.444250 1312.357798
2162.515739 1308.123050
2165.027873 1369.497686
2094.608089 1373.823022
2212.224760 1305.118901
2282.027550 1300.900392
2285.131893 1362.120637
2214.983495 1366.429304
2331.546136 1297.907754
2401.081769 1293.705390
2404.773763 1354.771973
2334.895182 1359.064067
1730.931804 1441.895018
1802.438399 1437.450803
1803.158615 1500.382926
1731.289257 1504.921912
1853.164068 1434.298145
1924.392466 1429.871219
1925.729449 1492.641833
1854.141116 1497.163071
1974.920978 1426.730816
2045.872800 1422.321080
2047.821747 1484.930963
1976.512793 1489.434556
2096.205303 1419.192858
2166.882156 1414.800212
2169.438304 1477.250139
2098.407097 1481.736191
2217.019788 1411.684101
2287.423267 1407.308446
2290.581894 1469.599186
2219.826816 1474.067799
2337.367157 1404.204377
2407.498847 1399.845613
2411.255273 1461.977929
2340.774715 1466.429204
1731.553140 1551.450398
1803.690295 1546.840981
1804.423316 1610.892036
1731.916955 1615.599208
1854.862393 1543.571188
1926.716427 1538.979863
1928.077135 1602.864330
1855.856799 1607.552933
1977.687882 1535.722891
2049.260458 1531.149549
2051.243919 1594.868242
1979.307921 1599.538385
2100.032449 1527.905322
2171.325217 1523.349860
2173.926544 1586.903586
2102.273205 1591.555379
2221.898913 1520.118304
2292.913512 1515.580616
2296.127856 1578.970177
2224.755515 1583.603727
2343.290071 1512.361656
2414.028123 1507.841639
2417.850684 1571.067832
2346.757690 1575.683247
