4368 2912
3611.505186 761.035838
4113.196170 750.743489
3668.779191 1054.837009
4202.590293 1027.429490
3646.498384 784.459658
3698.163329 783.274268
3706.426394 821.272886
3654.313069 822.675653
3728.716141 782.573270
3779.508568 781.407899
3788.466825 819.064552
3737.241861 820.443407
3809.547576 780.718690
3859.489402 779.572834
3869.118347 816.893604
3818.759221 818.249152
3889.027458 778.895119
3938.139873 777.768294
3948.415935 814.759101
3898.900879 816.091928
3967.189406 777.101786
4015.492901 775.993520
4026.393398 812.660131
3977.701366 813.970806
4044.065929 775.337946
4091.580328 774.247786
4103.083429 810.595818
4055.194071 811.884886
3659.201835 846.583094
3711.595233 845.042368
3720.116571 884.228687
3667.262127 886.000182
3742.574739 844.131357
3794.069801 842.617048
3803.305627 881.440481
3751.366073 883.181313
3824.520402 841.721591
3875.140035 840.233025
3885.064758 878.700201
3834.016543 880.411158
3905.075162 839.352726
3954.841501 837.889254
3965.430522 876.006622
3915.250897 877.688467
3984.274133 837.023732
4033.208574 835.584724
4044.438234 873.358560
3995.105218 875.012030
4062.151257 834.733609
4110.274487 833.318455
4122.122030 870.754871
4073.614376 872.380677
3672.305757 910.664952
3725.448241 908.746958
3734.240154 949.177547
3680.623422 951.340661
3756.866395 907.613028
3809.083561 905.728430
3818.610060 945.773723
3765.935950 947.898810
3839.957037 904.614159
3891.272846 902.762092
3901.507190 942.429319
3849.751061 944.517370
3921.615687 901.666973
3972.053277 899.846602
3982.969775 939.142790
3932.107837 941.194765
4001.879045 898.770144
4051.460771 896.980663
4063.034731 935.912647
4013.044010 937.929474
4080.782571 895.922395
4129.530033 894.163023
4141.737723 932.737450
4092.596024 934.720025
3685.829394 976.799323
3739.742469 974.480555
3748.818053 1016.215631
3694.416956 1018.794914
3771.611728 973.109877
3824.571279 970.832120
3834.402390 1012.157878
3780.972925 1014.691094
3855.879370 969.485578
3907.910470 967.247753
3918.469150 1008.172077
3865.985515 1010.660448
3938.672087 965.924715
3989.798939 963.725780
4001.058342 1004.256330
3949.495644 1006.701038
4020.028267 962.425636
4070.274241 960.264587
4082.208583 1000.408808
4031.542791 1002.810991
4099.984974 958.986748
4149.372640 956.862614
4161.957154 996.627742
4112.165069 998.988501
